Question	Answer	Source	Metadata
選手	姜波 (サッカー選手)ですね	Editional	
クラブ	姜波 (サッカー選手)ですね	Editional	
シーズン	姜波 (サッカー選手)ですね	Editional	
リーグ	姜波 (サッカー選手)ですね	Editional	
キーパー	姜波 (サッカー選手)ですね	Editional	
真鍋	真鍋小学校のサクラですね	Editional	
小学校	真鍋小学校のサクラですね	Editional	
サクラ	真鍋小学校のサクラですね	Editional	
昭和	真鍋小学校のサクラですね	Editional	
校庭	真鍋小学校のサクラですね	Editional	
経済	田村秀夫ですね	Editional	
教授	田村秀夫ですね	Editional	
田村	田村秀夫ですね	Editional	
秀夫	田村秀夫ですね	Editional	
中央大学	田村秀夫ですね	Editional	
長野	小山邦太郎ですね	Editional	
議員	小山邦太郎ですね	Editional	
小諸	小山邦太郎ですね	Editional	
小山	小山邦太郎ですね	Editional	
邦太郎	小山邦太郎ですね	Editional	
郡	キング郡 (テキサス州)ですね	Editional	
キング	キング郡 (テキサス州)ですね	Editional	
テキサス	キング郡 (テキサス州)ですね	Editional	
人口	キング郡 (テキサス州)ですね	Editional	
牧場	キング郡 (テキサス州)ですね	Editional	
楽曲	富永聡ですね	Editional	
富永	富永聡ですね	Editional	
聡	富永聡ですね	Editional	
月	富永聡ですね	Editional	
株式会社	富永聡ですね	Editional	
郡	ベイラー郡 (テキサス州)ですね	Editional	
ベイラー	ベイラー郡 (テキサス州)ですね	Editional	
学区	ベイラー郡 (テキサス州)ですね	Editional	
国勢調査	ベイラー郡 (テキサス州)ですね	Editional	
人口	ベイラー郡 (テキサス州)ですね	Editional	
奈多	奈多宮ですね	Editional	
宇佐	奈多宮ですね	Editional	
宮	奈多宮ですね	Editional	
神宮	奈多宮ですね	Editional	
大友	奈多宮ですね	Editional	
上智大学	長谷川輝夫ですね	Editional	
教授	長谷川輝夫ですね	Editional	
博士	長谷川輝夫ですね	Editional	
非常勤	長谷川輝夫ですね	Editional	
講師	長谷川輝夫ですね	Editional	
猪	猪早太ですね	Editional	
太	猪早太ですね	Editional	
頼政	猪早太ですね	Editional	
鵺	猪早太ですね	Editional	
名	猪早太ですね	Editional	
石井	石井栞ですね	Editional	
月	石井栞ですね	Editional	
しおり	石井栞ですね	Editional	
アナウンサー	石井栞ですね	Editional	
栞	石井栞ですね	Editional	
番組	早見優のアメリカンキッズですね	Editional	
早見	早見優のアメリカンキッズですね	Editional	
テレビ	早見優のアメリカンキッズですね	Editional	
優	早見優のアメリカンキッズですね	Editional	
中京	早見優のアメリカンキッズですね	Editional	
脳	アレン脳科学研究所ですね	Editional	
アレン	アレン脳科学研究所ですね	Editional	
研究所	アレン脳科学研究所ですね	Editional	
地図	アレン脳科学研究所ですね	Editional	
科学	アレン脳科学研究所ですね	Editional	
月	キム・ヒョナですね	Editional	
歌手	キム・ヒョナですね	Editional	
メンバー	キム・ヒョナですね	Editional	
ソロ	キム・ヒョナですね	Editional	
アルバム	キム・ヒョナですね	Editional	
早見	早見優のアメリカン・キッズ (アルバム)ですね	Editional	
優	早見優のアメリカン・キッズ (アルバム)ですね	Editional	
アルバム	早見優のアメリカン・キッズ (アルバム)ですね	Editional	
ゆう	早見優のアメリカン・キッズ (アルバム)ですね	Editional	
テレビ	早見優のアメリカン・キッズ (アルバム)ですね	Editional	
真田	真田宝物館ですね	Editional	
長野	真田宝物館ですね	Editional	
宝物	真田宝物館ですね	Editional	
松代	真田宝物館ですね	Editional	
学校	真田宝物館ですね	Editional	
西中	西中光ですね	Editional	
光	西中光ですね	Editional	
にし	西中光ですね	Editional	
日本	西中光ですね	Editional	
女性	西中光ですね	Editional	
花井	花井潤ですね	Editional	
潤	花井潤ですね	Editional	
東京	花井潤ですね	Editional	
じゅん	花井潤ですね	Editional	
昭和	花井潤ですね	Editional	
大学	アン・スパーンですね	Editional	
国際	アン・スパーンですね	Editional	
コミュニティ	アン・スパーンですね	Editional	
プロジェクト	アン・スパーンですね	Editional	
写真	アン・スパーンですね	Editional	
竜一	磯崎竜一ですね	Editional	
磯崎	磯崎竜一ですね	Editional	
りゅう	磯崎竜一ですね	Editional	
いち	磯崎竜一ですね	Editional	
月	磯崎竜一ですね	Editional	
霜月	霜月優ですね	Editional	
優	霜月優ですね	Editional	
月	霜月優ですね	Editional	
日本	霜月優ですね	Editional	
女性	霜月優ですね	Editional	
日本	茂木友三郎ですね	Editional	
会長	茂木友三郎ですね	Editional	
茂木	茂木友三郎ですね	Editional	
理事	茂木友三郎ですね	Editional	
友三郎	茂木友三郎ですね	Editional	
望遠鏡	シュミットニュートン式望遠鏡ですね	Editional	
ニュートン	シュミットニュートン式望遠鏡ですね	Editional	
シュミット	シュミットニュートン式望遠鏡ですね	Editional	
鏡	シュミットニュートン式望遠鏡ですね	Editional	
収差	シュミットニュートン式望遠鏡ですね	Editional	
月	三根梓ですね	Editional	
女優	三根梓ですね	Editional	
佐賀	三根梓ですね	Editional	
嬉野	三根梓ですね	Editional	
モデル	三根梓ですね	Editional	
篠沢	ケリー篠沢ですね	Editional	
ケリー	ケリー篠沢ですね	Editional	
漫画	ケリー篠沢ですね	Editional	
こ	ケリー篠沢ですね	Editional	
名義	ケリー篠沢ですね	Editional	
北條	北條知佳ですね	Editional	
知佳	北條知佳ですね	Editional	
ほうじょう	北條知佳ですね	Editional	
ちか	北條知佳ですね	Editional	
日本	北條知佳ですね	Editional	
教会	堀貞一ですね	Editional	
同志社	堀貞一ですね	Editional	
明治	堀貞一ですね	Editional	
月	堀貞一ですね	Editional	
日本	堀貞一ですね	Editional	
菊池	菊池日出夫ですね	Editional	
日出夫	菊池日出夫ですね	Editional	
ひで	菊池日出夫ですね	Editional	
月	菊池日出夫ですね	Editional	
日本	菊池日出夫ですね	Editional	
地図	フラ・マウロの世界図ですね	Editional	
フラ	フラ・マウロの世界図ですね	Editional	
マウロ	フラ・マウロの世界図ですね	Editional	
世界	フラ・マウロの世界図ですね	Editional	
情報	フラ・マウロの世界図ですね	Editional	
古墳	姉崎天神山古墳ですね	Editional	
姉崎	姉崎天神山古墳ですね	Editional	
天神山	姉崎天神山古墳ですね	Editional	
千葉	姉崎天神山古墳ですね	Editional	
前方後円墳	姉崎天神山古墳ですね	Editional	
イン	イン・マイ・ライフ (曖昧さ回避)ですね	Editional	
マイ	イン・マイ・ライフ (曖昧さ回避)ですね	Editional	
ライフ	イン・マイ・ライフ (曖昧さ回避)ですね	Editional	
下記	イン・マイ・ライフ (曖昧さ回避)ですね	Editional	
作品	イン・マイ・ライフ (曖昧さ回避)ですね	Editional	
マーティン	イン・マイ・ライフ (ジョージ・マーティンのアルバム)ですね	Editional	
ジョージ	イン・マイ・ライフ (ジョージ・マーティンのアルバム)ですね	Editional	
アルバム	イン・マイ・ライフ (ジョージ・マーティンのアルバム)ですね	Editional	
月	イン・マイ・ライフ (ジョージ・マーティンのアルバム)ですね	Editional	
ライブ	イン・マイ・ライフ (ジョージ・マーティンのアルバム)ですね	Editional	
科学	山本幹男ですね	Editional	
放射線	山本幹男ですね	Editional	
研究所	山本幹男ですね	Editional	
能力	山本幹男ですね	Editional	
医学	山本幹男ですね	Editional	
慶応義塾大学	斎藤慶典ですね	Editional	
哲学	斎藤慶典ですね	Editional	
文学部	斎藤慶典ですね	Editional	
斎藤	斎藤慶典ですね	Editional	
慶	斎藤慶典ですね	Editional	
郡	クレイ郡 (テキサス州)ですね	Editional	
クレイ	クレイ郡 (テキサス州)ですね	Editional	
アメリカ合衆国	クレイ郡 (テキサス州)ですね	Editional	
人口	クレイ郡 (テキサス州)ですね	Editional	
国勢調査	クレイ郡 (テキサス州)ですね	Editional	
姉	青山有紀ですね	Editional	
青山	青山有紀ですね	Editional	
有紀	青山有紀ですね	Editional	
月	青山有紀ですね	Editional	
京都	青山有紀ですね	Editional	
教授	植村雅彦ですね	Editional	
植村	植村雅彦ですね	Editional	
雅彦	植村雅彦ですね	Editional	
京都	植村雅彦ですね	Editional	
文学部	植村雅彦ですね	Editional	
日本	井上俊夫ですね	Editional	
詩人	井上俊夫ですね	Editional	
井上	井上俊夫ですね	Editional	
俊夫	井上俊夫ですね	Editional	
月	井上俊夫ですね	Editional	
腎	富野康日己ですね	Editional	
腎臓	富野康日己ですね	Editional	
臨床	富野康日己ですね	Editional	
疾患	富野康日己ですね	Editional	
富野	富野康日己ですね	Editional	
本部	寺崎啓祐ですね	Editional	
同社	寺崎啓祐ですね	Editional	
取締役	寺崎啓祐ですね	Editional	
寺崎	寺崎啓祐ですね	Editional	
啓	寺崎啓祐ですね	Editional	
劇団	岩本幸子ですね	Editional	
岩本	岩本幸子ですね	Editional	
幸子	岩本幸子ですね	Editional	
女優	岩本幸子ですね	Editional	
いわもと	岩本幸子ですね	Editional	
加賀	加賀市立山中中学校ですね	Editional	
山中	加賀市立山中中学校ですね	Editional	
中学校	加賀市立山中中学校ですね	Editional	
市立	加賀市立山中中学校ですね	Editional	
りつ	加賀市立山中中学校ですね	Editional	
東邦	武藤直美ですね	Editional	
音楽	武藤直美ですね	Editional	
大学	武藤直美ですね	Editional	
声楽	武藤直美ですね	Editional	
学校	武藤直美ですね	Editional	
大田	大田区立貝塚中学校ですね	Editional	
東京	大田区立貝塚中学校ですね	Editional	
中学校	大田区立貝塚中学校ですね	Editional	
区立	大田区立貝塚中学校ですね	Editional	
貝塚	大田区立貝塚中学校ですね	Editional	
女優	石井杏奈 (女優)ですね	Editional	
石井	石井杏奈 (女優)ですね	Editional	
杏奈	石井杏奈 (女優)ですね	Editional	
月	石井杏奈 (女優)ですね	Editional	
ダンサー	石井杏奈 (女優)ですね	Editional	
和田	和田裕ですね	Editional	
裕	和田裕ですね	Editional	
長岡造形大学	和田裕ですね	Editional	
教授	和田裕ですね	Editional	
学長	和田裕ですね	Editional	
三木	三木健ですね	Editional	
健	三木健ですね	Editional	
みき	三木健ですね	Editional	
兵庫	三木健ですね	Editional	
神戸	三木健ですね	Editional	
教授	森田安一ですね	Editional	
森田	森田安一ですね	Editional	
安一	森田安一ですね	Editional	
日本女子大学	森田安一ですね	Editional	
スイス	森田安一ですね	Editional	
教授	丸山武夫ですね	Editional	
丸山	丸山武夫ですね	Editional	
武夫	丸山武夫ですね	Editional	
月	丸山武夫ですね	Editional	
獨協大学	丸山武夫ですね	Editional	
小笠原	松本善之助ですね	Editional	
松本	松本善之助ですね	Editional	
アヤ	松本善之助ですね	Editional	
善之助	松本善之助ですね	Editional	
現代	松本善之助ですね	Editional	
郭	郭寄キョウですね	Editional	
民	郭寄キョウですね	Editional	
参謀	郭寄キョウですね	Editional	
寄	郭寄キョウですね	Editional	
長官	郭寄キョウですね	Editional	
淳一	芦川淳一ですね	Editional	
日本	芦川淳一ですね	Editional	
会員	芦川淳一ですね	Editional	
芦川	芦川淳一ですね	Editional	
小説	芦川淳一ですね	Editional	
番組	オードリーさん、ぜひ会って欲しい人がいるんです!ですね	Editional	
オードリー	オードリーさん、ぜひ会って欲しい人がいるんです!ですね	Editional	
月	オードリーさん、ぜひ会って欲しい人がいるんです!ですね	Editional	
特番	オードリーさん、ぜひ会って欲しい人がいるんです!ですね	Editional	
人	オードリーさん、ぜひ会って欲しい人がいるんです!ですね	Editional	
月	小瀧望ですね	Editional	
ジャ	小瀧望ですね	Editional	
ニーズ	小瀧望ですね	Editional	
瀧	小瀧望ですね	Editional	
望	小瀧望ですね	Editional	
情報	岸昭雄ですね	Editional	
土木	岸昭雄ですね	Editional	
都市	岸昭雄ですね	Editional	
経済	岸昭雄ですね	Editional	
博士	岸昭雄ですね	Editional	
森田	森田耕一郎ですね	Editional	
耕一郎	森田耕一郎ですね	Editional	
こういちろう	森田耕一郎ですね	Editional	
後藤	後藤泰之ですね	Editional	
泰之	後藤泰之ですね	Editional	
名古屋電気学園	後藤泰之ですね	Editional	
愛知工業大学	後藤泰之ですね	Editional	
工学部	後藤泰之ですね	Editional	
戦績	マルコ・スピットカですね	Editional	
マルコ	マルコ・スピットカですね	Editional	
東ドイツ	マルコ・スピットカですね	Editional	
階級	マルコ・スピットカですね	Editional	
世界	マルコ・スピットカですね	Editional	
児童	前田三恵子ですね	Editional	
文学	前田三恵子ですね	Editional	
前田	前田三恵子ですね	Editional	
三恵子	前田三恵子ですね	Editional	
みえ	前田三恵子ですね	Editional	
トレス	トレス・スティールですね	Editional	
スティール	トレス・スティールですね	Editional	
曲	トレス・スティールですね	Editional	
月	トレス・スティールですね	Editional	
日本	トレス・スティールですね	Editional	
支線	南本線ですね	Editional	
路線	南本線ですね	Editional	
タイ	南本線ですね	Editional	
列車	南本線ですね	Editional	
鉄道	南本線ですね	Editional	
病院	廣島総合病院ですね	Editional	
広島	廣島総合病院ですね	Editional	
廣	廣島総合病院ですね	Editional	
ひろしま	廣島総合病院ですね	Editional	
拠点	廣島総合病院ですね	Editional	
秀	関源吉ですね	Editional	
方円	関源吉ですね	Editional	
初段	関源吉ですね	Editional	
碁	関源吉ですね	Editional	
月	関源吉ですね	Editional	
夏子	永夏子ですね	Editional	
慶應義塾	永夏子ですね	Editional	
永	永夏子ですね	Editional	
月	永夏子ですね	Editional	
俳優	永夏子ですね	Editional	
熊	鬼平外伝 熊五郎の顔ですね	Editional	
郎	鬼平外伝 熊五郎の顔ですね	Editional	
時代	鬼平外伝 熊五郎の顔ですね	Editional	
劇	鬼平外伝 熊五郎の顔ですね	Editional	
盗賊	鬼平外伝 熊五郎の顔ですね	Editional	
吉田	吉田小五郎ですね	Editional	
小五郎	吉田小五郎ですね	Editional	
月	吉田小五郎ですね	Editional	
慶應義塾	吉田小五郎ですね	Editional	
大学	吉田小五郎ですね	Editional	
核	垣花秀武ですね	Editional	
物質	垣花秀武ですね	Editional	
海水	垣花秀武ですね	Editional	
日本	垣花秀武ですね	Editional	
物理	垣花秀武ですね	Editional	
名義	矢方美紀ですね	Editional	
チーム	矢方美紀ですね	Editional	
矢方	矢方美紀ですね	Editional	
美紀	矢方美紀ですね	Editional	
やかた	矢方美紀ですね	Editional	
平成	相馬福島道路ですね	Editional	
相馬	相馬福島道路ですね	Editional	
事業	相馬福島道路ですね	Editional	
国道	相馬福島道路ですね	Editional	
霊山	相馬福島道路ですね	Editional	
近藤	近藤研二ですね	Editional	
研二	近藤研二ですね	Editional	
こん	近藤研二ですね	Editional	
月	近藤研二ですね	Editional	
日本	近藤研二ですね	Editional	
児童	野坂悦子ですね	Editional	
野坂	野坂悦子ですね	Editional	
悦子	野坂悦子ですね	Editional	
オランダ	野坂悦子ですね	Editional	
文化	野坂悦子ですね	Editional	
元荒川	赤堀川 (桶川市)ですね	Editional	
備前	赤堀川 (桶川市)ですね	Editional	
堤	赤堀川 (桶川市)ですね	Editional	
桶川	赤堀川 (桶川市)ですね	Editional	
埼玉	赤堀川 (桶川市)ですね	Editional	
道	銭道ソウですね	Editional	
陽	銭道ソウですね	Editional	
梁	銭道ソウですね	Editional	
陳	銭道ソウですね	Editional	
下	銭道ソウですね	Editional	
京都大	小岸昭ですね	Editional	
教授	小岸昭ですね	Editional	
岸	小岸昭ですね	Editional	
昭	小岸昭ですね	Editional	
日本	小岸昭ですね	Editional	
角	鬼平外伝 夜兎の角右衛門ですね	Editional	
右	鬼平外伝 夜兎の角右衛門ですね	Editional	
衛門	鬼平外伝 夜兎の角右衛門ですね	Editional	
兎	鬼平外伝 夜兎の角右衛門ですね	Editional	
時代	鬼平外伝 夜兎の角右衛門ですね	Editional	
精神	市橋秀夫 (精神科医)ですね	Editional	
医学	市橋秀夫 (精神科医)ですね	Editional	
精神療法	市橋秀夫 (精神科医)ですね	Editional	
パーソナリティ	市橋秀夫 (精神科医)ですね	Editional	
障害	市橋秀夫 (精神科医)ですね	Editional	
川口	川口義之ですね	Editional	
義之	川口義之ですね	Editional	
ぐち	川口義之ですね	Editional	
ゆき	川口義之ですね	Editional	
日本	川口義之ですね	Editional	
会員	フランソワ・ルクレール・デュ・トランブレーですね	Editional	
フランス	フランソワ・ルクレール・デュ・トランブレーですね	Editional	
枢機卿	フランソワ・ルクレール・デュ・トランブレーですね	Editional	
腹心	フランソワ・ルクレール・デュ・トランブレーですね	Editional	
宗教	フランソワ・ルクレール・デュ・トランブレーですね	Editional	
月	トニー・ポープですね	Editional	
カリフォルニア	トニー・ポープですね	Editional	
女優	トニー・ポープですね	Editional	
トニー	トニー・ポープですね	Editional	
アメリカ合衆国	トニー・ポープですね	Editional	
パスカル	パスカル・カンファンですね	Editional	
カン	パスカル・カンファンですね	Editional	
ファン	パスカル・カンファンですね	Editional	
月	パスカル・カンファンですね	Editional	
フランス	パスカル・カンファンですね	Editional	
アイスホッケー	本間貞樹ですね	Editional	
シーズン	本間貞樹ですね	Editional	
釧路	本間貞樹ですね	Editional	
リーグ	本間貞樹ですね	Editional	
本間	本間貞樹ですね	Editional	
砲身	12ポンドアームストロング砲ですね	Editional	
装	12ポンドアームストロング砲ですね	Editional	
砲兵	12ポンドアームストロング砲ですね	Editional	
アームストロング	12ポンドアームストロング砲ですね	Editional	
月	12ポンドアームストロング砲ですね	Editional	
月	マイケル・パークスですね	Editional	
マイケル	マイケル・パークスですね	Editional	
俳優	マイケル・パークスですね	Editional	
カリフォルニア	マイケル・パークスですね	Editional	
トラック	マイケル・パークスですね	Editional	
教授	山崎時彦ですね	Editional	
大阪市立大学	山崎時彦ですね	Editional	
山崎	山崎時彦ですね	Editional	
時彦	山崎時彦ですね	Editional	
法学	山崎時彦ですね	Editional	
コリンズ	マックス・アラン・コリンズですね	Editional	
作家	マックス・アラン・コリンズですね	Editional	
シリーズ	マックス・アラン・コリンズですね	Editional	
脚本	マックス・アラン・コリンズですね	Editional	
映画	マックス・アラン・コリンズですね	Editional	
ガルシア	ガルシア1世 (レオン王)ですね	Editional	
レオン	ガルシア1世 (レオン王)ですね	Editional	
妃	ガルシア1世 (レオン王)ですね	Editional	
息子	ガルシア1世 (レオン王)ですね	Editional	
王位	ガルシア1世 (レオン王)ですね	Editional	
桐原	桐原氏ですね	Editional	
景	桐原氏ですね	Editional	
秀	桐原氏ですね	Editional	
家系	桐原氏ですね	Editional	
秋田	桐原氏ですね	Editional	
黒	アン女王の復讐号ですね	Editional	
髭	アン女王の復讐号ですね	Editional	
艦隊	アン女王の復讐号ですね	Editional	
コンコルド	アン女王の復讐号ですね	Editional	
アン	アン女王の復讐号ですね	Editional	
海	海東村の口碑・傳説ですね	Editional	
地	海東村の口碑・傳説ですね	Editional	
つて	海東村の口碑・傳説ですね	Editional	
傳	海東村の口碑・傳説ですね	Editional	
言	海東村の口碑・傳説ですね	Editional	
月	北岡文兵衛ですね	Editional	
北岡	北岡文兵衛ですね	Editional	
明治	北岡文兵衛ですね	Editional	
日本	北岡文兵衛ですね	Editional	
取締役	北岡文兵衛ですね	Editional	
レオン	アルフォンソ4世 (レオン王)ですね	Editional	
王位	アルフォンソ4世 (レオン王)ですね	Editional	
兄弟	アルフォンソ4世 (レオン王)ですね	Editional	
修道院	アルフォンソ4世 (レオン王)ですね	Editional	
子	アルフォンソ4世 (レオン王)ですね	Editional	
サッカー	二戸将ですね	Editional	
時代	二戸将ですね	Editional	
栃木	二戸将ですね	Editional	
二戸	二戸将ですね	Editional	
将	二戸将ですね	Editional	
テレビ	石井幸一ですね	Editional	
東宝	石井幸一ですね	Editional	
石井	石井幸一ですね	Editional	
幸一	石井幸一ですね	Editional	
こういち	石井幸一ですね	Editional	
神長	神長氏ですね	Editional	
佐竹	神長氏ですね	Editional	
名	神長氏ですね	Editional	
藤原	神長氏ですね	Editional	
衛門	神長氏ですね	Editional	
小島	小島英記ですね	Editional	
英記	小島英記ですね	Editional	
作家	小島英記ですね	Editional	
政治	小島英記ですね	Editional	
日本	小島英記ですね	Editional	
赤木	赤木昭三ですね	Editional	
教授	赤木昭三ですね	Editional	
昭三	赤木昭三ですね	Editional	
文学	赤木昭三ですね	Editional	
大阪大学	赤木昭三ですね	Editional	
イスラエル	マイケル・オレンですね	Editional	
マイケル	マイケル・オレンですね	Editional	
月	マイケル・オレンですね	Editional	
アメリカ	マイケル・オレンですね	Editional	
大使	マイケル・オレンですね	Editional	
織田	織田長次ですね	Editional	
長次	織田長次ですね	Editional	
おだ	織田長次ですね	Editional	
織田	織田長次 (内膳)ですね	Editional	
長次	織田長次 (内膳)ですね	Editional	
不詳	織田長次 (内膳)ですね	Editional	
膳	織田長次 (内膳)ですね	Editional	
おだ	織田長次 (内膳)ですね	Editional	
西山	西山佑太ですね	Editional	
佑	西山佑太ですね	Editional	
太	西山佑太ですね	Editional	
漫画	西山佑太ですね	Editional	
にし	西山佑太ですね	Editional	
レオン	ラミロ2世 (レオン王)ですね	Editional	
兄	ラミロ2世 (レオン王)ですね	Editional	
土地	ラミロ2世 (レオン王)ですね	Editional	
教徒	ラミロ2世 (レオン王)ですね	Editional	
イスラム	ラミロ2世 (レオン王)ですね	Editional	
横浜	野澤屋ですね	Editional	
月	野澤屋ですね	Editional	
昭和	野澤屋ですね	Editional	
野澤	野澤屋ですね	Editional	
平成	野澤屋ですね	Editional	
月	スコット・マッケンジーですね	Editional	
ジョン	スコット・マッケンジーですね	Editional	
フィリップス	スコット・マッケンジーですね	Editional	
スコット	スコット・マッケンジーですね	Editional	
アメリカ合衆国	スコット・マッケンジーですね	Editional	
月	大槻真一郎ですね	Editional	
大槻	大槻真一郎ですね	Editional	
真一郎	大槻真一郎ですね	Editional	
科学	大槻真一郎ですね	Editional	
古代	大槻真一郎ですね	Editional	
ニューヨーク	ケン・スミスですね	Editional	
公園	ケン・スミスですね	Editional	
大学	ケン・スミスですね	Editional	
アイオワ	ケン・スミスですね	Editional	
庭園	ケン・スミスですね	Editional	
今井	今井美亜ですね	Editional	
美	今井美亜ですね	Editional	
亜	今井美亜ですね	Editional	
富山	今井美亜ですね	Editional	
月	今井美亜ですね	Editional	
敏弘	拔山敏弘ですね	Editional	
作品	拔山敏弘ですね	Editional	
ぬき	拔山敏弘ですね	Editional	
ひろ	拔山敏弘ですね	Editional	
日本	拔山敏弘ですね	Editional	
真子	真子奈津実ですね	Editional	
奈津	真子奈津実ですね	Editional	
福岡	真子奈津実ですね	Editional	
実	真子奈津実ですね	Editional	
なつみ	真子奈津実ですね	Editional	
コナン	名探偵コナン 11人目のストライカーですね	Editional	
本	名探偵コナン 11人目のストライカーですね	Editional	
サッカー	名探偵コナン 11人目のストライカーですね	Editional	
チーム	名探偵コナン 11人目のストライカーですね	Editional	
爆弾	名探偵コナン 11人目のストライカーですね	Editional	
任務	チャールズ・A・パウナルですね	Editional	
部隊	チャールズ・A・パウナルですね	Editional	
月	チャールズ・A・パウナルですね	Editional	
グアム	チャールズ・A・パウナルですね	Editional	
航空	チャールズ・A・パウナルですね	Editional	
ノルディックスキー	曽根田千鶴ですね	Editional	
世界	曽根田千鶴ですね	Editional	
選手権	曽根田千鶴ですね	Editional	
スキー	曽根田千鶴ですね	Editional	
曽根田	曽根田千鶴ですね	Editional	
オリンピック	マルク・マイリングですね	Editional	
世界	マルク・マイリングですね	Editional	
選手権	マルク・マイリングですね	Editional	
マルク	マルク・マイリングですね	Editional	
マイ	マルク・マイリングですね	Editional	
選手	ルイス・オンムラですね	Editional	
オリンピック	ルイス・オンムラですね	Editional	
戦績	ルイス・オンムラですね	Editional	
ルイス	ルイス・オンムラですね	Editional	
月	ルイス・オンムラですね	Editional	
街道	新井田街道ですね	Editional	
八戸	新井田街道ですね	Editional	
新井田	新井田街道ですね	Editional	
九戸	新井田街道ですね	Editional	
青森	新井田街道ですね	Editional	
八鹿	八鹿ですね	Editional	
萱島	萱島酒造ですね	Editional	
昭和	萱島酒造ですね	Editional	
酒造	萱島酒造ですね	Editional	
明治	萱島酒造ですね	Editional	
月	萱島酒造ですね	Editional	
大阪	石原貴洋ですね	Editional	
映画	石原貴洋ですね	Editional	
石原	石原貴洋ですね	Editional	
貴洋	石原貴洋ですね	Editional	
大東	石原貴洋ですね	Editional	
東京	副田高行ですね	Editional	
副田	副田高行ですね	Editional	
日本	副田高行ですね	Editional	
グラフィックデザイナー	副田高行ですね	Editional	
会員	副田高行ですね	Editional	
沖縄	伊波洋一ですね	Editional	
伊波	伊波洋一ですね	Editional	
宜野湾	伊波洋一ですね	Editional	
市長	伊波洋一ですね	Editional	
議員	伊波洋一ですね	Editional	
重夫	勝岡重夫ですね	Editional	
勝	勝岡重夫ですね	Editional	
岡	勝岡重夫ですね	Editional	
勝岡	勝岡重夫ですね	Editional	
かつお	勝岡重夫ですね	Editional	
街道	市川街道ですね	Editional	
市川	市川街道ですね	Editional	
八戸	市川街道ですね	Editional	
いち	市川街道ですね	Editional	
青森	市川街道ですね	Editional	
松下	松下計ですね	Editional	
教授	松下計ですね	Editional	
東京	松下計ですね	Editional	
計	松下計ですね	Editional	
日本	松下計ですね	Editional	
島本	島本了愛ですね	Editional	
了	島本了愛ですね	Editional	
一般	島本了愛ですね	Editional	
社団	島本了愛ですね	Editional	
法人	島本了愛ですね	Editional	
上條	上條喬久ですね	Editional	
東京	上條喬久ですね	Editional	
グラフィック	上條喬久ですね	Editional	
喬	上條喬久ですね	Editional	
久	上條喬久ですね	Editional	
番組	山浦ひさしのトコトン!1スタですね	Editional	
月	山浦ひさしのトコトン!1スタですね	Editional	
スタジオ	山浦ひさしのトコトン!1スタですね	Editional	
山浦	山浦ひさしのトコトン!1スタですね	Editional	
ひさし	山浦ひさしのトコトン!1スタですね	Editional	
原子力	ノジャン原子力発電所ですね	Editional	
原子	ノジャン原子力発電所ですね	Editional	
事象	ノジャン原子力発電所ですね	Editional	
ジャン	ノジャン原子力発電所ですね	Editional	
フランス	ノジャン原子力発電所ですね	Editional	
スキー	久万スキーランドですね	Editional	
ランド	久万スキーランドですね	Editional	
久万	久万スキーランドですね	Editional	
久万高原	久万スキーランドですね	Editional	
久	久万スキーランドですね	Editional	
ガルシア	ガルシア1世ですね	Editional	
幽谷	野口幽谷ですね	Editional	
画	野口幽谷ですね	Editional	
明治	野口幽谷ですね	Editional	
椿山	野口幽谷ですね	Editional	
師	野口幽谷ですね	Editional	
マラソン	足立知弥ですね	Editional	
大分	足立知弥ですね	Editional	
足立	足立知弥ですね	Editional	
旭化成	足立知弥ですね	Editional	
ゴール	足立知弥ですね	Editional	
競輪	石村美千代ですね	Editional	
選手	石村美千代ですね	Editional	
女子	石村美千代ですね	Editional	
月	石村美千代ですね	Editional	
石村	石村美千代ですね	Editional	
月	礒山雅ですね	Editional	
音楽	礒山雅ですね	Editional	
博士	礒山雅ですね	Editional	
日本	礒山雅ですね	Editional	
教授	礒山雅ですね	Editional	
シーズン	ホセ・アンヘル・シガンダですね	Editional	
月	ホセ・アンヘル・シガンダですね	Editional	
スペイン	ホセ・アンヘル・シガンダですね	Editional	
リーグ	ホセ・アンヘル・シガンダですね	Editional	
ホセ	ホセ・アンヘル・シガンダですね	Editional	
神谷	神谷秀樹ですね	Editional	
秀樹	神谷秀樹ですね	Editional	
銀行	神谷秀樹ですね	Editional	
ビジネス	神谷秀樹ですね	Editional	
ニューヨーク	神谷秀樹ですね	Editional	
明治	藤岡覚音ですね	Editional	
月	藤岡覚音ですね	Editional	
藤岡	藤岡覚音ですね	Editional	
覚	藤岡覚音ですね	Editional	
文政	藤岡覚音ですね	Editional	
番組	しもぐち☆雅充の今夜は歌わナイトですね	Editional	
月	しもぐち☆雅充の今夜は歌わナイトですね	Editional	
ぐち	しもぐち☆雅充の今夜は歌わナイトですね	Editional	
雅	しもぐち☆雅充の今夜は歌わナイトですね	Editional	
充	しもぐち☆雅充の今夜は歌わナイトですね	Editional	
篠原	篠原重之ですね	Editional	
木村	篠原重之ですね	Editional	
重之	篠原重之ですね	Editional	
時代	篠原重之ですね	Editional	
九州	篠原重之ですね	Editional	
映画	ボニー・ベデリアですね	Editional	
ダイ・ハード	ボニー・ベデリアですね	Editional	
月	ボニー・ベデリアですね	Editional	
シリーズ	ボニー・ベデリアですね	Editional	
ボニー	ボニー・ベデリアですね	Editional	
熊本	藤井一瓠ですね	Editional	
海	藤井一瓠ですね	Editional	
藤井	藤井一瓠ですね	Editional	
瓠	藤井一瓠ですね	Editional	
手取本	藤井一瓠ですね	Editional	
スタジアム	レオ・スタジアムですね	Editional	
タイ	レオ・スタジアムですね	Editional	
レオ	レオ・スタジアムですね	Editional	
ドリーム	レオ・スタジアムですね	Editional	
ワールド	レオ・スタジアムですね	Editional	
玉川	玉川座ですね	Editional	
たま	玉川座ですね	Editional	
わざ	玉川座ですね	Editional	
児童	佐野美津男ですね	Editional	
月	佐野美津男ですね	Editional	
文学	佐野美津男ですね	Editional	
東京	佐野美津男ですね	Editional	
佐野	佐野美津男ですね	Editional	
堀江	堀江史朗ですね	Editional	
史朗	堀江史朗ですね	Editional	
脚本	堀江史朗ですね	Editional	
月	堀江史朗ですね	Editional	
ラジオドラマ	堀江史朗ですね	Editional	
月	稗方弘毅ですね	Editional	
大正	稗方弘毅ですね	Editional	
大学	稗方弘毅ですね	Editional	
稗方	稗方弘毅ですね	Editional	
昭和	稗方弘毅ですね	Editional	
ベルギー	ベルギー・ゴールデン・シューですね	Editional	
選手	ベルギー・ゴールデン・シューですね	Editional	
クラブ	ベルギー・ゴールデン・シューですね	Editional	
ゴールデン	ベルギー・ゴールデン・シューですね	Editional	
シュー	ベルギー・ゴールデン・シューですね	Editional	
アイスホッケー	荻野順二ですね	Editional	
月	荻野順二ですね	Editional	
荻野	荻野順二ですね	Editional	
順二	荻野順二ですね	Editional	
日本	荻野順二ですね	Editional	
写真	小池ヒロミチですね	Editional	
小池	小池ヒロミチですね	Editional	
ヒロ	小池ヒロミチですね	Editional	
ミチ	小池ヒロミチですね	Editional	
ベーシスト	小池ヒロミチですね	Editional	
列車	東本線ですね	Editional	
月	東本線ですね	Editional	
貨物	東本線ですね	Editional	
旅客	東本線ですね	Editional	
駅	東本線ですね	Editional	
長根	長根野球場ですね	Editional	
野球	長根野球場ですね	Editional	
八戸	長根野球場ですね	Editional	
球場	長根野球場ですね	Editional	
運動公園	長根野球場ですね	Editional	
教授	前川俊一ですね	Editional	
学校	前川俊一ですね	Editional	
旧制	前川俊一ですね	Editional	
前川	前川俊一ですね	Editional	
俊一	前川俊一ですね	Editional	
丸山	丸山 (鎌ケ谷市)ですね	Editional	
鎌ケ谷	丸山 (鎌ケ谷市)ですね	Editional	
千葉	丸山 (鎌ケ谷市)ですね	Editional	
地名	丸山 (鎌ケ谷市)ですね	Editional	
新京成線	丸山 (鎌ケ谷市)ですね	Editional	
映画	秦早穂子ですね	Editional	
日本	秦早穂子ですね	Editional	
秦	秦早穂子ですね	Editional	
早	秦早穂子ですね	Editional	
穂	秦早穂子ですね	Editional	
尾美	高尾美有ですね	Editional	
有	高尾美有ですね	Editional	
高尾	高尾美有ですね	Editional	
美	高尾美有ですね	Editional	
たか	高尾美有ですね	Editional	
山本	山本いつかですね	Editional	
やまもと	山本いつかですね	Editional	
月	山本いつかですね	Editional	
日本	山本いつかですね	Editional	
グラビア	山本いつかですね	Editional	
コリン	コリン郡 (テキサス州)ですね	Editional	
郡	コリン郡 (テキサス州)ですね	Editional	
テキサス	コリン郡 (テキサス州)ですね	Editional	
都市	コリン郡 (テキサス州)ですね	Editional	
人口	コリン郡 (テキサス州)ですね	Editional	
中沢	中沢 (鎌ケ谷市)ですね	Editional	
北中沢	中沢 (鎌ケ谷市)ですね	Editional	
北	中沢 (鎌ケ谷市)ですね	Editional	
鎌ケ谷	中沢 (鎌ケ谷市)ですね	Editional	
東中沢	中沢 (鎌ケ谷市)ですね	Editional	
信子	川村信子ですね	Editional	
クラブ	川村信子ですね	Editional	
銀座	川村信子ですね	Editional	
月	川村信子ですね	Editional	
川村	川村信子ですね	Editional	
ボニー	モーテル・ショットですね	Editional	
アルバム	モーテル・ショットですね	Editional	
シングル	モーテル・ショットですね	Editional	
曲	モーテル・ショットですね	Editional	
クレジット	モーテル・ショットですね	Editional	
篠原	篠原知宏ですね	Editional	
知宏	篠原知宏ですね	Editional	
しの	篠原知宏ですね	Editional	
ら	篠原知宏ですね	Editional	
ひろ	篠原知宏ですね	Editional	
寺尾	寺尾善雄ですね	Editional	
善雄	寺尾善雄ですね	Editional	
中国	寺尾善雄ですね	Editional	
岡山	寺尾善雄ですね	Editional	
新聞	寺尾善雄ですね	Editional	
ロバート	ロバート・ジェンキンソンですね	Editional	
宝亀	藤原鷲取ですね	Editional	
藤原	藤原鷲取ですね	Editional	
伊勢	藤原鷲取ですね	Editional	
鷲	藤原鷲取ですね	Editional	
魚	藤原鷲取ですね	Editional	
サッカー	佐々木翔 (サッカー選手)ですね	Editional	
大学	佐々木翔 (サッカー選手)ですね	Editional	
月	佐々木翔 (サッカー選手)ですね	Editional	
座間	佐々木翔 (サッカー選手)ですね	Editional	
リーグ	佐々木翔 (サッカー選手)ですね	Editional	
本部	高橋伸也 (ゲームクリエイター)ですね	Editional	
月	高橋伸也 (ゲームクリエイター)ですね	Editional	
取締役	高橋伸也 (ゲームクリエイター)ですね	Editional	
社長	高橋伸也 (ゲームクリエイター)ですね	Editional	
役員	高橋伸也 (ゲームクリエイター)ですね	Editional	
小高	小高文夫ですね	Editional	
文夫	小高文夫ですね	Editional	
日本	小高文夫ですね	Editional	
技術	小高文夫ですね	Editional	
ドキュメンタリー	小高文夫ですね	Editional	
環境	坂田昌弘ですね	Editional	
科学	坂田昌弘ですね	Editional	
静岡県立大学	坂田昌弘ですね	Editional	
研究所	坂田昌弘ですね	Editional	
化学	坂田昌弘ですね	Editional	
大竹	大竹愛子ですね	Editional	
愛子	大竹愛子ですね	Editional	
日本	大竹愛子ですね	Editional	
フィリピン	大竹愛子ですね	Editional	
たけ	大竹愛子ですね	Editional	
徐	徐度ですね	Editional	
陳	徐度ですね	Editional	
将軍	徐度ですね	Editional	
侍	徐度ですね	Editional	
位	徐度ですね	Editional	
競輪	園田匠ですね	Editional	
日本	園田匠ですね	Editional	
学校	園田匠ですね	Editional	
園田	園田匠ですね	Editional	
匠	園田匠ですね	Editional	
教授	新井明 (英文学者)ですね	Editional	
東京教育大学	新井明 (英文学者)ですね	Editional	
英文	新井明 (英文学者)ですね	Editional	
新井	新井明 (英文学者)ですね	Editional	
明	新井明 (英文学者)ですね	Editional	
番組	ハピえいごですね	Editional	
英語	ハピえいごですね	Editional	
えい	ハピえいごですね	Editional	
月	ハピえいごですね	Editional	
ミュージカル	ハピえいごですね	Editional	
教授	倉持三郎ですね	Editional	
倉持	倉持三郎ですね	Editional	
三郎	倉持三郎ですね	Editional	
文学	倉持三郎ですね	Editional	
東京学芸大学	倉持三郎ですね	Editional	
さんま	さんま岡村の日本人なら選びたくなる二択ベスト50!SP!ですね	Editional	
岡村	さんま岡村の日本人なら選びたくなる二択ベスト50!SP!ですね	Editional	
番組	さんま岡村の日本人なら選びたくなる二択ベスト50!SP!ですね	Editional	
日本人	さんま岡村の日本人なら選びたくなる二択ベスト50!SP!ですね	Editional	
ベスト	さんま岡村の日本人なら選びたくなる二択ベスト50!SP!ですね	Editional	
アームストロング	20ポンドアームストロング砲ですね	Editional	
口径	20ポンドアームストロング砲ですね	Editional	
砲身	20ポンドアームストロング砲ですね	Editional	
野砲	20ポンドアームストロング砲ですね	Editional	
艦	20ポンドアームストロング砲ですね	Editional	
教授	荒木正純ですね	Editional	
文学	荒木正純ですね	Editional	
筑波大学	荒木正純ですね	Editional	
荒木	荒木正純ですね	Editional	
正純	荒木正純ですね	Editional	
栗原	栗原裕ですね	Editional	
裕	栗原裕ですね	Editional	
ゆたか	栗原裕ですね	Editional	
大田	大田大徳警察署ですね	Editional	
警察	大田大徳警察署ですね	Editional	
大徳	大田大徳警察署ですね	Editional	
けい	大田大徳警察署ですね	Editional	
しょ	大田大徳警察署ですね	Editional	
音楽	塩村宰ですね	Editional	
金沢	塩村宰ですね	Editional	
塩村	塩村宰ですね	Editional	
森田	塩村宰ですね	Editional	
宰	塩村宰ですね	Editional	
教授	栗原裕 (英文学者)ですね	Editional	
栗原	栗原裕 (英文学者)ですね	Editional	
裕	栗原裕 (英文学者)ですね	Editional	
英文	栗原裕 (英文学者)ですね	Editional	
学者	栗原裕 (英文学者)ですね	Editional	
大田	大田中部警察署ですね	Editional	
警察	大田中部警察署ですね	Editional	
中部	大田中部警察署ですね	Editional	
けい	大田中部警察署ですね	Editional	
しょ	大田中部警察署ですね	Editional	
ニック	ニック・グレニー＝スミスですね	Editional	
スミス	ニック・グレニー＝スミスですね	Editional	
作品	ニック・グレニー＝スミスですね	Editional	
スコア	ニック・グレニー＝スミスですね	Editional	
月	ニック・グレニー＝スミスですね	Editional	
東宝	安達英三朗ですね	Editional	
安達	安達英三朗ですね	Editional	
英三	安達英三朗ですね	Editional	
朗	安達英三朗ですね	Editional	
映画	安達英三朗ですね	Editional	
モデル	碧勇ですね	Editional	
碧	碧勇ですね	Editional	
勇	碧勇ですね	Editional	
東京	碧勇ですね	Editional	
事務所	碧勇ですね	Editional	
ジョナサン	ジョナサン・ヘンズリーですね	Editional	
脚本	ジョナサン・ヘンズリーですね	Editional	
映画	ジョナサン・ヘンズリーですね	Editional	
マサチューセッツ	ジョナサン・ヘンズリーですね	Editional	
大学	ジョナサン・ヘンズリーですね	Editional	
金	金押実ですね	Editional	
天武	金押実ですね	Editional	
羅	金押実ですね	Editional	
月	金押実ですね	Editional	
こん	金押実ですね	Editional	
南部	中野康実ですね	Editional	
高水寺	中野康実ですね	Editional	
詮	中野康実ですね	Editional	
康	中野康実ですね	Editional	
中野	中野康実ですね	Editional	
月	トニー・ヴィドマーですね	Editional	
オーストラリア	トニー・ヴィドマーですね	Editional	
選手	トニー・ヴィドマーですね	Editional	
トニー	トニー・ヴィドマーですね	Editional	
サッカー	トニー・ヴィドマーですね	Editional	
グレーテル	ヘンゼルとグレーテル (2002年の映画)ですね	Editional	
映画	ヘンゼルとグレーテル (2002年の映画)ですね	Editional	
原題	ヘンゼルとグレーテル (2002年の映画)ですね	Editional	
アメリカ合衆国	ヘンゼルとグレーテル (2002年の映画)ですね	Editional	
作品	ヘンゼルとグレーテル (2002年の映画)ですね	Editional	
ハード	ハード&ルーズですね	Editional	
作品	ハード&ルーズですね	Editional	
原作	ハード&ルーズですね	Editional	
双葉社	ハード&ルーズですね	Editional	
狩	ハード&ルーズですね	Editional	
月	加賀谷はつみですね	Editional	
ライブ	加賀谷はつみですね	Editional	
はつみ	加賀谷はつみですね	Editional	
加賀谷	加賀谷はつみですね	Editional	
シングル	加賀谷はつみですね	Editional	
こずえ	早坂こずえですね	Editional	
早坂	早坂こずえですね	Editional	
月	早坂こずえですね	Editional	
栃木	早坂こずえですね	Editional	
出身	早坂こずえですね	Editional	
劇団	大橋芳枝ですね	Editional	
大橋	大橋芳枝ですね	Editional	
芳枝	大橋芳枝ですね	Editional	
はし	大橋芳枝ですね	Editional	
よしえ	大橋芳枝ですね	Editional	
モーリス	ブール＝サン＝モーリスですね	Editional	
サン	ブール＝サン＝モーリスですね	Editional	
ブルー	ブール＝サン＝モーリスですね	Editional	
月	ブール＝サン＝モーリスですね	Editional	
ローマ	ブール＝サン＝モーリスですね	Editional	
大森	大森昭ですね	Editional	
昭	大森昭ですね	Editional	
月	大森昭ですね	Editional	
日本	大森昭ですね	Editional	
社会党	大森昭ですね	Editional	
月	木村隆文ですね	Editional	
青森	木村隆文ですね	Editional	
理事	木村隆文ですね	Editional	
山田学園	木村隆文ですね	Editional	
大学	木村隆文ですね	Editional	
映画	相原ふさ子ですね	Editional	
テレビ	相原ふさ子ですね	Editional	
あい	相原ふさ子ですね	Editional	
ドラマ	相原ふさ子ですね	Editional	
作品	相原ふさ子ですね	Editional	
教授	飯塚信雄ですね	Editional	
飯塚	飯塚信雄ですね	Editional	
信雄	飯塚信雄ですね	Editional	
ドイツ	飯塚信雄ですね	Editional	
文学	飯塚信雄ですね	Editional	
学会	青木英夫ですね	Editional	
日本	青木英夫ですね	Editional	
青木	青木英夫ですね	Editional	
英夫	青木英夫ですね	Editional	
文化	青木英夫ですね	Editional	
場所	慶天海孔晴ですね	Editional	
月	慶天海孔晴ですね	Editional	
相撲	慶天海孔晴ですね	Editional	
幕下	慶天海孔晴ですね	Editional	
番付	慶天海孔晴ですね	Editional	
街道	田名部街道ですね	Editional	
田名部	田名部街道ですね	Editional	
野辺地	田名部街道ですね	Editional	
奥州	田名部街道ですね	Editional	
北	田名部街道ですね	Editional	
街道	九戸街道ですね	Editional	
八戸	九戸街道ですね	Editional	
岩手	九戸街道ですね	Editional	
九戸	九戸街道ですね	Editional	
葛巻	九戸街道ですね	Editional	
藤原	藤原末茂ですね	Editional	
月	藤原末茂ですね	Editional	
延	藤原末茂ですね	Editional	
茂	藤原末茂ですね	Editional	
魚	藤原末茂ですね	Editional	
アンナ	アンナ・フォン・モンテネグロですね	Editional	
モンテネグロ	アンナ・フォン・モンテネグロですね	Editional	
イギリス	アンナ・フォン・モンテネグロですね	Editional	
月	アンナ・フォン・モンテネグロですね	Editional	
ロシア	アンナ・フォン・モンテネグロですね	Editional	
野口	野口光一ですね	Editional	
光一	野口光一ですね	Editional	
日本	野口光一ですね	Editional	
東映	野口光一ですね	Editional	
アニメーション	野口光一ですね	Editional	
清水	清水阿弥ですね	Editional	
阿弥	清水阿弥ですね	Editional	
しみず	清水阿弥ですね	Editional	
あや	清水阿弥ですね	Editional	
月	清水阿弥ですね	Editional	
博物館	森田恒之ですね	Editional	
教授	森田恒之ですね	Editional	
民族	森田恒之ですね	Editional	
森田	森田恒之ですね	Editional	
国立	森田恒之ですね	Editional	
漫画	横山裕一 (漫画家)ですね	Editional	
横山	横山裕一 (漫画家)ですね	Editional	
裕一	横山裕一 (漫画家)ですね	Editional	
作風	横山裕一 (漫画家)ですね	Editional	
日本	横山裕一 (漫画家)ですね	Editional	
数学	藤田岳彦ですね	Editional	
教授	藤田岳彦ですね	Editional	
藤田	藤田岳彦ですね	Editional	
岳彦	藤田岳彦ですね	Editional	
京都大	藤田岳彦ですね	Editional	
矢野	矢野 (広島市)ですね	Editional	
広島	矢野 (広島市)ですね	Editional	
安芸	矢野 (広島市)ですね	Editional	
城	矢野 (広島市)ですね	Editional	
地区	矢野 (広島市)ですね	Editional	
松本	松本慎一ですね	Editional	
慎一	松本慎一ですね	Editional	
月	松本慎一ですね	Editional	
日本	松本慎一ですね	Editional	
国際	松本慎一ですね	Editional	
大田	大田地方警察庁ですね	Editional	
地方	大田地方警察庁ですね	Editional	
警察庁	大田地方警察庁ですね	Editional	
広域	大田地方警察庁ですね	Editional	
警察	大田地方警察庁ですね	Editional	
ジェフリー	ジェフリー・ウィークスですね	Editional	
社会	ジェフリー・ウィークス (社会学者)ですね	Editional	
学者	ジェフリー・ウィークス (社会学者)ですね	Editional	
ジェフリー	ジェフリー・ウィークス (社会学者)ですね	Editional	
イギリス	ジェフリー・ウィークス (社会学者)ですね	Editional	
専門	ジェフリー・ウィークス (社会学者)ですね	Editional	
能	能令速満ですね	Editional	
寺	能令速満ですね	Editional	
延	能令速満ですね	Editional	
福	能令速満ですね	Editional	
住職	能令速満ですね	Editional	
清水	清水宏員ですね	Editional	
宏	清水宏員ですね	Editional	
京都	清水宏員ですね	Editional	
春	清水宏員ですね	Editional	
夏	清水宏員ですね	Editional	
教授	鳥山成人ですね	Editional	
研究所	鳥山成人ですね	Editional	
助教授	鳥山成人ですね	Editional	
文学部	鳥山成人ですね	Editional	
鳥山	鳥山成人ですね	Editional	
木崎	木崎良平ですね	Editional	
良平	木崎良平ですね	Editional	
会社	山下泉ですね	Editional	
会長	山下泉ですね	Editional	
日本	山下泉ですね	Editional	
かんぽ	山下泉ですね	Editional	
保険	山下泉ですね	Editional	
教授	木崎良平 (歴史学者)ですね	Editional	
木崎	木崎良平 (歴史学者)ですね	Editional	
良平	木崎良平 (歴史学者)ですね	Editional	
歴史	木崎良平 (歴史学者)ですね	Editional	
学者	木崎良平 (歴史学者)ですね	Editional	
瀬奈	瀬奈陽太郎ですね	Editional	
陽太郎	瀬奈陽太郎ですね	Editional	
漫画	瀬奈陽太郎ですね	Editional	
日本	瀬奈陽太郎ですね	Editional	
成年	瀬奈陽太郎ですね	Editional	
東宝	針生宏ですね	Editional	
針生	針生宏ですね	Editional	
宏	針生宏ですね	Editional	
映画	針生宏ですね	Editional	
テレビ	針生宏ですね	Editional	
島本	島本慈子ですね	Editional	
慈子	島本慈子ですね	Editional	
ノンフィクション	島本慈子ですね	Editional	
ライター	島本慈子ですね	Editional	
しま	島本慈子ですね	Editional	
台湾	ジョージ・H・カーですね	Editional	
カー	ジョージ・H・カーですね	Editional	
沖縄	ジョージ・H・カーですね	Editional	
歴史	ジョージ・H・カーですね	Editional	
日本	ジョージ・H・カーですね	Editional	
競輪	山本真矢ですね	Editional	
月	山本真矢ですね	Editional	
山本	山本真矢ですね	Editional	
真	山本真矢ですね	Editional	
選手	山本真矢ですね	Editional	
戸隠	戸隠神社 (曖昧さ回避)ですね	Editional	
神社	戸隠神社 (曖昧さ回避)ですね	Editional	
がくし	戸隠神社 (曖昧さ回避)ですね	Editional	
じん	戸隠神社 (曖昧さ回避)ですね	Editional	
キャンベル	ビリー・キャンベルですね	Editional	
ビリー	ビリー・キャンベルですね	Editional	
本名	ビリー・キャンベルですね	Editional	
ウィリアム	ビリー・キャンベルですね	Editional	
月	ビリー・キャンベルですね	Editional	
レオン	サンチョ1世 (レオン王)ですね	Editional	
貴族	サンチョ1世 (レオン王)ですね	Editional	
王位	サンチョ1世 (レオン王)ですね	Editional	
王	サンチョ1世 (レオン王)ですね	Editional	
王妃	サンチョ1世 (レオン王)ですね	Editional	
日本	遥天翼ですね	Editional	
福岡	遥天翼ですね	Editional	
男子	遥天翼ですね	Editional	
天	遥天翼ですね	Editional	
翼	遥天翼ですね	Editional	
麻希	女性秘匿捜査官・原麻希シリーズですね	Editional	
シリーズ	女性秘匿捜査官・原麻希シリーズですね	Editional	
ドラマ	女性秘匿捜査官・原麻希シリーズですね	Editional	
女性	女性秘匿捜査官・原麻希シリーズですね	Editional	
原	女性秘匿捜査官・原麻希シリーズですね	Editional	
月	安中由依ですね	Editional	
新潟	安中由依ですね	Editional	
安中	安中由依ですね	Editional	
由依	安中由依ですね	Editional	
五泉	安中由依ですね	Editional	
レオン	ラミロ3世 (レオン王)ですね	Editional	
ベル	ラミロ3世 (レオン王)ですね	Editional	
ムード	ラミロ3世 (レオン王)ですね	Editional	
王国	ラミロ3世 (レオン王)ですね	Editional	
貴族	ラミロ3世 (レオン王)ですね	Editional	
東洋	中里成章ですね	Editional	
教授	中里成章ですね	Editional	
博士	中里成章ですね	Editional	
中里	中里成章ですね	Editional	
成章	中里成章ですね	Editional	
吉田	吉田菊次郎ですね	Editional	
菊次郎	吉田菊次郎ですね	Editional	
じろう	吉田菊次郎ですね	Editional	
東京	吉田菊次郎ですね	Editional	
出身	吉田菊次郎ですね	Editional	
テアトル	丸山真奈実ですね	Editional	
丸山	丸山真奈実ですね	Editional	
真奈実	丸山真奈実ですね	Editional	
月	丸山真奈実ですね	Editional	
まるや	丸山真奈実ですね	Editional	
教授	岩永博ですね	Editional	
岩永	岩永博ですね	Editional	
博	岩永博ですね	Editional	
法政大学	岩永博ですね	Editional	
中東	岩永博ですね	Editional	
原子力	サン＝タルバン原子力発電所ですね	Editional	
サン	サン＝タルバン原子力発電所ですね	Editional	
原子	サン＝タルバン原子力発電所ですね	Editional	
ローヌ	サン＝タルバン原子力発電所ですね	Editional	
月	サン＝タルバン原子力発電所ですね	Editional	
原子力	サン＝ローラン＝デ＝ゾー原子力発電所ですね	Editional	
サン	サン＝ローラン＝デ＝ゾー原子力発電所ですね	Editional	
ローラン	サン＝ローラン＝デ＝ゾー原子力発電所ですね	Editional	
フランス	サン＝ローラン＝デ＝ゾー原子力発電所ですね	Editional	
黒鉛	サン＝ローラン＝デ＝ゾー原子力発電所ですね	Editional	
丸	金剛丸 (特設巡洋艦)ですね	Editional	
金	金剛丸 (特設巡洋艦)ですね	Editional	
月	金剛丸 (特設巡洋艦)ですね	Editional	
剛	金剛丸 (特設巡洋艦)ですね	Editional	
部隊	金剛丸 (特設巡洋艦)ですね	Editional	
ベル	ベルムード2世ですね	Editional	
ムード	ベルムード2世ですね	Editional	
レオン	ベルムード2世ですね	Editional	
王位	ベルムード2世ですね	Editional	
イスラム	ベルムード2世ですね	Editional	
ストーン	ストーンウォール郡 (テキサス州)ですね	Editional	
ウォール	ストーンウォール郡 (テキサス州)ですね	Editional	
郡	ストーンウォール郡 (テキサス州)ですね	Editional	
人口	ストーンウォール郡 (テキサス州)ですね	Editional	
国勢調査	ストーンウォール郡 (テキサス州)ですね	Editional	
月	岸野里香ですね	Editional	
チーム	岸野里香ですね	Editional	
岸野	岸野里香ですね	Editional	
メンバー	岸野里香ですね	Editional	
名義	岸野里香ですね	Editional	
作家	おおえまさのりですね	Editional	
チベット	おおえまさのりですね	Editional	
月	おおえまさのりですね	Editional	
いのち	おおえまさのりですね	Editional	
祭り	おおえまさのりですね	Editional	
浅野	浅野秀二ですね	Editional	
秀二	浅野秀二ですね	Editional	
プロデューサー	浅野秀二ですね	Editional	
あさの	浅野秀二ですね	Editional	
しゅう	浅野秀二ですね	Editional	
徳三郎	淡徳三郎ですね	Editional	
月	淡徳三郎ですね	Editional	
日本	淡徳三郎ですね	Editional	
京都	淡徳三郎ですね	Editional	
事件	淡徳三郎ですね	Editional	
選手権	ナタリア・クジュティナですね	Editional	
世界	ナタリア・クジュティナですね	Editional	
決勝	ナタリア・クジュティナですね	Editional	
ヨーロッパ	ナタリア・クジュティナですね	Editional	
柔道	ナタリア・クジュティナですね	Editional	
ホッケー	ジェームズ・バッジ・デールですね	Editional	
大学	ジェームズ・バッジ・デールですね	Editional	
俳優	ジェームズ・バッジ・デールですね	Editional	
映画	ジェームズ・バッジ・デールですね	Editional	
王	ジェームズ・バッジ・デールですね	Editional	
デーヴィス	メルトン・デーヴィスですね	Editional	
月	メルトン・デーヴィスですね	Editional	
国家	メルトン・デーヴィスですね	Editional	
火星	メルトン・デーヴィスですね	Editional	
メルトン	メルトン・デーヴィスですね	Editional	
景	延原景光ですね	Editional	
宇喜多	延原景光ですね	Editional	
浦上	延原景光ですね	Editional	
美作	延原景光ですね	Editional	
城	延原景光ですね	Editional	
月	ボリス・ペトロヴィッチですね	Editional	
モンテネグロ	ボリス・ペトロヴィッチですね	Editional	
王家	ボリス・ペトロヴィッチですね	Editional	
ニコラ	ボリス・ペトロヴィッチですね	Editional	
間	ボリス・ペトロヴィッチですね	Editional	
敬	徐敬成ですね	Editional	
成	徐敬成ですね	Editional	
徐	徐敬成ですね	Editional	
陳	徐敬成ですね	Editional	
安	徐敬成ですね	Editional	
中野	中野愛子ですね	Editional	
愛子	中野愛子ですね	Editional	
なか	中野愛子ですね	Editional	
あいこ	中野愛子ですね	Editional	
文学	佐藤宗子ですね	Editional	
児童	佐藤宗子ですね	Editional	
日本	佐藤宗子ですね	Editional	
会長	佐藤宗子ですね	Editional	
学部	佐藤宗子ですね	Editional	
土御門	土御門殿 (村上源氏)ですね	Editional	
源	土御門殿 (村上源氏)ですね	Editional	
房	土御門殿 (村上源氏)ですね	Editional	
村上	土御門殿 (村上源氏)ですね	Editional	
邸宅	土御門殿 (村上源氏)ですね	Editional	
野辺	野辺重夫ですね	Editional	
昭和	野辺重夫ですね	Editional	
月	野辺重夫ですね	Editional	
編隊	野辺重夫ですね	Editional	
特攻	野辺重夫ですね	Editional	
アメリカ合衆国	ドン・ジマーマンですね	Editional	
技師	ドン・ジマーマンですね	Editional	
アカデミー	ドン・ジマーマンですね	Editional	
作品	ドン・ジマーマンですね	Editional	
教授	大熊昭信ですね	Editional	
助教授	大熊昭信ですね	Editional	
大熊	大熊昭信ですね	Editional	
昭信	大熊昭信ですね	Editional	
英文	大熊昭信ですね	Editional	
社会	田辺寿利ですね	Editional	
田辺	田辺寿利ですね	Editional	
寿	田辺寿利ですね	Editional	
利	田辺寿利ですね	Editional	
月	田辺寿利ですね	Editional	
教授	永井義雄ですね	Editional	
名古屋大学	永井義雄ですね	Editional	
経済学部	永井義雄ですね	Editional	
経済	永井義雄ですね	Editional	
社会	永井義雄ですね	Editional	
月	フレッド・J・コーネカンプですね	Editional	
フレッド	フレッド・J・コーネカンプですね	Editional	
アメリカ合衆国	フレッド・J・コーネカンプですね	Editional	
ロサンゼルス	フレッド・J・コーネカンプですね	Editional	
出身	フレッド・J・コーネカンプですね	Editional	
安川	安川悦子ですね	Editional	
思想	安川悦子ですね	Editional	
教授	安川悦子ですね	Editional	
社会	安川悦子ですね	Editional	
悦子	安川悦子ですね	Editional	
石田	石田保昭ですね	Editional	
保	石田保昭ですね	Editional	
インド	石田保昭ですね	Editional	
陸軍	石田保昭ですね	Editional	
北田	石田保昭ですね	Editional	
事件	石元太一ですね	Editional	
関東	石元太一ですね	Editional	
月	石元太一ですね	Editional	
連合	石元太一ですね	Editional	
東京	石元太一ですね	Editional	
日本	府川源一郎ですね	Editional	
学会	府川源一郎ですね	Editional	
横浜国立大学	府川源一郎ですね	Editional	
小学校	府川源一郎ですね	Editional	
府川	府川源一郎ですね	Editional	
刑事	マーティン・コーヴですね	Editional	
月	マーティン・コーヴですね	Editional	
アメリカ合衆国	マーティン・コーヴですね	Editional	
俳優	マーティン・コーヴですね	Editional	
ニューヨーク	マーティン・コーヴですね	Editional	
月	鈴木政行ですね	Editional	
バンド	鈴木政行ですね	Editional	
鈴木	鈴木政行ですね	Editional	
樋口	鈴木政行ですね	Editional	
政行	鈴木政行ですね	Editional	
田中	田中寿一ですね	Editional	
女優	田中寿一ですね	Editional	
沢井	田中寿一ですね	Editional	
烏丸	田中寿一ですね	Editional	
寿一	田中寿一ですね	Editional	
鈴木	鈴木裕子ですね	Editional	
裕子	鈴木裕子ですね	Editional	
すずき	鈴木裕子ですね	Editional	
ゆうこ	鈴木裕子ですね	Editional	
ひろこ	鈴木裕子ですね	Editional	
福岡	宗方脩ですね	Editional	
番組	宗方脩ですね	Editional	
他	宗方脩ですね	Editional	
宗方	宗方脩ですね	Editional	
脩	宗方脩ですね	Editional	
平川	平川市立平賀西中学校ですね	Editional	
平賀	平川市立平賀西中学校ですね	Editional	
市立	平川市立平賀西中学校ですね	Editional	
西中	平川市立平賀西中学校ですね	Editional	
学校	平川市立平賀西中学校ですね	Editional	
少年	三越左千夫少年詩賞ですね	Editional	
文学	三越左千夫少年詩賞ですね	Editional	
詩	三越左千夫少年詩賞ですね	Editional	
日本	三越左千夫少年詩賞ですね	Editional	
児童	三越左千夫少年詩賞ですね	Editional	
学校	聖学院中学校・高等学校ですね	Editional	
中学校	聖学院中学校・高等学校ですね	Editional	
聖	聖学院中学校・高等学校ですね	Editional	
学院	聖学院中学校・高等学校ですね	Editional	
東京	聖学院中学校・高等学校ですね	Editional	
教授	明石紀雄ですね	Editional	
明石	明石紀雄ですね	Editional	
紀雄	明石紀雄ですね	Editional	
筑波大学	明石紀雄ですね	Editional	
東京	明石紀雄ですね	Editional	
レオン	アルフォンソ5世 (レオン王)ですね	Editional	
エル	アルフォンソ5世 (レオン王)ですね	Editional	
ビラ	アルフォンソ5世 (レオン王)ですね	Editional	
母	アルフォンソ5世 (レオン王)ですね	Editional	
摂政	アルフォンソ5世 (レオン王)ですね	Editional	
郡	テリー郡 (テキサス州)ですね	Editional	
テリー	テリー郡 (テキサス州)ですね	Editional	
人口	テリー郡 (テキサス州)ですね	Editional	
ブラウン	テリー郡 (テキサス州)ですね	Editional	
フィールド	テリー郡 (テキサス州)ですね	Editional	
宮	宮嵜守史ですね	Editional	
みや	宮嵜守史ですね	Editional	
月	宮嵜守史ですね	Editional	
日本	宮嵜守史ですね	Editional	
ラジオ	宮嵜守史ですね	Editional	
昭和	中野英光ですね	Editional	
陸軍	中野英光ですね	Editional	
歩兵	中野英光ですね	Editional	
特務	中野英光ですね	Editional	
機関	中野英光ですね	Editional	
保険	米山高生ですね	Editional	
日本	米山高生ですね	Editional	
リスク	米山高生ですね	Editional	
学会	米山高生ですね	Editional	
会長	米山高生ですね	Editional	
万代	万代勝信ですね	Editional	
勝信	万代勝信ですね	Editional	
委員	万代勝信ですね	Editional	
だい	万代勝信ですね	Editional	
のぶ	万代勝信ですね	Editional	
プロ	小林未沙ですね	Editional	
最高	小林未沙ですね	Editional	
雀	小林未沙ですね	Editional	
小林	小林未沙ですね	Editional	
未沙	小林未沙ですね	Editional	
月	ジェイ・ボスロイドですね	Editional	
チーム	ジェイ・ボスロイドですね	Editional	
リーグ	ジェイ・ボスロイドですね	Editional	
イングランド	ジェイ・ボスロイドですね	Editional	
シーズン	ジェイ・ボスロイドですね	Editional	
艦隊	白石萬隆ですね	Editional	
白石	白石萬隆ですね	Editional	
海軍	白石萬隆ですね	Editional	
部隊	白石萬隆ですね	Editional	
海戦	白石萬隆ですね	Editional	
野坂	野坂泰司ですね	Editional	
泰司	野坂泰司ですね	Editional	
日本	野坂泰司ですね	Editional	
法学	野坂泰司ですね	Editional	
東京	野坂泰司ですね	Editional	
大学	ジョージ・ウィリアム・ダンホフですね	Editional	
心理	ジョージ・ウィリアム・ダンホフですね	Editional	
ジョージ	ジョージ・ウィリアム・ダンホフですね	Editional	
ウィリアム	ジョージ・ウィリアム・ダンホフですね	Editional	
カリフォルニア	ジョージ・ウィリアム・ダンホフですね	Editional	
貞	藤原仲統ですね	Editional	
和	藤原仲統ですね	Editional	
藤原	藤原仲統ですね	Editional	
仲	藤原仲統ですね	Editional	
参議	藤原仲統ですね	Editional	
映画	渋谷紀世子ですね	Editional	
渋谷	渋谷紀世子ですね	Editional	
紀世子	渋谷紀世子ですね	Editional	
ディレクター	渋谷紀世子ですね	Editional	
白	渋谷紀世子ですね	Editional	
太田垣	太田垣香織ですね	Editional	
香織	太田垣香織ですね	Editional	
ディレクター	太田垣香織ですね	Editional	
デザイナー	太田垣香織ですね	Editional	
かおり	太田垣香織ですね	Editional	
野崎	野崎宏二ですね	Editional	
宏	野崎宏二ですね	Editional	
日本	野崎宏二ですね	Editional	
スーパー	野崎宏二ですね	Editional	
バイザー	野崎宏二ですね	Editional	
長官	ロバート・A・ラヴェットですね	Editional	
月	ロバート・A・ラヴェットですね	Editional	
国防	ロバート・A・ラヴェットですね	Editional	
米国	ロバート・A・ラヴェットですね	Editional	
軍事	ロバート・A・ラヴェットですね	Editional	
高木	高木家の惨劇ですね	Editional	
事件	高木家の惨劇ですね	Editional	
長編	高木家の惨劇ですね	Editional	
小説	高木家の惨劇ですね	Editional	
男	高木家の惨劇ですね	Editional	
ロシア	ジョージ・ケナン (探検家)ですね	Editional	
地域	ジョージ・ケナン (探検家)ですね	Editional	
シベリア	ジョージ・ケナン (探検家)ですね	Editional	
米国	ジョージ・ケナン (探検家)ですね	Editional	
月	ジョージ・ケナン (探検家)ですね	Editional	
ラリー	ラリー・チャールズですね	Editional	
チャールズ	ラリー・チャールズですね	Editional	
月	ラリー・チャールズですね	Editional	
アメリカ合衆国	ラリー・チャールズですね	Editional	
脚本	ラリー・チャールズですね	Editional	
ベル	ベルムード3世ですね	Editional	
ムード	ベルムード3世ですね	Editional	
レオン	ベルムード3世ですね	Editional	
ガルシア	ベルムード3世ですね	Editional	
サンチェス	ベルムード3世ですね	Editional	
宇佐美	宇佐美なな (AV女優)ですね	Editional	
女優	宇佐美なな (AV女優)ですね	Editional	
うさ	宇佐美なな (AV女優)ですね	Editional	
月	宇佐美なな (AV女優)ですね	Editional	
日本	宇佐美なな (AV女優)ですね	Editional	
吉川	吉川新ですね	Editional	
新	吉川新ですね	Editional	
よし	吉川新ですね	Editional	
日本	吉川新ですね	Editional	
漫画	吉川新ですね	Editional	
ベル	ベルムードですね	Editional	
ムード	ベルムードですね	Editional	
丸	金龍丸 (特設巡洋艦)ですね	Editional	
月	金龍丸 (特設巡洋艦)ですね	Editional	
金	金龍丸 (特設巡洋艦)ですね	Editional	
龍	金龍丸 (特設巡洋艦)ですね	Editional	
部隊	金龍丸 (特設巡洋艦)ですね	Editional	
道	道木伸隆ですね	Editional	
木	道木伸隆ですね	Editional	
伸	道木伸隆ですね	Editional	
隆	道木伸隆ですね	Editional	
スーパー	道木伸隆ですね	Editional	
映画	立石勝ですね	Editional	
立石	立石勝ですね	Editional	
勝	立石勝ですね	Editional	
スーパー	立石勝ですね	Editional	
バイザー	立石勝ですね	Editional	
月	鹿角剛司ですね	Editional	
鹿角	鹿角剛司ですね	Editional	
会社	鹿角剛司ですね	Editional	
ゲーム	鹿角剛司ですね	Editional	
映画	鹿角剛司ですね	Editional	
若林	若林仁ですね	Editional	
仁	若林仁ですね	Editional	
わか	若林仁ですね	Editional	
ひとし	若林仁ですね	Editional	
桜	桜瀬奈ですね	Editional	
瀬奈	桜瀬奈ですね	Editional	
月	桜瀬奈ですね	Editional	
女優	桜瀬奈ですね	Editional	
真島	桜瀬奈ですね	Editional	
釈	釈名ですね	Editional	
劉	釈名ですね	Editional	
天	釈名ですね	Editional	
漢	釈名ですね	Editional	
項目	釈名ですね	Editional	
南京	江寧体育中心ですね	Editional	
サッカー	江寧体育中心ですね	Editional	
女子	江寧体育中心ですね	Editional	
江	江寧体育中心ですね	Editional	
寧	江寧体育中心ですね	Editional	
尼子	原手合戦ですね	Editional	
出雲	原手合戦ですね	Editional	
手	原手合戦ですね	Editional	
毛利	原手合戦ですね	Editional	
戦い	原手合戦ですね	Editional	
月	アーマド・エルリッチですね	Editional	
シーズン	アーマド・エルリッチですね	Editional	
選手	アーマド・エルリッチですね	Editional	
チーム	アーマド・エルリッチですね	Editional	
機会	アーマド・エルリッチですね	Editional	
直井	直井武夫ですね	Editional	
武夫	直井武夫ですね	Editional	
月	直井武夫ですね	Editional	
ソ連	直井武夫ですね	Editional	
たけお	直井武夫ですね	Editional	
月	宝生舞ですね	Editional	
学校	宝生舞ですね	Editional	
宝生	宝生舞ですね	Editional	
舞	宝生舞ですね	Editional	
事務所	宝生舞ですね	Editional	
賞	ジョン・フォン・ノイマン理論賞ですね	Editional	
ジョン	ジョン・フォン・ノイマン理論賞ですね	Editional	
フォン	ジョン・フォン・ノイマン理論賞ですね	Editional	
ノイ	ジョン・フォン・ノイマン理論賞ですね	Editional	
マン	ジョン・フォン・ノイマン理論賞ですね	Editional	
小山	小山悌ですね	Editional	
中島	小山悌ですね	Editional	
昭和	小山悌ですね	Editional	
航空機	小山悌ですね	Editional	
飛行機	小山悌ですね	Editional	
マーラー	マーラー (映画)ですね	Editional	
映画	マーラー (映画)ですね	Editional	
シーン	マーラー (映画)ですね	Editional	
ユダヤ	マーラー (映画)ですね	Editional	
音楽	マーラー (映画)ですね	Editional	
月	久保芳和ですね	Editional	
経済	久保芳和ですね	Editional	
関西学院大学	久保芳和ですね	Editional	
教授	久保芳和ですね	Editional	
久保	久保芳和ですね	Editional	
選手	ジョージ・エイヴリーですね	Editional	
オリンピック	ジョージ・エイヴリーですね	Editional	
決勝	ジョージ・エイヴリーですね	Editional	
月	ジョージ・エイヴリーですね	Editional	
三段跳	ジョージ・エイヴリーですね	Editional	
トム	国鉄トム50000形貨車ですね	Editional	
昭和	国鉄トム50000形貨車ですね	Editional	
トラ	国鉄トム50000形貨車ですね	Editional	
国鉄	国鉄トム50000形貨車ですね	Editional	
鉄道	国鉄トム50000形貨車ですね	Editional	
蝋	蝋山芳郎ですね	Editional	
芳郎	蝋山芳郎ですね	Editional	
ろう	蝋山芳郎ですね	Editional	
月	蝋山芳郎ですね	Editional	
日本	蝋山芳郎ですね	Editional	
番組	松永二三男の夕ラジですね	Editional	
月	松永二三男の夕ラジですね	Editional	
松永	松永二三男の夕ラジですね	Editional	
二三男	松永二三男の夕ラジですね	Editional	
ラジ	松永二三男の夕ラジですね	Editional	
教授	富田虎男ですね	Editional	
富田	富田虎男ですね	Editional	
虎男	富田虎男ですね	Editional	
アメリカ	富田虎男ですね	Editional	
立教大学	富田虎男ですね	Editional	
山田	山田勝次郎ですね	Editional	
勝次郎	山田勝次郎ですね	Editional	
月	山田勝次郎ですね	Editional	
経済	山田勝次郎ですね	Editional	
蝋	山田勝次郎ですね	Editional	
歌曲	薮田翔一ですね	Editional	
詩	薮田翔一ですね	Editional	
音楽	薮田翔一ですね	Editional	
中原	薮田翔一ですね	Editional	
中也	薮田翔一ですね	Editional	
養	養酒オヘペですね	Editional	
酒	養酒オヘペですね	Editional	
漫画	養酒オヘペですね	Editional	
日本	養酒オヘペですね	Editional	
広島	広島定吉ですね	Editional	
定吉	広島定吉ですね	Editional	
月	広島定吉ですね	Editional	
日	広島定吉ですね	Editional	
ソ	広島定吉ですね	Editional	
木村	木村比査子ですね	Editional	
比	木村比査子ですね	Editional	
気象	木村比査子ですね	Editional	
天気	木村比査子ですね	Editional	
むら	木村比査子ですね	Editional	
今井	今井 (川崎市)ですね	Editional	
用水	今井 (川崎市)ですね	Editional	
当地	今井 (川崎市)ですね	Editional	
川崎	今井 (川崎市)ですね	Editional	
橘	今井 (川崎市)ですね	Editional	
王	遊☆戯☆王デュエルモンスターズ WORLD CHAMPIONSHIP 2007ですね	Editional	
カード	遊☆戯☆王デュエルモンスターズ WORLD CHAMPIONSHIP 2007ですね	Editional	
ゲーム	遊☆戯☆王デュエルモンスターズ WORLD CHAMPIONSHIP 2007ですね	Editional	
ソフト	遊☆戯☆王デュエルモンスターズ WORLD CHAMPIONSHIP 2007ですね	Editional	
シリーズ	遊☆戯☆王デュエルモンスターズ WORLD CHAMPIONSHIP 2007ですね	Editional	
堀川	堀川哲男ですね	Editional	
哲男	堀川哲男ですね	Editional	
中国	堀川哲男ですね	Editional	
京都大	堀川哲男ですね	Editional	
助教授	堀川哲男ですね	Editional	
多留	多留姫の滝ですね	Editional	
姫	多留姫の滝ですね	Editional	
滝	多留姫の滝ですね	Editional	
茅野	多留姫の滝ですね	Editional	
神社	多留姫の滝ですね	Editional	
まさ	真里まさとしですね	Editional	
真里	真里まさとしですね	Editional	
日本	真里まさとしですね	Editional	
漫画	真里まさとしですね	Editional	
道路	宇土道路ですね	Editional	
宇土	宇土道路ですね	Editional	
熊本	宇土道路ですね	Editional	
うろ	宇土道路ですね	Editional	
城塚	宇土道路ですね	Editional	
月	ニコライ・ニキフォロフですね	Editional	
ロシア	ニコライ・ニキフォロフですね	Editional	
情報	ニコライ・ニキフォロフですね	Editional	
大臣	ニコライ・ニキフォロフですね	Editional	
共和	ニコライ・ニキフォロフですね	Editional	
伝馬	伝馬定書ですね	Editional	
定	伝馬定書ですね	Editional	
戦国	伝馬定書ですね	Editional	
時代	伝馬定書ですね	Editional	
江戸	伝馬定書ですね	Editional	
グリーン	ハミルトン・グリーンですね	Editional	
月	ハミルトン・グリーンですね	Editional	
ガイアナ	ハミルトン・グリーンですね	Editional	
ハミルトン	ハミルトン・グリーンですね	Editional	
人民	ハミルトン・グリーンですね	Editional	
日本	坂本徳松ですね	Editional	
坂本	坂本徳松ですね	Editional	
徳松	坂本徳松ですね	Editional	
月	坂本徳松ですね	Editional	
友好	坂本徳松ですね	Editional	
遥	桃原遥ですね	Editional	
桃原	桃原遥ですね	Editional	
桃	桃原遥ですね	Editional	
原	桃原遥ですね	Editional	
月	桃原遥ですね	Editional	
シリーズ	南野梅雄ですね	Editional	
南野	南野梅雄ですね	Editional	
京都	南野梅雄ですね	Editional	
座頭	南野梅雄ですね	Editional	
市	南野梅雄ですね	Editional	
パキスタン	ヒナ・ラッバーニ・カルですね	Editional	
月	ヒナ・ラッバーニ・カルですね	Editional	
インド	ヒナ・ラッバーニ・カルですね	Editional	
女性	ヒナ・ラッバーニ・カルですね	Editional	
大臣	ヒナ・ラッバーニ・カルですね	Editional	
女優	佐々木心音ですね	Editional	
佐々木	佐々木心音ですね	Editional	
心音	佐々木心音ですね	Editional	
月	佐々木心音ですね	Editional	
音楽	佐々木心音ですね	Editional	
月	ホルスト・ヘルトですね	Editional	
クラブ	ホルスト・ヘルトですね	Editional	
ケルン	ホルスト・ヘルトですね	Editional	
ドイツ	ホルスト・ヘルトですね	Editional	
ホルスト	ホルスト・ヘルトですね	Editional	
教授	井上裕正ですね	Editional	
文学	井上裕正ですね	Editional	
井上	井上裕正ですね	Editional	
裕正	井上裕正ですね	Editional	
東洋	井上裕正ですね	Editional	
石井	H (石井竜也のアルバム)ですね	Editional	
竜也	H (石井竜也のアルバム)ですね	Editional	
アルバム	H (石井竜也のアルバム)ですね	Editional	
曲	H (石井竜也のアルバム)ですね	Editional	
月	H (石井竜也のアルバム)ですね	Editional	
並木	並木正男ですね	Editional	
正男	並木正男ですね	Editional	
地方裁判所	並木正男ですね	Editional	
所長	並木正男ですね	Editional	
大阪	並木正男ですね	Editional	
飛地	粟野 (鎌ケ谷市)ですね	Editional	
鎌ケ谷	粟野 (鎌ケ谷市)ですね	Editional	
粟野	粟野 (鎌ケ谷市)ですね	Editional	
千葉	粟野 (鎌ケ谷市)ですね	Editional	
佐津間	粟野 (鎌ケ谷市)ですね	Editional	
鎌ケ谷	鎌ケ谷 (鎌ケ谷市)ですね	Editional	
船橋	鎌ケ谷 (鎌ケ谷市)ですね	Editional	
南側	鎌ケ谷 (鎌ケ谷市)ですね	Editional	
西側	鎌ケ谷 (鎌ケ谷市)ですね	Editional	
町	鎌ケ谷 (鎌ケ谷市)ですね	Editional	
西野	西野照太郎ですね	Editional	
照	西野照太郎ですね	Editional	
太郎	西野照太郎ですね	Editional	
月	西野照太郎ですね	Editional	
アフリカ	西野照太郎ですね	Editional	
東京	坪田直子ですね	Editional	
坪田	坪田直子ですね	Editional	
直子	坪田直子ですね	Editional	
月	坪田直子ですね	Editional	
なおこ	坪田直子ですね	Editional	
アルバム	ジェームス・マーフィーですね	Editional	
ジェームス	ジェームス・マーフィーですね	Editional	
月	ジェームス・マーフィーですね	Editional	
映画	ジェームス・マーフィーですね	Editional	
サウンド	ジェームス・マーフィーですね	Editional	
トム	国鉄トム11000形貨車ですね	Editional	
昭和	国鉄トム11000形貨車ですね	Editional	
形式	国鉄トム11000形貨車ですね	Editional	
形	国鉄トム11000形貨車ですね	Editional	
トラ	国鉄トム11000形貨車ですね	Editional	
教授	岡田忠軒ですね	Editional	
岡田	岡田忠軒ですね	Editional	
忠	岡田忠軒ですね	Editional	
英文	岡田忠軒ですね	Editional	
茨城	岡田忠軒ですね	Editional	
ビル	ジョージ・B・ポストですね	Editional	
ポスト	ジョージ・B・ポストですね	Editional	
ニューヨーク	ジョージ・B・ポストですね	Editional	
オフィス	ジョージ・B・ポストですね	Editional	
ジョージ	ジョージ・B・ポストですね	Editional	
松田	松田祐季ですね	Editional	
祐季	松田祐季ですね	Editional	
福井	松田祐季ですね	Editional	
まつ	松田祐季ですね	Editional	
月	松田祐季ですね	Editional	
選手	モニカ・デバートサウザーですね	Editional	
オリンピック	モニカ・デバートサウザーですね	Editional	
モニカ	モニカ・デバートサウザーですね	Editional	
月	モニカ・デバートサウザーですね	Editional	
東ドイツ	モニカ・デバートサウザーですね	Editional	
高橋	高橋禎二ですね	Editional	
禎二	高橋禎二ですね	Editional	
哲学	高橋禎二ですね	Editional	
たかはし	高橋禎二ですね	Editional	
日本	高橋禎二ですね	Editional	
音楽	櫻康ですね	Editional	
康	櫻康ですね	Editional	
櫻	櫻康ですね	Editional	
ギタリスト	櫻康ですね	Editional	
ギター	櫻康ですね	Editional	
まみ	高沢沙耶ですね	Editional	
高沢	高沢沙耶ですね	Editional	
沙耶	高沢沙耶ですね	Editional	
女優	高沢沙耶ですね	Editional	
あや	高沢沙耶ですね	Editional	
民	范漢傑ですね	Editional	
月	范漢傑ですね	Editional	
傑	范漢傑ですね	Editional	
参謀	范漢傑ですね	Editional	
委員	范漢傑ですね	Editional	
月	長守善ですね	Editional	
経済	長守善ですね	Editional	
大学	長守善ですね	Editional	
教授	長守善ですね	Editional	
善	長守善ですね	Editional	
ピアノ	中谷孝男ですね	Editional	
日本	中谷孝男ですね	Editional	
中谷	中谷孝男ですね	Editional	
孝男	中谷孝男ですね	Editional	
月	中谷孝男ですね	Editional	
モー	ケイト・モートンですね	Editional	
トン	ケイト・モートンですね	Editional	
オーストラリア	ケイト・モートンですね	Editional	
ケイト	ケイト・モートンですね	Editional	
作家	ケイト・モートンですね	Editional	
西	西雅雄ですね	Editional	
雅雄	西雅雄ですね	Editional	
月	西雅雄ですね	Editional	
にし	西雅雄ですね	Editional	
まさお	西雅雄ですね	Editional	
ノンフィクション	森功ですね	Editional	
候補	森功ですね	Editional	
大宅	森功ですね	Editional	
壮一	森功ですね	Editional	
森	森功ですね	Editional	
海軍	吉岡範策ですね	Editional	
大正	吉岡範策ですね	Editional	
艦長	吉岡範策ですね	Editional	
月	吉岡範策ですね	Editional	
明治	吉岡範策ですね	Editional	
ヴァイ	ヘルマン・フォン・ザクセン＝ヴァイマル＝アイゼナハですね	Editional	
マル	ヘルマン・フォン・ザクセン＝ヴァイマル＝アイゼナハですね	Editional	
勲章	ヘルマン・フォン・ザクセン＝ヴァイマル＝アイゼナハですね	Editional	
月	ヘルマン・フォン・ザクセン＝ヴァイマル＝アイゼナハですね	Editional	
ザクセン	ヘルマン・フォン・ザクセン＝ヴァイマル＝アイゼナハですね	Editional	
小栗	小栗了之ですね	Editional	
教授	小栗了之ですね	Editional	
了	小栗了之ですね	Editional	
北海道教育大学	小栗了之ですね	Editional	
りょう	小栗了之ですね	Editional	
交響	成田達輝ですね	Editional	
楽団	成田達輝ですね	Editional	
音楽	成田達輝ですね	Editional	
フィルハーモニー	成田達輝ですね	Editional	
日本	成田達輝ですね	Editional	
ベル	ベルムード1世ですね	Editional	
ムード	ベルムード1世ですね	Editional	
弟	ベルムード1世ですね	Editional	
聖職	ベルムード1世ですね	Editional	
王	ベルムード1世ですね	Editional	
今井	今井康揮ですね	Editional	
康	今井康揮ですね	Editional	
こうき	今井康揮ですね	Editional	
月	今井康揮ですね	Editional	
日本	今井康揮ですね	Editional	
アメリカ	清水知久ですね	Editional	
清水	清水知久ですね	Editional	
知久	清水知久ですね	Editional	
日本女子大学	清水知久ですね	Editional	
教授	清水知久ですね	Editional	
竹中	竹中直人の大人の笑いですね	Editional	
直人	竹中直人の大人の笑いですね	Editional	
大人	竹中直人の大人の笑いですね	Editional	
笑い	竹中直人の大人の笑いですね	Editional	
月	竹中直人の大人の笑いですね	Editional	
郡	スカリー郡 (テキサス州)ですね	Editional	
鉄道	スカリー郡 (テキサス州)ですね	Editional	
スカリー	スカリー郡 (テキサス州)ですね	Editional	
町	スカリー郡 (テキサス州)ですね	Editional	
人口	スカリー郡 (テキサス州)ですね	Editional	
篠原	篠原裕明ですね	Editional	
裕明	篠原裕明ですね	Editional	
テレビ東京	篠原裕明ですね	Editional	
しの	篠原裕明ですね	Editional	
ひろあき	篠原裕明ですね	Editional	
ダライ	ダライ・ラマ法王日本代表部事務所ですね	Editional	
ラマ	ダライ・ラマ法王日本代表部事務所ですね	Editional	
日本	ダライ・ラマ法王日本代表部事務所ですね	Editional	
法王	ダライ・ラマ法王日本代表部事務所ですね	Editional	
事務所	ダライ・ラマ法王日本代表部事務所ですね	Editional	
重吉	下泉重吉ですね	Editional	
月	下泉重吉ですね	Editional	
日本	下泉重吉ですね	Editional	
動物	下泉重吉ですね	Editional	
下泉	下泉重吉ですね	Editional	
教授	小堀巌ですね	Editional	
小堀	小堀巌ですね	Editional	
巌	小堀巌ですね	Editional	
月	小堀巌ですね	Editional	
地理	小堀巌ですね	Editional	
月	和崎信哉ですね	Editional	
和	和崎信哉ですね	Editional	
崎	和崎信哉ですね	Editional	
京都	和崎信哉ですね	Editional	
取締役	和崎信哉ですね	Editional	
月	マリヤ・ルイザ・ブルガルスカですね	Editional	
間	マリヤ・ルイザ・ブルガルスカですね	Editional	
弟	マリヤ・ルイザ・ブルガルスカですね	Editional	
カール	マリヤ・ルイザ・ブルガルスカですね	Editional	
マリヤ	マリヤ・ルイザ・ブルガルスカですね	Editional	
丸山	丸山朝ヲですね	Editional	
朝	丸山朝ヲですね	Editional	
まるや	丸山朝ヲですね	Editional	
とも	丸山朝ヲですね	Editional	
日本	丸山朝ヲですね	Editional	
北山	北山トンネル (仙台市)ですね	Editional	
仙台	北山トンネル (仙台市)ですね	Editional	
トンネル	北山トンネル (仙台市)ですね	Editional	
平成	北山トンネル (仙台市)ですね	Editional	
大衡	北山トンネル (仙台市)ですね	Editional	
アイスホッケー	大川ダニエルですね	Editional	
大学	大川ダニエルですね	Editional	
日本	大川ダニエルですね	Editional	
シーズン	大川ダニエルですね	Editional	
大川	大川ダニエルですね	Editional	
アイスホッケー	ロバート・モーランですね	Editional	
選手	ロバート・モーランですね	Editional	
日本	ロバート・モーランですね	Editional	
ロバート	ロバート・モーランですね	Editional	
モー	ロバート・モーランですね	Editional	
コミュニケーション	丸山真純ですね	Editional	
国際	丸山真純ですね	Editional	
文化	丸山真純ですね	Editional	
大学	丸山真純ですね	Editional	
学会	丸山真純ですね	Editional	
大倉山	大倉山 (横浜市)ですね	Editional	
太尾	大倉山 (横浜市)ですね	Editional	
駅	大倉山 (横浜市)ですね	Editional	
横浜	大倉山 (横浜市)ですね	Editional	
港北	大倉山 (横浜市)ですね	Editional	
サン	サン・シティ (曲)ですね	Editional	
シティ	サン・シティ (曲)ですね	Editional	
曲	サン・シティ (曲)ですね	Editional	
シングル	サン・シティ (曲)ですね	Editional	
ミュージシャン	サン・シティ (曲)ですね	Editional	
小説	ジャネット・イヴァノヴィッチですね	Editional	
ロマンス	ジャネット・イヴァノヴィッチですね	Editional	
作品	ジャネット・イヴァノヴィッチですね	Editional	
シリーズ	ジャネット・イヴァノヴィッチですね	Editional	
名義	ジャネット・イヴァノヴィッチですね	Editional	
小椋	小椋広勝ですね	Editional	
広勝	小椋広勝ですね	Editional	
月	小椋広勝ですね	Editional	
経済	小椋広勝ですね	Editional	
東京	小椋広勝ですね	Editional	
昭和	岩本勲ですね	Editional	
教授	岩本勲ですね	Editional	
岩本	岩本勲ですね	Editional	
勲	岩本勲ですね	Editional	
政治	岩本勲ですね	Editional	
ジョン	ジョン・リンドリーですね	Editional	
月	ジョン・リンドリーですね	Editional	
アメリカ合衆国	ジョン・リンドリーですね	Editional	
ニューヨーク	ジョン・リンドリーですね	Editional	
出身	ジョン・リンドリーですね	Editional	
社会	レオ・ヒューバーマンですね	Editional	
主義	レオ・ヒューバーマンですね	Editional	
月	レオ・ヒューバーマンですね	Editional	
レオ	レオ・ヒューバーマンですね	Editional	
アメリカ合衆国	レオ・ヒューバーマンですね	Editional	
大学	川上源太郎ですね	Editional	
川上	川上源太郎ですね	Editional	
源太郎	川上源太郎ですね	Editional	
日本	川上源太郎ですね	Editional	
社会	川上源太郎ですね	Editional	
月	山田克己ですね	Editional	
愛知	山田克己ですね	Editional	
井桁	山田克己ですね	Editional	
津島	山田克己ですね	Editional	
県立	山田克己ですね	Editional	
石井	石井久吾ですね	Editional	
久吾	石井久吾ですね	Editional	
日本	石井久吾ですね	Editional	
千葉	石井久吾ですね	Editional	
作家	石井久吾ですね	Editional	
安藤	安藤要人ですね	Editional	
要人	安藤要人ですね	Editional	
津山	安藤要人ですね	Editional	
かなめ	安藤要人ですね	Editional	
没年	安藤要人ですね	Editional	
アイスホッケー	桝川浩司ですね	Editional	
王子製紙	桝川浩司ですね	Editional	
浩司	桝川浩司ですね	Editional	
日本	桝川浩司ですね	Editional	
シーズン	桝川浩司ですね	Editional	
月	ロバート・パストレリですね	Editional	
ロバート	ロバート・パストレリですね	Editional	
拳銃	ロバート・パストレリですね	Editional	
手	ロバート・パストレリですね	Editional	
ジョゼフ	ロバート・パストレリですね	Editional	
マイケル	マイケル (映画)ですね	Editional	
天使	マイケル (映画)ですね	Editional	
記者	マイケル (映画)ですね	Editional	
映画	マイケル (映画)ですね	Editional	
シカゴ	マイケル (映画)ですね	Editional	
映画	本木荘二郎ですね	Editional	
月	本木荘二郎ですね	Editional	
黒澤	本木荘二郎ですね	Editional	
東宝	本木荘二郎ですね	Editional	
本木	本木荘二郎ですね	Editional	
平成	倉山満ですね	Editional	
日本	倉山満ですね	Editional	
憲法	倉山満ですね	Editional	
倉山	倉山満ですね	Editional	
月	倉山満ですね	Editional	
彩	彩イリスですね	Editional	
りす	彩イリスですね	Editional	
月	彩イリスですね	Editional	
女性	彩イリスですね	Editional	
ファッションモデル	彩イリスですね	Editional	
月	山崎あおいですね	Editional	
山崎	山崎あおいですね	Editional	
ギター	山崎あおいですね	Editional	
高校	山崎あおいですね	Editional	
北海道	山崎あおいですね	Editional	
小説	若桜木虔ですね	Editional	
桜木	若桜木虔ですね	Editional	
虔	若桜木虔ですね	Editional	
静岡	若桜木虔ですね	Editional	
月	若桜木虔ですね	Editional	
シーズン	フランク・ファリーナですね	Editional	
リーグ	フランク・ファリーナですね	Editional	
月	フランク・ファリーナですね	Editional	
選手	フランク・ファリーナですね	Editional	
ゴール	フランク・ファリーナですね	Editional	
飯田川	飯田川路中継局ですね	Editional	
長野	飯田川路中継局ですね	Editional	
飯田	飯田川路中継局ですね	Editional	
川路	飯田川路中継局ですね	Editional	
テレビジョン	飯田川路中継局ですね	Editional	
昭和	高橋正男ですね	Editional	
教授	高橋正男ですね	Editional	
高橋	高橋正男ですね	Editional	
正男	高橋正男ですね	Editional	
日本	高橋正男ですね	Editional	
黒瀬	黒瀬純ですね	Editional	
純	黒瀬純ですね	Editional	
福岡	黒瀬純ですね	Editional	
じゅん	黒瀬純ですね	Editional	
月	黒瀬純ですね	Editional	
富岡	富岡 (鎌ケ谷市)ですね	Editional	
鎌ケ谷	富岡 (鎌ケ谷市)ですね	Editional	
千葉	富岡 (鎌ケ谷市)ですね	Editional	
中央	富岡 (鎌ケ谷市)ですね	Editional	
地価	富岡 (鎌ケ谷市)ですね	Editional	
経済	元山斉ですね	Editional	
元山	元山斉ですね	Editional	
斉	元山斉ですね	Editional	
学者	元山斉ですね	Editional	
科学	元山斉ですね	Editional	
郡	フィッシャー郡 (テキサス州)ですね	Editional	
人口	フィッシャー郡 (テキサス州)ですね	Editional	
フィッシャー	フィッシャー郡 (テキサス州)ですね	Editional	
テキサス	フィッシャー郡 (テキサス州)ですね	Editional	
国勢調査	フィッシャー郡 (テキサス州)ですね	Editional	
郡	ジョーンズ郡 (テキサス州)ですね	Editional	
人口	ジョーンズ郡 (テキサス州)ですね	Editional	
ジョーンズ	ジョーンズ郡 (テキサス州)ですね	Editional	
テキサス	ジョーンズ郡 (テキサス州)ですね	Editional	
国勢調査	ジョーンズ郡 (テキサス州)ですね	Editional	
チーム	エリック・ブーリエですね	Editional	
ルノー	エリック・ブーリエですね	Editional	
月	エリック・ブーリエですね	Editional	
マクラーレン	エリック・ブーリエですね	Editional	
フランス	エリック・ブーリエですね	Editional	
椎名	椎名洋ですね	Editional	
洋	椎名洋ですね	Editional	
学者	椎名洋ですね	Editional	
科学	椎名洋ですね	Editional	
日本	椎名洋ですね	Editional	
昭和	片桐茂ですね	Editional	
陸軍	片桐茂ですね	Editional	
騎兵	片桐茂ですね	Editional	
学校	片桐茂ですね	Editional	
中将	片桐茂ですね	Editional	
月	井上裕介 (お笑い芸人)ですね	Editional	
お笑い	井上裕介 (お笑い芸人)ですね	Editional	
井上	井上裕介 (お笑い芸人)ですね	Editional	
裕介	井上裕介 (お笑い芸人)ですね	Editional	
芸人	井上裕介 (お笑い芸人)ですね	Editional	
茎	ハナウドですね	Editional	
ハナ	ハナウドですね	Editional	
ウド	ハナウドですね	Editional	
花	ハナウドですね	Editional	
葉	ハナウドですね	Editional	
東	東克彦ですね	Editional	
克彦	東克彦ですね	Editional	
アイスホッケー	東克彦ですね	Editional	
苫小牧	東克彦ですね	Editional	
大学	東克彦ですね	Editional	
宇佐美	伊東市立宇佐美中学校ですね	Editional	
伊東	伊東市立宇佐美中学校ですね	Editional	
男子	伊東市立宇佐美中学校ですね	Editional	
中学校	伊東市立宇佐美中学校ですね	Editional	
女子	伊東市立宇佐美中学校ですね	Editional	
オリンピック	セルゲイ・アシュワンデンですね	Editional	
初戦	セルゲイ・アシュワンデンですね	Editional	
セルゲイ	セルゲイ・アシュワンデンですね	Editional	
階級	セルゲイ・アシュワンデンですね	Editional	
世界	セルゲイ・アシュワンデンですね	Editional	
須坂	須坂東中継局ですね	Editional	
東	須坂東中継局ですね	Editional	
長野	須坂東中継局ですね	Editional	
米子	須坂東中継局ですね	Editional	
テレビジョン	須坂東中継局ですね	Editional	
佐藤	2012年のインディ500ですね	Editional	
ピット	2012年のインディ500ですね	Editional	
レース	2012年のインディ500ですね	Editional	
トップ	2012年のインディ500ですね	Editional	
マシン	2012年のインディ500ですね	Editional	
目黒	スマートロビンですね	Editional	
次	スマートロビンですね	Editional	
直線	スマートロビンですね	Editional	
スマート	スマートロビンですね	Editional	
ロビン	スマートロビンですね	Editional	
川上	川上中継局ですね	Editional	
みち	川上中継局ですね	Editional	
長野	川上中継局ですね	Editional	
南佐久	川上中継局ですね	Editional	
アナログ	川上中継局ですね	Editional	
カレー	カレー沢薫ですね	Editional	
沢	カレー沢薫ですね	Editional	
漫画	カレー沢薫ですね	Editional	
人間	カレー沢薫ですね	Editional	
薫	カレー沢薫ですね	Editional	
学校	金井高等学校 (韓国)ですね	Editional	
金井	金井高等学校 (韓国)ですね	Editional	
東	金井高等学校 (韓国)ですね	Editional	
公立	金井高等学校 (韓国)ですね	Editional	
学力	金井高等学校 (韓国)ですね	Editional	
藤原	藤原浜主ですね	Editional	
弘	藤原浜主ですね	Editional	
仁	藤原浜主ですね	Editional	
浜	藤原浜主ですね	Editional	
右大臣	藤原浜主ですね	Editional	
宇都宮	菊池教中ですね	Editional	
菊池	菊池教中ですね	Editional	
江戸	菊池教中ですね	Editional	
訥庵	菊池教中ですね	Editional	
佐野屋	菊池教中ですね	Editional	
浜	浜堤ですね	Editional	
堤	浜堤ですね	Editional	
波	浜堤ですね	Editional	
水域	浜堤ですね	Editional	
湖	浜堤ですね	Editional	
葭田	葭田蔡泉ですね	Editional	
椿山	葭田蔡泉ですね	Editional	
宇都宮	葭田蔡泉ですね	Editional	
江戸	葭田蔡泉ですね	Editional	
椿	葭田蔡泉ですね	Editional	
呉	呉成崙ですね	Editional	
朝鮮	呉成崙ですね	Editional	
金	呉成崙ですね	Editional	
満州	呉成崙ですね	Editional	
日成	呉成崙ですね	Editional	
石井	DEEP (石井竜也のアルバム)ですね	Editional	
竜也	DEEP (石井竜也のアルバム)ですね	Editional	
アルバム	DEEP (石井竜也のアルバム)ですね	Editional	
コンサート	DEEP (石井竜也のアルバム)ですね	Editional	
ツアー	DEEP (石井竜也のアルバム)ですね	Editional	
石井	SKETCH (石井竜也のアルバム)ですね	Editional	
竜也	SKETCH (石井竜也のアルバム)ですね	Editional	
アルバム	SKETCH (石井竜也のアルバム)ですね	Editional	
月	高嶋美鈴ですね	Editional	
女優	高嶋美鈴ですね	Editional	
高嶋	高嶋美鈴ですね	Editional	
美鈴	高嶋美鈴ですね	Editional	
たかし	高嶋美鈴ですね	Editional	
陳	陳叔慎ですね	Editional	
隋	陳叔慎ですね	Editional	
刺史	陳叔慎ですね	Editional	
岳	陳叔慎ですね	Editional	
陽	陳叔慎ですね	Editional	
委員	竹信三恵子ですね	Editional	
朝日新聞	竹信三恵子ですね	Editional	
竹信	竹信三恵子ですね	Editional	
ジャーナリスト	竹信三恵子ですね	Editional	
センター	竹信三恵子ですね	Editional	
文学	川村晃生ですね	Editional	
慶應義塾	川村晃生ですね	Editional	
大学	川村晃生ですね	Editional	
国文学	川村晃生ですね	Editional	
教授	川村晃生ですね	Editional	
メキシコ	カルロス・モンシバイスですね	Editional	
月	カルロス・モンシバイスですね	Editional	
メキシコシティ	カルロス・モンシバイスですね	Editional	
カルロス	カルロス・モンシバイスですね	Editional	
現代	カルロス・モンシバイスですね	Editional	
小嶋	小嶋ジュンナですね	Editional	
ジュン	小嶋ジュンナですね	Editional	
じゅん	小嶋ジュンナですね	Editional	
月	小嶋ジュンナですね	Editional	
日本	小嶋ジュンナですね	Editional	
ドクター	マット・スミスですね	Editional	
スミス	マット・スミスですね	Editional	
俳優	マット・スミスですね	Editional	
月	マット・スミスですね	Editional	
イギリス	マット・スミスですね	Editional	
甲斐	甲斐静馬ですね	Editional	
静馬	甲斐静馬ですね	Editional	
日本	甲斐静馬ですね	Editional	
国際	甲斐静馬ですね	Editional	
中東	甲斐静馬ですね	Editional	
英	安達まみですね	Editional	
文学	安達まみですね	Editional	
まみ	安達まみですね	Editional	
聖心女子大学	安達まみですね	Editional	
課程	安達まみですね	Editional	
木	木澤雅博ですね	Editional	
澤	木澤雅博ですね	Editional	
雅博	木澤雅博ですね	Editional	
岡山	木澤雅博ですね	Editional	
番組	木澤雅博ですね	Editional	
甲斐	甲斐バンド&甲斐よしひろ グレイト・トリビュート・コレクション グッド・フェローズですね	Editional	
よしひろ	甲斐バンド&甲斐よしひろ グレイト・トリビュート・コレクション グッド・フェローズですね	Editional	
グッド	甲斐バンド&甲斐よしひろ グレイト・トリビュート・コレクション グッド・フェローズですね	Editional	
ローズ	甲斐バンド&甲斐よしひろ グレイト・トリビュート・コレクション グッド・フェローズですね	Editional	
バンド	甲斐バンド&甲斐よしひろ グレイト・トリビュート・コレクション グッド・フェローズですね	Editional	
豊田	豊田尭ですね	Editional	
教授	豊田尭ですね	Editional	
尭	豊田尭ですね	Editional	
文学部	豊田尭ですね	Editional	
京都大	豊田尭ですね	Editional	
教授	森博ですね	Editional	
森	森博ですね	Editional	
博	森博ですね	Editional	
社会	森博ですね	Editional	
東北大学	森博ですね	Editional	
ビル	ビルとテッドの大冒険ですね	Editional	
テッド	ビルとテッドの大冒険ですね	Editional	
歴史	ビルとテッドの大冒険ですね	Editional	
原題	ビルとテッドの大冒険ですね	Editional	
アメリカ合衆国	ビルとテッドの大冒険ですね	Editional	
トム	国鉄トム19000形貨車ですね	Editional	
昭和	国鉄トム19000形貨車ですね	Editional	
形式	国鉄トム19000形貨車ですね	Editional	
鉄道	国鉄トム19000形貨車ですね	Editional	
形	国鉄トム19000形貨車ですね	Editional	
鈴木	鈴木正四ですね	Editional	
正	鈴木正四ですね	Editional	
月	鈴木正四ですね	Editional	
大学	鈴木正四ですね	Editional	
教授	鈴木正四ですね	Editional	
日本	杉江栄一ですね	Editional	
教授	杉江栄一ですね	Editional	
杉	杉江栄一ですね	Editional	
江	杉江栄一ですね	Editional	
栄一	杉江栄一ですね	Editional	
中国	李春光事件ですね	Editional	
書記官	李春光事件ですね	Editional	
一等	李春光事件ですね	Editional	
大臣	李春光事件ですね	Editional	
日本	李春光事件ですね	Editional	
竹村	竹村猛ですね	Editional	
猛	竹村猛ですね	Editional	
月	竹村猛ですね	Editional	
フランス	竹村猛ですね	Editional	
文学	竹村猛ですね	Editional	
現代	宇治谷孟ですね	Editional	
日本	宇治谷孟ですね	Editional	
宇治谷	宇治谷孟ですね	Editional	
日本書紀	宇治谷孟ですね	Editional	
孟	宇治谷孟ですね	Editional	
海軍	鍋島俊策ですね	Editional	
学校	鍋島俊策ですね	Editional	
昭和	鍋島俊策ですね	Editional	
大正	鍋島俊策ですね	Editional	
月	鍋島俊策ですね	Editional	
経済	西村直子ですね	Editional	
西村	西村直子ですね	Editional	
直子	西村直子ですね	Editional	
理論	西村直子ですね	Editional	
にし	西村直子ですね	Editional	
月	マイケル・スウィフトですね	Editional	
選手	マイケル・スウィフトですね	Editional	
マイケル	マイケル・スウィフトですね	Editional	
オンタリオ	マイケル・スウィフトですね	Editional	
リーグ	マイケル・スウィフトですね	Editional	
病院	渡辺哲夫ですね	Editional	
渡辺	渡辺哲夫ですね	Editional	
哲夫	渡辺哲夫ですね	Editional	
東京医科歯科大学	渡辺哲夫ですね	Editional	
わ	渡辺哲夫ですね	Editional	
選手権	アン＝ソフィー・モンディエールですね	Editional	
フランス	アン＝ソフィー・モンディエールですね	Editional	
柔道	アン＝ソフィー・モンディエールですね	Editional	
世界	アン＝ソフィー・モンディエールですね	Editional	
級	アン＝ソフィー・モンディエールですね	Editional	
魔法	一肇ですね	Editional	
少女	一肇ですね	Editional	
桜	一肇ですね	Editional	
肇	一肇ですね	Editional	
ニトロ	一肇ですね	Editional	
カートン	エイドリアン・カートン・デ・ウィアートですね	Editional	
月	エイドリアン・カートン・デ・ウィアートですね	Editional	
ポーランド	エイドリアン・カートン・デ・ウィアートですね	Editional	
イギリス	エイドリアン・カートン・デ・ウィアートですね	Editional	
中国	エイドリアン・カートン・デ・ウィアートですね	Editional	
真壁	真壁友枝ですね	Editional	
柔道	真壁友枝ですね	Editional	
選手権	真壁友枝ですね	Editional	
住友	真壁友枝ですね	Editional	
海上	真壁友枝ですね	Editional	
漫画	小石川ふにですね	Editional	
小石川	小石川ふにですね	Editional	
デザイナー	小石川ふにですね	Editional	
夫	小石川ふにですね	Editional	
こいし	小石川ふにですね	Editional	
物質	フレデリック・グリフィスですね	Editional	
学者	フレデリック・グリフィスですね	Editional	
形質	フレデリック・グリフィスですね	Editional	
論文	フレデリック・グリフィスですね	Editional	
フレデリック	フレデリック・グリフィスですね	Editional	
百貨店	美松百貨店ですね	Editional	
松	美松百貨店ですね	Editional	
日比谷	美松百貨店ですね	Editional	
美	美松百貨店ですね	Editional	
昭和	美松百貨店ですね	Editional	
永沢	永沢道雄ですね	Editional	
道雄	永沢道雄ですね	Editional	
月	永沢道雄ですね	Editional	
東京	永沢道雄ですね	Editional	
委員	永沢道雄ですね	Editional	
汗	満潘汗ですね	Editional	
県	満潘汗ですね	Editional	
潘	満潘汗ですね	Editional	
文	満潘汗ですね	Editional	
説	満潘汗ですね	Editional	
清野	清野由美 (ジャーナリスト)ですね	Editional	
由美	清野由美 (ジャーナリスト)ですね	Editional	
ジャーナリスト	清野由美 (ジャーナリスト)ですね	Editional	
きよ	清野由美 (ジャーナリスト)ですね	Editional	
ゆみ	清野由美 (ジャーナリスト)ですね	Editional	
藤島	藤島宇内ですね	Editional	
宇内	藤島宇内ですね	Editional	
月	藤島宇内ですね	Editional	
朝鮮	藤島宇内ですね	Editional	
ふじ	藤島宇内ですね	Editional	
朝田	朝田照男ですね	Editional	
照男	朝田照男ですね	Editional	
さだ	朝田照男ですね	Editional	
てる	朝田照男ですね	Editional	
月	朝田照男ですね	Editional	
セント	セントジョージ島 (アラスカ州)ですね	Editional	
ジョージ	セントジョージ島 (アラスカ州)ですね	Editional	
島	セントジョージ島 (アラスカ州)ですね	Editional	
アラスカ	セントジョージ島 (アラスカ州)ですね	Editional	
諸島	セントジョージ島 (アラスカ州)ですね	Editional	
番組	若松春奈ですね	Editional	
若松	若松春奈ですね	Editional	
春奈	若松春奈ですね	Editional	
わか	若松春奈ですね	Editional	
ドラマ	若松春奈ですね	Editional	
平井	告白 (平井堅の曲)ですね	Editional	
堅	告白 (平井堅の曲)ですね	Editional	
月	告白 (平井堅の曲)ですね	Editional	
シングル	告白 (平井堅の曲)ですね	Editional	
初回	告白 (平井堅の曲)ですね	Editional	
音楽	中堀海都ですね	Editional	
作品	中堀海都ですね	Editional	
月	中堀海都ですね	Editional	
日本	中堀海都ですね	Editional	
世界	中堀海都ですね	Editional	
ムサシ	前田ムサシですね	Editional	
前田	前田ムサシですね	Editional	
漫画	前田ムサシですね	Editional	
静岡	前田ムサシですね	Editional	
富士	前田ムサシですね	Editional	
下村	下村梅子ですね	Editional	
俳人	下村梅子ですね	Editional	
梅子	下村梅子ですね	Editional	
月	下村梅子ですね	Editional	
かつらぎ	下村梅子ですね	Editional	
月	殊勲飛行十字章ですね	Editional	
章	殊勲飛行十字章ですね	Editional	
メダル	殊勲飛行十字章ですね	Editional	
殊勲	殊勲飛行十字章ですね	Editional	
功績	殊勲飛行十字章ですね	Editional	
日本	桜井長雄ですね	Editional	
昭和	桜井長雄ですね	Editional	
庭園	桜井長雄ですね	Editional	
宮	桜井長雄ですね	Editional	
主任	桜井長雄ですね	Editional	
取締役	後藤玄利ですね	Editional	
月	後藤玄利ですね	Editional	
製薬	後藤玄利ですね	Editional	
株式会社	後藤玄利ですね	Editional	
後藤	後藤玄利ですね	Editional	
臼杵	後藤國利ですね	Editional	
市長	後藤國利ですね	Editional	
大分	後藤國利ですね	Editional	
製薬	後藤國利ですね	Editional	
後藤	後藤國利ですね	Editional	
バリー	バリー・M・オズボーンですね	Editional	
月	バリー・M・オズボーンですね	Editional	
アメリカ合衆国	バリー・M・オズボーンですね	Editional	
映画	バリー・M・オズボーンですね	Editional	
プロデューサー	バリー・M・オズボーンですね	Editional	
陳	陳慧紀ですね	Editional	
紀	陳慧紀ですね	Editional	
慧	陳慧紀ですね	Editional	
侍	陳慧紀ですね	Editional	
将軍	陳慧紀ですね	Editional	
ビル	ビルとテッドの地獄旅行ですね	Editional	
テッド	ビルとテッドの地獄旅行ですね	Editional	
地獄	ビルとテッドの地獄旅行ですね	Editional	
ロボット	ビルとテッドの地獄旅行ですね	Editional	
原題	ビルとテッドの地獄旅行ですね	Editional	
教授	依田憙家ですね	Editional	
早稲田大学	依田憙家ですね	Editional	
日本	依田憙家ですね	Editional	
大学	依田憙家ですね	Editional	
依田	依田憙家ですね	Editional	
スティーヴン	スティーヴン・ヘレクですね	Editional	
テキサス	スティーヴン・ヘレクですね	Editional	
ロバート	スティーヴン・ヘレクですね	Editional	
月	スティーヴン・ヘレクですね	Editional	
アメリカ合衆国	スティーヴン・ヘレクですね	Editional	
教授	菊池秀明ですね	Editional	
菊池	菊池秀明ですね	Editional	
秀明	菊池秀明ですね	Editional	
国際基督教大学	菊池秀明ですね	Editional	
太平	菊池秀明ですね	Editional	
広瀬	SINGLE COLLECTION (広瀬香美のアルバム)ですね	Editional	
香美	SINGLE COLLECTION (広瀬香美のアルバム)ですね	Editional	
アルバム	SINGLE COLLECTION (広瀬香美のアルバム)ですね	Editional	
潤	SINGLE COLLECTION (広瀬香美のアルバム)ですね	Editional	
シングル	SINGLE COLLECTION (広瀬香美のアルバム)ですね	Editional	
中国	折戸洪太ですね	Editional	
折戸	折戸洪太ですね	Editional	
洪	折戸洪太ですね	Editional	
太	折戸洪太ですね	Editional	
経済	折戸洪太ですね	Editional	
近藤	近藤邦康ですね	Editional	
邦康	近藤邦康ですね	Editional	
東京大学	近藤邦康ですね	Editional	
こん	近藤邦康ですね	Editional	
くに	近藤邦康ですね	Editional	
ポ	クレイグ・ポロックですね	Editional	
チーム	クレイグ・ポロックですね	Editional	
マネージャー	クレイグ・ポロックですね	Editional	
月	クレイグ・ポロックですね	Editional	
エンジン	クレイグ・ポロックですね	Editional	
月	エレナ・パンポロバですね	Editional	
ブルガリア	エレナ・パンポロバですね	Editional	
ドイツ	エレナ・パンポロバですね	Editional	
現役	エレナ・パンポロバですね	Editional	
テニス	エレナ・パンポロバですね	Editional	
番組	坂下勝己ですね	Editional	
坂下	坂下勝己ですね	Editional	
勝己	坂下勝己ですね	Editional	
かつみ	坂下勝己ですね	Editional	
テレビ	坂下勝己ですね	Editional	
プロレス	菊池孝ですね	Editional	
猪木	菊池孝ですね	Editional	
月	菊池孝ですね	Editional	
東京	菊池孝ですね	Editional	
国際	菊池孝ですね	Editional	
プロレス	柴田惣一ですね	Editional	
新聞	柴田惣一ですね	Editional	
柴田	柴田惣一ですね	Editional	
スポーツ	柴田惣一ですね	Editional	
月	柴田惣一ですね	Editional	
教授	菅沼正久ですね	Editional	
経済	菅沼正久ですね	Editional	
菅沼	菅沼正久ですね	Editional	
正久	菅沼正久ですね	Editional	
大学	菅沼正久ですね	Editional	
教授	野村浩一ですね	Editional	
法学部	野村浩一ですね	Editional	
野村	野村浩一ですね	Editional	
浩一	野村浩一ですね	Editional	
日本	野村浩一ですね	Editional	
ホッパー	ヘンリー・ホッパーですね	Editional	
ヘンリー	ヘンリー・ホッパーですね	Editional	
俳優	ヘンリー・ホッパーですね	Editional	
デニス	ヘンリー・ホッパーですね	Editional	
父	ヘンリー・ホッパーですね	Editional	
月	高橋清伍ですね	Editional	
昭和	高橋清伍ですね	Editional	
連隊	高橋清伍ですね	Editional	
戦車	高橋清伍ですね	Editional	
高橋	高橋清伍ですね	Editional	
ピアノ	福島琢郎ですね	Editional	
日本	福島琢郎ですね	Editional	
協会	福島琢郎ですね	Editional	
大正	福島琢郎ですね	Editional	
東京	福島琢郎ですね	Editional	
竹内	竹内友三郎ですね	Editional	
ピアノ	竹内友三郎ですね	Editional	
楽器	竹内友三郎ですね	Editional	
友三郎	竹内友三郎ですね	Editional	
月	竹内友三郎ですね	Editional	
映画	関孝二ですね	Editional	
昭和	関孝二ですね	Editional	
月	関孝二ですね	Editional	
東京	関孝二ですね	Editional	
関	関孝二ですね	Editional	
エジプト	酒井傳六ですね	Editional	
酒井	酒井傳六ですね	Editional	
傳	酒井傳六ですね	Editional	
ろ	酒井傳六ですね	Editional	
日本	酒井傳六ですね	Editional	
心理	長谷川博一ですね	Editional	
臨床	長谷川博一ですね	Editional	
センター	長谷川博一ですね	Editional	
長谷川	長谷川博一ですね	Editional	
博一	長谷川博一ですね	Editional	
孫	孫ヨウですね	Editional	
将軍	孫ヨウですね	Editional	
侍	孫ヨウですね	Editional	
王	孫ヨウですね	Editional	
刺史	孫ヨウですね	Editional	
劇	黄梅戯ですね	Editional	
地方	黄梅戯ですね	Editional	
黄梅戯	黄梅戯ですね	Editional	
中国	黄梅戯ですね	Editional	
世紀	黄梅戯ですね	Editional	
支店	大崎正二ですね	Editional	
大崎	大崎正二ですね	Editional	
正二	大崎正二ですね	Editional	
パリ	大崎正二ですね	Editional	
さき	大崎正二ですね	Editional	
書記	姜斯憲ですね	Editional	
上海	姜斯憲ですね	Editional	
月	姜斯憲ですね	Editional	
海南	姜斯憲ですね	Editional	
交通	姜斯憲ですね	Editional	
東京	椎名豊ですね	Editional	
プロ	椎名豊ですね	Editional	
椎名	椎名豊ですね	Editional	
豊	椎名豊ですね	Editional	
月	椎名豊ですね	Editional	
平川	平川市立平賀東中学校ですね	Editional	
平賀	平川市立平賀東中学校ですね	Editional	
市立	平川市立平賀東中学校ですね	Editional	
東中	平川市立平賀東中学校ですね	Editional	
学校	平川市立平賀東中学校ですね	Editional	
平川	平川市立尾上中学校ですね	Editional	
尾上	平川市立尾上中学校ですね	Editional	
市立	平川市立尾上中学校ですね	Editional	
中学校	平川市立尾上中学校ですね	Editional	
小学校	平川市立尾上中学校ですね	Editional	
文化	ナーサリー富田幼児園ですね	Editional	
富田	ナーサリー富田幼児園ですね	Editional	
幼児	ナーサリー富田幼児園ですね	Editional	
徳島	ナーサリー富田幼児園ですね	Editional	
幼稚園	ナーサリー富田幼児園ですね	Editional	
取締役	三宅占二ですね	Editional	
社長	三宅占二ですね	Editional	
役員	三宅占二ですね	Editional	
キリン	三宅占二ですね	Editional	
ホールディングス	三宅占二ですね	Editional	
更埴	更埴中継局ですね	Editional	
長野	更埴中継局ですね	Editional	
市	更埴中継局ですね	Editional	
アナログ	更埴中継局ですね	Editional	
テレビジョン	更埴中継局ですね	Editional	
月	アン・ボーズ＝ライアンですね	Editional	
ライアン	アン・ボーズ＝ライアンですね	Editional	
デンマーク	アン・ボーズ＝ライアンですね	Editional	
間	アン・ボーズ＝ライアンですね	Editional	
イギリス	アン・ボーズ＝ライアンですね	Editional	
詩	ルイ・ジャンモですね	Editional	
リヨン	ルイ・ジャンモですね	Editional	
魂	ルイ・ジャンモですね	Editional	
パリ	ルイ・ジャンモですね	Editional	
作品	ルイ・ジャンモですね	Editional	
桐原	桐原牧神社ですね	Editional	
神社	桐原牧神社ですね	Editional	
牧	桐原牧神社ですね	Editional	
藁	桐原牧神社ですね	Editional	
長野	桐原牧神社ですね	Editional	
神社	賀茂神社 (近江八幡市)ですね	Editional	
賀茂	賀茂神社 (近江八幡市)ですね	Editional	
馬	賀茂神社 (近江八幡市)ですね	Editional	
月	賀茂神社 (近江八幡市)ですね	Editional	
大祭	賀茂神社 (近江八幡市)ですね	Editional	
月	ステファン・イヴェルセンですね	Editional	
リーグ	ステファン・イヴェルセンですね	Editional	
ノルウェー	ステファン・イヴェルセンですね	Editional	
クラブ	ステファン・イヴェルセンですね	Editional	
選手	ステファン・イヴェルセンですね	Editional	
吉田	皇足穂吉田大御神宮ですね	Editional	
神社	皇足穂吉田大御神宮ですね	Editional	
長野	皇足穂吉田大御神宮ですね	Editional	
社地	皇足穂吉田大御神宮ですね	Editional	
イチョウ	皇足穂吉田大御神宮ですね	Editional	
月	グレン・ローフェンスですね	Editional	
シーズン	グレン・ローフェンスですね	Editional	
ロー	グレン・ローフェンスですね	Editional	
フェンス	グレン・ローフェンスですね	Editional	
期限	グレン・ローフェンスですね	Editional	
大村	大村正樹のサイエンスキッズですね	Editional	
正樹	大村正樹のサイエンスキッズですね	Editional	
月	大村正樹のサイエンスキッズですね	Editional	
科学	大村正樹のサイエンスキッズですね	Editional	
むら	大村正樹のサイエンスキッズですね	Editional	
神社	信濃招魂社ですね	Editional	
招魂	信濃招魂社ですね	Editional	
長野	信濃招魂社ですね	Editional	
護国	信濃招魂社ですね	Editional	
信濃	信濃招魂社ですね	Editional	
藤原	藤原休樹ですね	Editional	
休	藤原休樹ですね	Editional	
ふじ	藤原休樹ですね	Editional	
わら	藤原休樹ですね	Editional	
すき	藤原休樹ですね	Editional	
曽我	曽我直庵ですね	Editional	
庵	曽我直庵ですね	Editional	
時代	曽我直庵ですね	Editional	
画	曽我直庵ですね	Editional	
直	曽我直庵ですね	Editional	
キン	レオ・キンレンですね	Editional	
レン	レオ・キンレンですね	Editional	
レオ	レオ・キンレンですね	Editional	
英国	レオ・キンレンですね	Editional	
悪性	レオ・キンレンですね	Editional	
西海	西海和久ですね	Editional	
和久	西海和久ですね	Editional	
月	西海和久ですね	Editional	
方法	西海和久ですね	Editional	
にし	西海和久ですね	Editional	
藤原	藤原行道ですね	Editional	
美作	藤原行道ですね	Editional	
仁	藤原行道ですね	Editional	
朝	藤原行道ですね	Editional	
行道	藤原行道ですね	Editional	
性	フリードリヒ・クラウスですね	Editional	
日本	フリードリヒ・クラウスですね	Editional	
風俗	フリードリヒ・クラウスですね	Editional	
フリードリヒ	フリードリヒ・クラウスですね	Editional	
クラウス	フリードリヒ・クラウスですね	Editional	
三浦	三浦屋ですね	Editional	
浦	三浦屋ですね	Editional	
みうら	三浦屋ですね	Editional	
スーパーマーケット	三浦屋 (企業)ですね	Editional	
事業	三浦屋 (企業)ですね	Editional	
三浦	三浦屋 (企業)ですね	Editional	
企業	三浦屋 (企業)ですね	Editional	
株式会社	三浦屋 (企業)ですね	Editional	
トーマス	オールドフィールド・トーマスですね	Editional	
博物館	オールドフィールド・トーマスですね	Editional	
部門	オールドフィールド・トーマスですね	Editional	
オールド	オールドフィールド・トーマスですね	Editional	
フィールド	オールドフィールド・トーマスですね	Editional	
指紋	ハリー・クーヴァーですね	Editional	
月	ハリー・クーヴァーですね	Editional	
プラスチック	ハリー・クーヴァーですね	Editional	
コダック	ハリー・クーヴァーですね	Editional	
湿気	ハリー・クーヴァーですね	Editional	
地理	リチャード・ライデッカーですね	Editional	
生物	リチャード・ライデッカーですね	Editional	
月	リチャード・ライデッカーですね	Editional	
学者	リチャード・ライデッカーですね	Editional	
著書	リチャード・ライデッカーですね	Editional	
辻	辻彩加ですね	Editional	
彩	辻彩加ですね	Editional	
加	辻彩加ですね	Editional	
月	辻彩加ですね	Editional	
日本	辻彩加ですね	Editional	
庵	曽我二直菴ですね	Editional	
曽我	曽我二直菴ですね	Editional	
作品	曽我二直菴ですね	Editional	
画	曽我二直菴ですね	Editional	
直	曽我二直菴ですね	Editional	
博士	国本伊代ですね	Editional	
日本	国本伊代ですね	Editional	
教授	国本伊代ですね	Editional	
国本	国本伊代ですね	Editional	
伊代	国本伊代ですね	Editional	
山本	山本厚子ですね	Editional	
厚子	山本厚子ですね	Editional	
やまもと	山本厚子ですね	Editional	
日本	山本厚子ですね	Editional	
ノンフィクション	山本厚子ですね	Editional	
シングル	大滝裕子ですね	Editional	
月	大滝裕子ですね	Editional	
歌手	大滝裕子ですね	Editional	
大会	大滝裕子ですね	Editional	
コーラス	大滝裕子ですね	Editional	
山下	山下マテリアルですね	Editional	
株式会社	山下マテリアルですね	Editional	
やました	山下マテリアルですね	Editional	
東京	山下マテリアルですね	Editional	
品川	山下マテリアルですね	Editional	
月	田所竹彦ですね	Editional	
田所	田所竹彦ですね	Editional	
竹彦	田所竹彦ですね	Editional	
中国	田所竹彦ですね	Editional	
北京	田所竹彦ですね	Editional	
小泉	小泉蓮ですね	Editional	
蓮	小泉蓮ですね	Editional	
月	小泉蓮ですね	Editional	
小学館	小泉蓮ですね	Editional	
本誌	小泉蓮ですね	Editional	
石油	王安順ですね	Editional	
出身	王安順ですね	Editional	
王	王安順ですね	Editional	
安	王安順ですね	Editional	
じゅん	王安順ですね	Editional	
上田	上田誠吉ですね	Editional	
事件	上田誠吉ですね	Editional	
誠	上田誠吉ですね	Editional	
弁護士	上田誠吉ですね	Editional	
吉	上田誠吉ですね	Editional	
月	小倉泰美ですね	Editional	
映画	小倉泰美ですね	Editional	
小倉	小倉泰美ですね	Editional	
昭和	小倉泰美ですね	Editional	
北見	小倉泰美ですね	Editional	
沖縄	牧瀬恒二ですね	Editional	
牧瀬	牧瀬恒二ですね	Editional	
恒二	牧瀬恒二ですね	Editional	
事情	牧瀬恒二ですね	Editional	
まき	牧瀬恒二ですね	Editional	
月	ミハイル・エリョミンですね	Editional	
モスクワ	ミハイル・エリョミンですね	Editional	
サッカー	ミハイル・エリョミンですね	Editional	
チーム	ミハイル・エリョミンですね	Editional	
ミハイル	ミハイル・エリョミンですね	Editional	
西方	西方凌ですね	Editional	
月	西方凌ですね	Editional	
凌	西方凌ですね	Editional	
タレント	西方凌ですね	Editional	
木村	西方凌ですね	Editional	
教授	小沢有作ですね	Editional	
小沢	小沢有作ですね	Editional	
有作	小沢有作ですね	Editional	
日本	小沢有作ですね	Editional	
東京都立大学	小沢有作ですね	Editional	
映画	原千秋 (映画監督)ですね	Editional	
東京	原千秋 (映画監督)ですね	Editional	
月	原千秋 (映画監督)ですね	Editional	
母	原千秋 (映画監督)ですね	Editional	
千秋	原千秋 (映画監督)ですね	Editional	
ロシア	伊集院俊隆ですね	Editional	
伊集院	伊集院俊隆ですね	Editional	
俊隆	伊集院俊隆ですね	Editional	
月	伊集院俊隆ですね	Editional	
日本	伊集院俊隆ですね	Editional	
エル	エル・シド (映画)ですね	Editional	
シド	エル・シド (映画)ですね	Editional	
王国	エル・シド (映画)ですね	Editional	
シメ	エル・シド (映画)ですね	Editional	
王	エル・シド (映画)ですね	Editional	
昭和	今村秀夫ですね	Editional	
月	今村秀夫ですね	Editional	
今村	今村秀夫ですね	Editional	
映画	今村秀夫ですね	Editional	
技師	今村秀夫ですね	Editional	
原題	ジョージ・P・ペレケーノスですね	Editional	
脚本	ジョージ・P・ペレケーノスですね	Editional	
サイモン	ジョージ・P・ペレケーノスですね	Editional	
プロデューサー	ジョージ・P・ペレケーノスですね	Editional	
シーズン	ジョージ・P・ペレケーノスですね	Editional	
一橋大学	関啓子ですね	Editional	
教授	関啓子ですね	Editional	
日本	関啓子ですね	Editional	
大学院	関啓子ですね	Editional	
社会	関啓子ですね	Editional	
月	レミ・ガルドですね	Editional	
シーズン	レミ・ガルドですね	Editional	
リヨン	レミ・ガルドですね	Editional	
リーグ	レミ・ガルドですね	Editional	
選手	レミ・ガルドですね	Editional	
中村	中村哲夫ですね	Editional	
哲夫	中村哲夫ですね	Editional	
なか	中村哲夫ですね	Editional	
むら	中村哲夫ですね	Editional	
てつ	中村哲夫ですね	Editional	
教授	中村哲夫 (歴史学者)ですね	Editional	
中村	中村哲夫 (歴史学者)ですね	Editional	
哲夫	中村哲夫 (歴史学者)ですね	Editional	
学者	中村哲夫 (歴史学者)ですね	Editional	
中国	中村哲夫 (歴史学者)ですね	Editional	
渡辺	渡辺未来 (声優)ですね	Editional	
未来	渡辺未来 (声優)ですね	Editional	
声優	渡辺未来 (声優)ですね	Editional	
青	渡辺未来 (声優)ですね	Editional	
わ	渡辺未来 (声優)ですね	Editional	
慶應義塾	三宅和朗ですね	Editional	
大学	三宅和朗ですね	Editional	
三宅	三宅和朗ですね	Editional	
和朗	三宅和朗ですね	Editional	
教授	三宅和朗ですね	Editional	
野村	柴田拓美ですね	Editional	
日興	柴田拓美ですね	Editional	
ホールディングス	柴田拓美ですね	Editional	
柴田	柴田拓美ですね	Editional	
拓美	柴田拓美ですね	Editional	
選手権	竪石洋美ですね	Editional	
体重	竪石洋美ですね	Editional	
世界	竪石洋美ですね	Editional	
竪	竪石洋美ですね	Editional	
大会	竪石洋美ですね	Editional	
柔道	中原ひとみ (柔道)ですね	Editional	
選手権	中原ひとみ (柔道)ですね	Editional	
ひとみ	中原ひとみ (柔道)ですね	Editional	
体重	中原ひとみ (柔道)ですね	Editional	
世界	中原ひとみ (柔道)ですね	Editional	
マヌエラ	マヌエラですね	Editional	
女性	マヌエラですね	Editional	
ヨーロッパ	マヌエラですね	Editional	
マニュエル	マヌエラですね	Editional	
戦績	パスカル・タイヨですね	Editional	
階級	パスカル・タイヨですね	Editional	
オリンピック	パスカル・タイヨですね	Editional	
パスカル	パスカル・タイヨですね	Editional	
タイ	パスカル・タイヨですね	Editional	
アンナ	アンナ＝マリア・グラダンテですね	Editional	
選手権	アンナ＝マリア・グラダンテですね	Editional	
オリンピック	アンナ＝マリア・グラダンテですね	Editional	
月	アンナ＝マリア・グラダンテですね	Editional	
ドイツ	アンナ＝マリア・グラダンテですね	Editional	
丸山	丸山邦男ですね	Editional	
邦男	丸山邦男ですね	Editional	
月	丸山邦男ですね	Editional	
まるや	丸山邦男ですね	Editional	
くに	丸山邦男ですね	Editional	
明治大学	原吉実ですね	Editional	
学生	原吉実ですね	Editional	
小川	原吉実ですね	Editional	
選手権	原吉実ですね	Editional	
世界	原吉実ですね	Editional	
月	Palette (岡本信彦のアルバム)ですね	Editional	
アルバム	Palette (岡本信彦のアルバム)ですね	Editional	
曲	Palette (岡本信彦のアルバム)ですね	Editional	
岡本	Palette (岡本信彦のアルバム)ですね	Editional	
信彦	Palette (岡本信彦のアルバム)ですね	Editional	
藤原	藤原文山ですね	Editional	
右京大夫	藤原文山ですね	Editional	
天	藤原文山ですね	Editional	
文	藤原文山ですね	Editional	
官位	藤原文山ですね	Editional	
藤原	藤原秋常ですね	Editional	
和	藤原秋常ですね	Editional	
秋常	藤原秋常ですね	Editional	
因幡	藤原秋常ですね	Editional	
守	藤原秋常ですね	Editional	
ひとみ	沖ひとみですね	Editional	
月	沖ひとみですね	Editional	
沖	沖ひとみですね	Editional	
女優	沖ひとみですね	Editional	
日本	沖ひとみですね	Editional	
月	宮野悟ですね	Editional	
がん	宮野悟ですね	Editional	
同大	宮野悟ですね	Editional	
教授	宮野悟ですね	Editional	
東京大学	宮野悟ですね	Editional	
江戸	須原屋茂兵衛ですね	Editional	
須原	須原屋茂兵衛ですね	Editional	
茂兵衛	須原屋茂兵衛ですね	Editional	
垣内	須原屋茂兵衛ですね	Editional	
栖原	須原屋茂兵衛ですね	Editional	
藤澤	藤澤美羽ですね	Editional	
美羽	藤澤美羽ですね	Editional	
月	藤澤美羽ですね	Editional	
ふじ	藤澤美羽ですね	Editional	
東京	藤澤美羽ですね	Editional	
堀川	堀川美加子ですね	Editional	
美加子	堀川美加子ですね	Editional	
月	堀川美加子ですね	Editional	
アイドル	堀川美加子ですね	Editional	
ほり	堀川美加子ですね	Editional	
立花	立花美涼ですね	Editional	
美涼	立花美涼ですね	Editional	
たちばな	立花美涼ですね	Editional	
みすず	立花美涼ですね	Editional	
月	立花美涼ですね	Editional	
ゆ	長谷川ゆなですね	Editional	
長谷川	長谷川ゆなですね	Editional	
はせがわ	長谷川ゆなですね	Editional	
月	長谷川ゆなですね	Editional	
日本	長谷川ゆなですね	Editional	
基金	仁木ふみ子ですね	Editional	
日本	仁木ふみ子ですね	Editional	
宋	仁木ふみ子ですね	Editional	
齢	仁木ふみ子ですね	Editional	
理事	仁木ふみ子ですね	Editional	
月	白石夏美ですね	Editional	
白石	白石夏美ですね	Editional	
夏美	白石夏美ですね	Editional	
しら	白石夏美ですね	Editional	
なつみ	白石夏美ですね	Editional	
竜	竜翼のメロディア -Diva with the blessed dragonol-ですね	Editional	
音楽	竜翼のメロディア -Diva with the blessed dragonol-ですね	Editional	
ゲーム	竜翼のメロディア -Diva with the blessed dragonol-ですね	Editional	
月	竜翼のメロディア -Diva with the blessed dragonol-ですね	Editional	
翼	竜翼のメロディア -Diva with the blessed dragonol-ですね	Editional	
科学	島崎敢ですね	Editional	
人間	島崎敢ですね	Editional	
心理	島崎敢ですね	Editional	
早稲田大学	島崎敢ですね	Editional	
交通	島崎敢ですね	Editional	
昭和	池辺武人ですね	Editional	
庭園	池辺武人ですね	Editional	
宮内	池辺武人ですね	Editional	
大正	池辺武人ですね	Editional	
池辺	池辺武人ですね	Editional	
本庄	本庄市立児玉中学校ですね	Editional	
児玉	本庄市立児玉中学校ですね	Editional	
中学校	本庄市立児玉中学校ですね	Editional	
市立	本庄市立児玉中学校ですね	Editional	
ほん	本庄市立児玉中学校ですね	Editional	
松本	松本滋ですね	Editional	
滋	松本滋ですね	Editional	
宗教	松本滋 (宗教学者)ですね	Editional	
教授	松本滋 (宗教学者)ですね	Editional	
松本	松本滋 (宗教学者)ですね	Editional	
滋	松本滋 (宗教学者)ですね	Editional	
学者	松本滋 (宗教学者)ですね	Editional	
まさし	ねずまさしですね	Editional	
志	ねずまさしですね	Editional	
月	ねずまさしですね	Editional	
日本	ねずまさしですね	Editional	
学者	ねずまさしですね	Editional	
長山	長山氏ですね	Editional	
佐竹	長山氏ですね	Editional	
秋田	長山氏ですね	Editional	
常陸	長山氏ですね	Editional	
源	長山氏ですね	Editional	
陳	陳擬ですね	Editional	
将軍	陳擬ですね	Editional	
刺史	陳擬ですね	Editional	
元年	陳擬ですね	Editional	
徐	陳擬ですね	Editional	
陳	陳詳ですね	Editional	
周	陳詳ですね	Editional	
迪	陳詳ですね	Editional	
呉	陳詳ですね	Editional	
将軍	陳詳ですね	Editional	
試験場	鋳方末彦ですね	Editional	
昭和	鋳方末彦ですね	Editional	
農事	鋳方末彦ですね	Editional	
岡山	鋳方末彦ですね	Editional	
末彦	鋳方末彦ですね	Editional	
野口	野口氏ですね	Editional	
丸	野口氏ですね	Editional	
姓	野口氏ですね	Editional	
橘	野口氏ですね	Editional	
郷士	野口氏ですね	Editional	
市長	井桁克ですね	Editional	
月	井桁克ですね	Editional	
井桁	井桁克ですね	Editional	
克	井桁克ですね	Editional	
津島	井桁克ですね	Editional	
雷管	スプリングフィールドM1855ですね	Editional	
テープ	スプリングフィールドM1855ですね	Editional	
銃	スプリングフィールドM1855ですね	Editional	
マス	スプリングフィールドM1855ですね	Editional	
ケット	スプリングフィールドM1855ですね	Editional	
大内	大内氏 (源氏)ですね	Editional	
源	大内氏 (源氏)ですね	Editional	
水戸	大内氏 (源氏)ですね	Editional	
姓	大内氏 (源氏)ですね	Editional	
佐竹	大内氏 (源氏)ですね	Editional	
フランス	山口俊章ですね	Editional	
山口	山口俊章ですね	Editional	
俊章	山口俊章ですね	Editional	
科学	山口俊章ですね	Editional	
日本	山口俊章ですね	Editional	
月	ダニエル・フォン・バーゲンですね	Editional	
ダニエル	ダニエル・フォン・バーゲンですね	Editional	
フォン	ダニエル・フォン・バーゲンですね	Editional	
バーゲン	ダニエル・フォン・バーゲンですね	Editional	
シンシナティ	ダニエル・フォン・バーゲンですね	Editional	
上遠野	上遠野氏ですね	Editional	
佐竹	上遠野氏ですね	Editional	
一門	上遠野氏ですね	Editional	
秀	上遠野氏ですね	Editional	
子孫	上遠野氏ですね	Editional	
教師	コリン・コッタリルですね	Editional	
ラオス	コリン・コッタリルですね	Editional	
月	コリン・コッタリルですね	Editional	
シリーズ	コリン・コッタリルですね	Editional	
子供	コリン・コッタリルですね	Editional	
台湾	烏渓ですね	Editional	
烏	烏渓ですね	Editional	
渓	烏渓ですね	Editional	
けい	烏渓ですね	Editional	
だい	烏渓ですね	Editional	
哲学	松村一人ですね	Editional	
松村	松村一人ですね	Editional	
一人	松村一人ですね	Editional	
月	松村一人ですね	Editional	
教授	松村一人ですね	Editional	
鬼無里	鬼無里中継局ですね	Editional	
長野	鬼無里中継局ですね	Editional	
月	鬼無里中継局ですね	Editional	
アナログ	鬼無里中継局ですね	Editional	
テレビ	鬼無里中継局ですね	Editional	
横浜	西町 (横浜市)ですね	Editional	
磯子	西町 (横浜市)ですね	Editional	
根岸	西町 (横浜市)ですね	Editional	
山下	西町 (横浜市)ですね	Editional	
本牧	西町 (横浜市)ですね	Editional	
辻井	辻井美穂ですね	Editional	
美穂	辻井美穂ですね	Editional	
月	辻井美穂ですね	Editional	
じい	辻井美穂ですね	Editional	
みほ	辻井美穂ですね	Editional	
ヘンリー	ヘンリー・シュルツですね	Editional	
シュルツ	ヘンリー・シュルツですね	Editional	
月	ヘンリー・シュルツですね	Editional	
アメリカ	ヘンリー・シュルツですね	Editional	
経済	ヘンリー・シュルツですね	Editional	
環境	小林光 (1949年生)ですね	Editional	
大学	小林光 (1949年生)ですね	Editional	
地球	小林光 (1949年生)ですね	Editional	
慶應義塾	小林光 (1949年生)ですね	Editional	
大学院	小林光 (1949年生)ですね	Editional	
三浦	三浦まいですね	Editional	
みうら	三浦まいですね	Editional	
月	三浦まいですね	Editional	
東京	三浦まいですね	Editional	
出身	三浦まいですね	Editional	
月	白水萌生ですね	Editional	
白水	白水萌生ですね	Editional	
萌	白水萌生ですね	Editional	
ジャ	白水萌生ですね	Editional	
ニーズ	白水萌生ですね	Editional	
トム	国鉄トム4500形貨車ですね	Editional	
軸	国鉄トム4500形貨車ですね	Editional	
国鉄	国鉄トム4500形貨車ですね	Editional	
貨車	国鉄トム4500形貨車ですね	Editional	
形式	国鉄トム4500形貨車ですね	Editional	
スポーツ	児島一彌ですね	Editional	
大阪	児島一彌ですね	Editional	
児島	児島一彌ですね	Editional	
一彌	児島一彌ですね	Editional	
サンケイ	児島一彌ですね	Editional	
月	大島貞薫ですね	Editional	
兵学	大島貞薫ですね	Editional	
明治	大島貞薫ですね	Editional	
大島	大島貞薫ですね	Editional	
貞	大島貞薫ですね	Editional	
郡	ジョンソン郡 (テキサス州)ですね	Editional	
ジョンソン	ジョンソン郡 (テキサス州)ですね	Editional	
テキサス	ジョンソン郡 (テキサス州)ですね	Editional	
人口	ジョンソン郡 (テキサス州)ですね	Editional	
クリ	ジョンソン郡 (テキサス州)ですね	Editional	
桝谷	桝谷裕ですね	Editional	
裕	桝谷裕ですね	Editional	
ます	桝谷裕ですね	Editional	
ゆたか	桝谷裕ですね	Editional	
月	桝谷裕ですね	Editional	
小学校	南丹市立鶴ヶ岡小学校ですね	Editional	
南	南丹市立鶴ヶ岡小学校ですね	Editional	
丹	南丹市立鶴ヶ岡小学校ですね	Editional	
鶴	南丹市立鶴ヶ岡小学校ですね	Editional	
岡	南丹市立鶴ヶ岡小学校ですね	Editional	
田沼	田沼淳一ですね	Editional	
淳一	田沼淳一ですね	Editional	
じゅんいち	田沼淳一ですね	Editional	
生年	田沼淳一ですね	Editional	
不詳	田沼淳一ですね	Editional	
吉原	吉原淳平ですね	Editional	
淳	吉原淳平ですね	Editional	
平	吉原淳平ですね	Editional	
作品	吉原淳平ですね	Editional	
団体	吉原淳平ですね	Editional	
月	湯山せいかですね	Editional	
女子	湯山せいかですね	Editional	
アイスホッケー	湯山せいかですね	Editional	
湯山	湯山せいかですね	Editional	
せい	湯山せいかですね	Editional	
月	鍋島紀雄ですね	Editional	
紀雄	鍋島紀雄ですね	Editional	
鍋島	鍋島紀雄ですね	Editional	
個展	鍋島紀雄ですね	Editional	
青年	鍋島紀雄ですね	Editional	
日本	西沢和彦ですね	Editional	
経済	西沢和彦ですね	Editional	
研究所	西沢和彦ですね	Editional	
社会	西沢和彦ですね	Editional	
年金	西沢和彦ですね	Editional	
教授	儀我壮一郎ですね	Editional	
儀	儀我壮一郎ですね	Editional	
我	儀我壮一郎ですね	Editional	
壮一	儀我壮一郎ですね	Editional	
郎	儀我壮一郎ですね	Editional	
赤須	赤須氏ですね	Editional	
佐竹	赤須氏ですね	Editional	
孫	赤須氏ですね	Editional	
通	赤須氏ですね	Editional	
信濃	赤須氏ですね	Editional	
山口	山口活性学園ですね	Editional	
月	山口活性学園ですね	Editional	
アイドル	山口活性学園ですね	Editional	
メンバー	山口活性学園ですね	Editional	
イベント	山口活性学園ですね	Editional	
沖縄	與那覇朝大ですね	Editional	
月	與那覇朝大ですね	Editional	
美術	與那覇朝大ですね	Editional	
協会	與那覇朝大ですね	Editional	
與	與那覇朝大ですね	Editional	
鉄道	フランツ・バルツァーですね	Editional	
日本	フランツ・バルツァーですね	Editional	
バル	フランツ・バルツァーですね	Editional	
ツァー	フランツ・バルツァーですね	Editional	
東京	フランツ・バルツァーですね	Editional	
加藤	加藤十六将ですね	Editional	
将	加藤十六将ですね	Editional	
かとう	加藤十六将ですね	Editional	
戦国	加藤十六将ですね	Editional	
大名	加藤十六将ですね	Editional	
脚本	ジョン・スペイツですね	Editional	
映画	ジョン・スペイツですね	Editional	
ジョン	ジョン・スペイツですね	Editional	
ニューヨーク	ジョン・スペイツですね	Editional	
アメリカ合衆国	ジョン・スペイツですね	Editional	
モン	モンハン持ちができません。ですね	Editional	
モンスター	モンハン持ちができません。ですね	Editional	
本	モンハン持ちができません。ですね	Editional	
ハン	モンハン持ちができません。ですね	Editional	
津々	モンハン持ちができません。ですね	Editional	
最優秀	キース・ガンブスですね	Editional	
キース	キース・ガンブスですね	Editional	
ガン	キース・ガンブスですね	Editional	
ブス	キース・ガンブスですね	Editional	
セントクリストファー・ネイビス	キース・ガンブスですね	Editional	
女子	高橋静香 (アイスホッケー)ですね	Editional	
アイスホッケー	高橋静香 (アイスホッケー)ですね	Editional	
月	高橋静香 (アイスホッケー)ですね	Editional	
世界	高橋静香 (アイスホッケー)ですね	Editional	
選手権	高橋静香 (アイスホッケー)ですね	Editional	
高橋	高橋静香ですね	Editional	
静香	高橋静香ですね	Editional	
たかはし	高橋静香ですね	Editional	
しずか	高橋静香ですね	Editional	
小学校	猿橋小学校ですね	Editional	
猿橋	猿橋小学校ですね	Editional	
はし	猿橋小学校ですね	Editional	
日本	猿橋小学校ですね	Editional	
公立	猿橋小学校ですね	Editional	
藤原	藤原広敏ですね	Editional	
和	藤原広敏ですね	Editional	
遣唐使	藤原広敏ですね	Editional	
宰	藤原広敏ですね	Editional	
仁	藤原広敏ですね	Editional	
水沢	水沢杏香ですね	Editional	
杏	水沢杏香ですね	Editional	
香	水沢杏香ですね	Editional	
月	水沢杏香ですね	Editional	
東京	水沢杏香ですね	Editional	
情報	森勇治ですね	Editional	
イノベーション	森勇治ですね	Editional	
静岡県立大学	森勇治ですね	Editional	
大学院	森勇治ですね	Editional	
センター	森勇治ですね	Editional	
森	森城ですね	Editional	
城	森城ですね	Editional	
日本	森城ですね	Editional	
仁科	森城 (信濃国)ですね	Editional	
城	森城 (信濃国)ですね	Editional	
時代	森城 (信濃国)ですね	Editional	
森	森城 (信濃国)ですね	Editional	
大町	森城 (信濃国)ですね	Editional	
妻	ハンス・ハインリヒ・ティッセン＝ボルネミッサですね	Editional	
美術	ハンス・ハインリヒ・ティッセン＝ボルネミッサですね	Editional	
男爵	ハンス・ハインリヒ・ティッセン＝ボルネミッサですね	Editional	
間	ハンス・ハインリヒ・ティッセン＝ボルネミッサですね	Editional	
ハインリヒ	ハンス・ハインリヒ・ティッセン＝ボルネミッサですね	Editional	
教授	海老原遥ですね	Editional	
博士	海老原遥ですね	Editional	
海老原	海老原遥ですね	Editional	
月	海老原遥ですね	Editional	
熊本大学	海老原遥ですね	Editional	
月	福井研介ですね	Editional	
福井	福井研介ですね	Editional	
研介	福井研介ですね	Editional	
児童	福井研介ですね	Editional	
ふく	福井研介ですね	Editional	
パラリンピック	松江美季ですね	Editional	
スポーツ	松江美季ですね	Editional	
松江	松江美季ですね	Editional	
月	松江美季ですね	Editional	
美季	松江美季ですね	Editional	
鎌ケ谷	鎌ケ谷市立第四中学校ですね	Editional	
中学校	鎌ケ谷市立第四中学校ですね	Editional	
市立	鎌ケ谷市立第四中学校ですね	Editional	
千葉	鎌ケ谷市立第四中学校ですね	Editional	
かま	鎌ケ谷市立第四中学校ですね	Editional	
アイスホッケー	五十嵐充子ですね	Editional	
五十嵐	五十嵐充子ですね	Editional	
充子	五十嵐充子ですね	Editional	
北海道	五十嵐充子ですね	Editional	
苫小牧	五十嵐充子ですね	Editional	
川柳	阪井久良伎ですね	Editional	
明治	阪井久良伎ですね	Editional	
さかい	阪井久良伎ですね	Editional	
阪井	阪井久良伎ですね	Editional	
月	阪井久良伎ですね	Editional	
和	藤原雄敏ですね	Editional	
藤原	藤原雄敏ですね	Editional	
淳和	藤原雄敏ですね	Editional	
雄	藤原雄敏ですね	Editional	
敏	藤原雄敏ですね	Editional	
望月	望月英樹ですね	Editional	
英樹	望月英樹ですね	Editional	
日本	望月英樹ですね	Editional	
映画	望月英樹ですね	Editional	
技師	望月英樹ですね	Editional	
渡部	渡部翔子ですね	Editional	
翔子	渡部翔子ですね	Editional	
わ	渡部翔子ですね	Editional	
なべ	渡部翔子ですね	Editional	
月	渡部翔子ですね	Editional	
左翼	クラウス・エルンストですね	Editional	
党	クラウス・エルンストですね	Editional	
ドイツ	クラウス・エルンストですね	Editional	
連邦	クラウス・エルンストですね	Editional	
議会	クラウス・エルンストですね	Editional	
ハインリヒ	ハインリヒ・ティッセンですね	Editional	
ドイツ	ハインリヒ・ティッセンですね	Editional	
ハンス	ハインリヒ・ティッセンですね	Editional	
コレクション	ハインリヒ・ティッセンですね	Editional	
美術	ハインリヒ・ティッセンですね	Editional	
生駒	生駒市立桜ヶ丘小学校ですね	Editional	
桜ヶ丘	生駒市立桜ヶ丘小学校ですね	Editional	
小学校	生駒市立桜ヶ丘小学校ですね	Editional	
市立	生駒市立桜ヶ丘小学校ですね	Editional	
奈良	生駒市立桜ヶ丘小学校ですね	Editional	
史料	神長官守矢史料館ですね	Editional	
守矢	神長官守矢史料館ですね	Editional	
長官	神長官守矢史料館ですね	Editional	
武田	神長官守矢史料館ですね	Editional	
信	神長官守矢史料館ですね	Editional	
京都	相見とし子ですね	Editional	
昭和	相見とし子ですね	Editional	
文化	相見とし子ですね	Editional	
丹後	相見とし子ですね	Editional	
とし子	相見とし子ですね	Editional	
水野	水野光太ですね	Editional	
光	水野光太ですね	Editional	
太	水野光太ですね	Editional	
こうた	水野光太ですね	Editional	
月	水野光太ですね	Editional	
アイスホッケー	桐渕絵理ですね	Editional	
チェコ	桐渕絵理ですね	Editional	
桐渕	桐渕絵理ですね	Editional	
絵理	桐渕絵理ですね	Editional	
月	桐渕絵理ですね	Editional	
イカ	イカリア県ですね	Editional	
リア	イカリア県ですね	Editional	
自治体	イカリア県ですね	Editional	
行政	イカリア県ですね	Editional	
政庁	イカリア県ですね	Editional	
アイスホッケー	土田亜希ですね	Editional	
月	土田亜希ですね	Editional	
オリンピック	土田亜希ですね	Editional	
女子	土田亜希ですね	Editional	
土田	土田亜希ですね	Editional	
アイスホッケー	小田由香ですね	Editional	
女子	小田由香ですね	Editional	
日本	小田由香ですね	Editional	
大会	小田由香ですね	Editional	
選手権	小田由香ですね	Editional	
藤田	藤田靖弘ですね	Editional	
靖弘	藤田靖弘ですね	Editional	
静岡	藤田靖弘ですね	Editional	
競艇	藤田靖弘ですね	Editional	
選手	藤田靖弘ですね	Editional	
高山	高山洋吉ですね	Editional	
洋吉	高山洋吉ですね	Editional	
月	高山洋吉ですね	Editional	
産業	高山洋吉ですね	Editional	
たか	高山洋吉ですね	Editional	
民	徐箴ですね	Editional	
東北	徐箴ですね	Editional	
徐	徐箴ですね	Editional	
月	徐箴ですね	Editional	
委員	徐箴ですね	Editional	
茂森	茂森唯士ですね	Editional	
唯	茂森唯士ですね	Editional	
しげ	茂森唯士ですね	Editional	
月	茂森唯士ですね	Editional	
日本	茂森唯士ですね	Editional	
船岡	船岡洋一郎ですね	Editional	
洋一郎	船岡洋一郎ですね	Editional	
広島	船岡洋一郎ですね	Editional	
いちろう	船岡洋一郎ですね	Editional	
月	船岡洋一郎ですね	Editional	
写真	吉田巧ですね	Editional	
吉田	吉田巧ですね	Editional	
巧	吉田巧ですね	Editional	
日本	吉田巧ですね	Editional	
東京	吉田巧ですね	Editional	
公園	河北中央公園ですね	Editional	
河北	河北中央公園ですね	Editional	
月	河北中央公園ですね	Editional	
山形	河北中央公園ですね	Editional	
いも	河北中央公園ですね	Editional	
碇ヶ関	平川市立碇ヶ関中学校ですね	Editional	
平川	平川市立碇ヶ関中学校ですね	Editional	
中学校	平川市立碇ヶ関中学校ですね	Editional	
市立	平川市立碇ヶ関中学校ですね	Editional	
全域	平川市立碇ヶ関中学校ですね	Editional	
新妻	新妻駒五郎ですね	Editional	
大分	新妻駒五郎ですね	Editional	
明治	新妻駒五郎ですね	Editional	
月	新妻駒五郎ですね	Editional	
大正	新妻駒五郎ですね	Editional	
吉田	吉田潤喜ですね	Editional	
アメリカ	吉田潤喜ですね	Editional	
空手	吉田潤喜ですね	Editional	
ソース	吉田潤喜ですね	Editional	
京都	吉田潤喜ですね	Editional	
バレーボール	坂口憲政ですね	Editional	
女子	坂口憲政ですね	Editional	
大会	坂口憲政ですね	Editional	
坂口	坂口憲政ですね	Editional	
短大	坂口憲政ですね	Editional	
ブラウン	ウィルソン・ブラウンですね	Editional	
月	ウィルソン・ブラウンですね	Editional	
任務	ウィルソン・ブラウンですね	Editional	
部隊	ウィルソン・ブラウンですね	Editional	
海軍	ウィルソン・ブラウンですね	Editional	
藤原	藤原奈々ですね	Editional	
奈々	藤原奈々ですね	Editional	
ふじ	藤原奈々ですね	Editional	
わら	藤原奈々ですね	Editional	
月	藤原奈々ですね	Editional	
渡辺	渡辺はる香ですね	Editional	
はる香	渡辺はる香ですね	Editional	
アイスホッケー	渡辺はる香ですね	Editional	
アジア	渡辺はる香ですね	Editional	
冬季	渡辺はる香ですね	Editional	
曲	マイ・シェリー・アモールですね	Editional	
マイ	マイ・シェリー・アモールですね	Editional	
シェリー	マイ・シェリー・アモールですね	Editional	
曲名	マイ・シェリー・アモールですね	Editional	
シングル	マイ・シェリー・アモールですね	Editional	
ロシア	石山正三ですね	Editional	
東京	石山正三ですね	Editional	
石山	石山正三ですね	Editional	
正三	石山正三ですね	Editional	
月	石山正三ですね	Editional	
渡辺	渡辺保裕ですね	Editional	
保裕	渡辺保裕ですね	Editional	
漫画	渡辺保裕ですね	Editional	
アシスタント	渡辺保裕ですね	Editional	
わ	渡辺保裕ですね	Editional	
梼原	梼原町立歴史民俗資料館ですね	Editional	
資料	梼原町立歴史民俗資料館ですね	Editional	
民俗	梼原町立歴史民俗資料館ですね	Editional	
歴史	梼原町立歴史民俗資料館ですね	Editional	
町立	梼原町立歴史民俗資料館ですね	Editional	
宮澤	宮澤佑門ですね	Editional	
音楽	宮澤佑門ですね	Editional	
佑	宮澤佑門ですね	Editional	
月	宮澤佑門ですね	Editional	
東京	宮澤佑門ですね	Editional	
月	藤原武ですね	Editional	
陸軍	藤原武ですね	Editional	
藤原	藤原武ですね	Editional	
武	藤原武ですね	Editional	
昭和	藤原武ですね	Editional	
日本	川野辺敏ですね	Editional	
教授	川野辺敏ですね	Editional	
学会	川野辺敏ですね	Editional	
川野辺	川野辺敏ですね	Editional	
敏	川野辺敏ですね	Editional	
坂井	坂井音重ですね	Editional	
能楽	坂井音重ですね	Editional	
観世	坂井音重ですね	Editional	
音	坂井音重ですね	Editional	
法人	坂井音重ですね	Editional	
福田	福田誠治ですね	Editional	
誠治	福田誠治ですね	Editional	
都留文科大学	福田誠治ですね	Editional	
学長	福田誠治ですね	Editional	
ふく	福田誠治ですね	Editional	
函館	棒二萩野呉服店ですね	Editional	
店舗	棒二萩野呉服店ですね	Editional	
棒	棒二萩野呉服店ですね	Editional	
百貨店	棒二萩野呉服店ですね	Editional	
呉服	棒二萩野呉服店ですね	Editional	
子爵	ヘンリー・シンジョン (初代ボリングブルック子爵)ですね	Editional	
党	ヘンリー・シンジョン (初代ボリングブルック子爵)ですね	Editional	
ジョン	ヘンリー・シンジョン (初代ボリングブルック子爵)ですね	Editional	
月	ヘンリー・シンジョン (初代ボリングブルック子爵)ですね	Editional	
政権	ヘンリー・シンジョン (初代ボリングブルック子爵)ですね	Editional	
ロシア	小沢政雄ですね	Editional	
教授	小沢政雄ですね	Editional	
小沢	小沢政雄ですね	Editional	
政雄	小沢政雄ですね	Editional	
上智大学	小沢政雄ですね	Editional	
徐	徐倹ですね	Editional	
陽	徐倹ですね	Editional	
欧	徐倹ですね	Editional	
陵	徐倹ですね	Editional	
太	徐倹ですね	Editional	
野川	野川雅史ですね	Editional	
雅史	野川雅史ですね	Editional	
まさし	野川雅史ですね	Editional	
月	野川雅史ですね	Editional	
日本	野川雅史ですね	Editional	
昭和	中島卯三郎ですね	Editional	
大学	中島卯三郎ですね	Editional	
大正	中島卯三郎ですね	Editional	
日本	中島卯三郎ですね	Editional	
庭園	中島卯三郎ですね	Editional	
大学	マーサ・チェイスですね	Editional	
研究所	マーサ・チェイスですね	Editional	
学者	マーサ・チェイスですね	Editional	
マーサ	マーサ・チェイスですね	Editional	
月	マーサ・チェイスですね	Editional	
林	林哲司&半田健人 昭和音楽堂ですね	Editional	
番組	林哲司&半田健人 昭和音楽堂ですね	Editional	
哲司	林哲司&半田健人 昭和音楽堂ですね	Editional	
昭和	林哲司&半田健人 昭和音楽堂ですね	Editional	
ラジオ	林哲司&半田健人 昭和音楽堂ですね	Editional	
日本	竹下祥平ですね	Editional	
竹下	竹下祥平ですね	Editional	
祥平	竹下祥平ですね	Editional	
月	竹下祥平ですね	Editional	
ラグビー	竹下祥平ですね	Editional	
キム	キム・ドットコムですね	Editional	
ドイツ	キム・ドットコムですね	Editional	
ドット	キム・ドットコムですね	Editional	
コム	キム・ドットコムですね	Editional	
英語	キム・ドットコムですね	Editional	
藤原	藤原本雄ですね	Editional	
貞	藤原本雄ですね	Editional	
仁	藤原本雄ですね	Editional	
大輔	藤原本雄ですね	Editional	
月	藤原本雄ですね	Editional	
教授	杉勇ですね	Editional	
杉	杉勇ですね	Editional	
勇	杉勇ですね	Editional	
月	杉勇ですね	Editional	
日本	杉勇ですね	Editional	
河合	河合佑樹ですね	Editional	
佑	河合佑樹ですね	Editional	
静岡	河合佑樹ですね	Editional	
月	河合佑樹ですね	Editional	
出身	河合佑樹ですね	Editional	
高山	高山としのりですね	Editional	
としのり	高山としのりですね	Editional	
大阪	高山としのりですね	Editional	
出身	高山としのりですね	Editional	
漫画	高山としのりですね	Editional	
月	ミゲル・ロペスですね	Editional	
リーグ	ミゲル・ロペスですね	Editional	
シーズン	ミゲル・ロペスですね	Editional	
クラブ	ミゲル・ロペスですね	Editional	
選手	ミゲル・ロペスですね	Editional	
民夫	とんでもダンディー・民夫くんと文夫くんですね	Editional	
文夫	とんでもダンディー・民夫くんと文夫くんですね	Editional	
番組	とんでもダンディー・民夫くんと文夫くんですね	Editional	
月	とんでもダンディー・民夫くんと文夫くんですね	Editional	
ダンディー	とんでもダンディー・民夫くんと文夫くんですね	Editional	
宗教	石橋智信ですね	Editional	
大学	石橋智信ですね	Editional	
石橋	石橋智信ですね	Editional	
智信	石橋智信ですね	Editional	
月	石橋智信ですね	Editional	
番組	落合恵子のちょっと待ってMONDAYですね	Editional	
月	落合恵子のちょっと待ってMONDAYですね	Editional	
女性	落合恵子のちょっと待ってMONDAYですね	Editional	
文化放送	落合恵子のちょっと待ってMONDAYですね	Editional	
ラジオ	落合恵子のちょっと待ってMONDAYですね	Editional	
コス	コス県ですね	Editional	
自治体	コス県ですね	Editional	
県	コス県ですね	Editional	
諸島	コス県ですね	Editional	
行政	コス県ですね	Editional	
金森	金森森屋百貨店ですね	Editional	
函館	金森森屋百貨店ですね	Editional	
百貨店	金森森屋百貨店ですね	Editional	
森屋	金森森屋百貨店ですね	Editional	
渡辺	金森森屋百貨店ですね	Editional	
月	アントニオ・アルベルト・バストス・ピンパレルですね	Editional	
シーズン	アントニオ・アルベルト・バストス・ピンパレルですね	Editional	
ポルトガル	アントニオ・アルベルト・バストス・ピンパレルですね	Editional	
リスボン	アントニオ・アルベルト・バストス・ピンパレルですね	Editional	
チーム	アントニオ・アルベルト・バストス・ピンパレルですね	Editional	
教授	大畠清ですね	Editional	
大畠	大畠清ですね	Editional	
清	大畠清ですね	Editional	
宗教	大畠清ですね	Editional	
東京	大畠清ですね	Editional	
祭り	赤羽馬鹿祭りですね	Editional	
赤	赤羽馬鹿祭りですね	Editional	
赤羽	赤羽馬鹿祭りですね	Editional	
北	赤羽馬鹿祭りですね	Editional	
東京	赤羽馬鹿祭りですね	Editional	
月	ダニエル・フェルナンデス (サッカー選手)ですね	Editional	
ポルトガル	ダニエル・フェルナンデス (サッカー選手)ですね	Editional	
チーム	ダニエル・フェルナンデス (サッカー選手)ですね	Editional	
シーズン	ダニエル・フェルナンデス (サッカー選手)ですね	Editional	
選手	ダニエル・フェルナンデス (サッカー選手)ですね	Editional	
ガン	今井正アワーですね	Editional	
月	今井正アワーですね	Editional	
丸	今井正アワーですね	Editional	
正	今井正アワーですね	Editional	
中村	今井正アワーですね	Editional	
月	パトリック・ファン・アーンホルトですね	Editional	
パトリック	パトリック・ファン・アーンホルトですね	Editional	
オランダ	パトリック・ファン・アーンホルトですね	Editional	
出身	パトリック・ファン・アーンホルトですね	Editional	
サッカー	パトリック・ファン・アーンホルトですね	Editional	
月	デニス・ロバートソンですね	Editional	
経済	デニス・ロバートソンですね	Editional	
デニス	デニス・ロバートソンですね	Editional	
イギリス	デニス・ロバートソンですね	Editional	
学者	デニス・ロバートソンですね	Editional	
コットン	エリザベス・コットンですね	Editional	
エリザベス	エリザベス・コットンですね	Editional	
ギター	エリザベス・コットンですね	Editional	
フォーク	エリザベス・コットンですね	Editional	
歌	エリザベス・コットンですね	Editional	
大学院	渡井祥一ですね	Editional	
工学	渡井祥一ですね	Editional	
プロジェクト	渡井祥一ですね	Editional	
マネジメント	渡井祥一ですね	Editional	
渡井	渡井祥一ですね	Editional	
アメリカンフットボール	丸田泰裕ですね	Editional	
丸田	丸田泰裕ですね	Editional	
日本	丸田泰裕ですね	Editional	
泰裕	丸田泰裕ですね	Editional	
東京	丸田泰裕ですね	Editional	
図書館	浜田市立図書館ですね	Editional	
浜田	浜田市立図書館ですね	Editional	
市立	浜田市立図書館ですね	Editional	
月	浜田市立図書館ですね	Editional	
中央	浜田市立図書館ですね	Editional	
小島	小島剛ですね	Editional	
風力	小島剛ですね	Editional	
会社	小島剛ですね	Editional	
事業	小島剛ですね	Editional	
エコ	小島剛ですね	Editional	
郵便	荒木駅前郵便局ですね	Editional	
荒木	荒木駅前郵便局ですね	Editional	
業務	荒木駅前郵便局ですね	Editional	
駅前	荒木駅前郵便局ですね	Editional	
久留	荒木駅前郵便局ですね	Editional	
横浜	伊藤緋紗子ですね	Editional	
フランス	伊藤緋紗子ですね	Editional	
伊藤	伊藤緋紗子ですね	Editional	
緋紗子	伊藤緋紗子ですね	Editional	
学校	伊藤緋紗子ですね	Editional	
天龍	天龍平岡中継局ですね	Editional	
平岡	天龍平岡中継局ですね	Editional	
長野	天龍平岡中継局ですね	Editional	
てん	天龍平岡中継局ですね	Editional	
下伊那	天龍平岡中継局ですね	Editional	
池	縫ノ池ですね	Editional	
縫	縫ノ池ですね	Editional	
湧	縫ノ池ですね	Editional	
水	縫ノ池ですね	Editional	
佐賀	縫ノ池ですね	Editional	
木祖	木祖楢川中継局ですね	Editional	
楢川	木祖楢川中継局ですね	Editional	
長野	木祖楢川中継局ですね	Editional	
ラジオ	木祖楢川中継局ですね	Editional	
木曽	木祖楢川中継局ですね	Editional	
下関	クラモトですね	Editional	
月	クラモトですね	Editional	
株式会社	クラモトですね	Editional	
山口	クラモトですね	Editional	
会社	クラモトですね	Editional	
大井	大井光長ですね	Editional	
光長	大井光長ですね	Editional	
将軍	大井光長ですね	Editional	
朝光	大井光長ですね	Editional	
鎌倉	大井光長ですね	Editional	
井上	井上隆一郎ですね	Editional	
日本	井上隆一郎ですね	Editional	
教授	井上隆一郎ですね	Editional	
隆一郎	井上隆一郎ですね	Editional	
桜美林大学	井上隆一郎ですね	Editional	
テレビ	中川村内テレビ中継局ですね	Editional	
中川	中川村内テレビ中継局ですね	Editional	
村内	中川村内テレビ中継局ですね	Editional	
川村	中川村内テレビ中継局ですね	Editional	
なか	中川村内テレビ中継局ですね	Editional	
横山	横山三四郎ですね	Editional	
三四郎	横山三四郎ですね	Editional	
こやま	横山三四郎ですね	Editional	
日本	横山三四郎ですね	Editional	
ジャーナリスト	横山三四郎ですね	Editional	
神学	カール・ヘンリーですね	Editional	
神学校	カール・ヘンリーですね	Editional	
福音	カール・ヘンリーですね	Editional	
教授	カール・ヘンリーですね	Editional	
カール	カール・ヘンリーですね	Editional	
大司教	フランシス・ザビエル・クリエンサック・コーウィタワーニットですね	Editional	
月	フランシス・ザビエル・クリエンサック・コーウィタワーニットですね	Editional	
司教	フランシス・ザビエル・クリエンサック・コーウィタワーニットですね	Editional	
バンコク	フランシス・ザビエル・クリエンサック・コーウィタワーニットですね	Editional	
教会	フランシス・ザビエル・クリエンサック・コーウィタワーニットですね	Editional	
川崎	川崎泰輔ですね	Editional	
泰	川崎泰輔ですね	Editional	
月	川崎泰輔ですね	Editional	
日本	川崎泰輔ですね	Editional	
俳優	川崎泰輔ですね	Editional	
中村	中村隆 (美術監督)ですね	Editional	
隆	中村隆 (美術監督)ですね	Editional	
美術	中村隆 (美術監督)ですね	Editional	
なか	中村隆 (美術監督)ですね	Editional	
むら	中村隆 (美術監督)ですね	Editional	
趙	趙周ですね	Editional	
周	趙周ですね	Editional	
伯	趙周ですね	Editional	
代	趙周ですね	Editional	
成	趙周ですね	Editional	
月	朴柱成ですね	Editional	
リーグ	朴柱成ですね	Editional	
仙台	朴柱成ですね	Editional	
朴	朴柱成ですね	Editional	
韓国	朴柱成ですね	Editional	
郡	キャラハン郡 (テキサス州)ですね	Editional	
人口	キャラハン郡 (テキサス州)ですね	Editional	
キャラハン	キャラハン郡 (テキサス州)ですね	Editional	
テキサス	キャラハン郡 (テキサス州)ですね	Editional	
国勢調査	キャラハン郡 (テキサス州)ですね	Editional	
波多野	波多野乾一ですね	Editional	
乾	波多野乾一ですね	Editional	
月	波多野乾一ですね	Editional	
新聞	波多野乾一ですね	Editional	
中国	波多野乾一ですね	Editional	
佐々木	佐々木良昭ですね	Editional	
良昭	佐々木良昭ですね	Editional	
月	佐々木良昭ですね	Editional	
日本	佐々木良昭ですね	Editional	
岩手	佐々木良昭ですね	Editional	
姫	篤姫ナンバー1ですね	Editional	
篤	篤姫ナンバー1ですね	Editional	
ナンバー	篤姫ナンバー1ですね	Editional	
現代	篤姫ナンバー1ですね	Editional	
ホステス	篤姫ナンバー1ですね	Editional	
モンロー	マリリン・モンローですね	Editional	
映画	マリリン・モンローですね	Editional	
マリリン	マリリン・モンローですね	Editional	
ケネディ	マリリン・モンローですね	Editional	
月	マリリン・モンローですね	Editional	
板垣	板垣貴幸ですね	Editional	
貴幸	板垣貴幸ですね	Editional	
ゆき	板垣貴幸ですね	Editional	
月	鈴木えみですね	Editional	
モデル	鈴木えみですね	Editional	
えみ	鈴木えみですね	Editional	
鈴木	鈴木えみですね	Editional	
すずき	鈴木えみですね	Editional	
池田	池田菊敏ですね	Editional	
菊	池田菊敏ですね	Editional	
敏	池田菊敏ですね	Editional	
きく	池田菊敏ですね	Editional	
月	池田菊敏ですね	Editional	
平泳ぎ	磯田順子ですね	Editional	
日本	磯田順子ですね	Editional	
選手権	磯田順子ですね	Editional	
大会	磯田順子ですね	Editional	
順子	磯田順子ですね	Editional	
明	呉明徹ですね	Editional	
将軍	呉明徹ですね	Editional	
陳	呉明徹ですね	Editional	
建	呉明徹ですね	Editional	
北	呉明徹ですね	Editional	
奈良	松尾光ですね	Editional	
文化	松尾光ですね	Editional	
松尾	松尾光ですね	Editional	
県立	松尾光ですね	Editional	
光	松尾光ですね	Editional	
津軽	津軽氏ですね	Editional	
大浦	津軽氏ですね	Editional	
近衛	津軽氏ですね	Editional	
信	津軽氏ですね	Editional	
系図	津軽氏ですね	Editional	
永海	佐竹永海ですね	Editional	
画	佐竹永海ですね	Editional	
明治	佐竹永海ですね	Editional	
井伊	佐竹永海ですね	Editional	
絵師	佐竹永海ですね	Editional	
宮内	舘粲児ですね	Editional	
昭和	舘粲児ですね	Editional	
舘	舘粲児ですね	Editional	
粲	舘粲児ですね	Editional	
大正	舘粲児ですね	Editional	
スプリング	スプリングフィールドM1795ですね	Editional	
フィールド	スプリングフィールドM1795ですね	Editional	
兵器廠	スプリングフィールドM1795ですね	Editional	
銃	スプリングフィールドM1795ですね	Editional	
アメリカ	スプリングフィールドM1795ですね	Editional	
水谷	水谷周ですね	Editional	
周	水谷周ですね	Editional	
イスラーム	水谷周ですね	Editional	
米国	水谷周ですね	Editional	
まこと	水谷周ですね	Editional	
関	関榮次ですね	Editional	
榮次	関榮次ですね	Editional	
ノンフィクション	関榮次ですね	Editional	
作家	関榮次ですね	Editional	
顧問	関榮次ですね	Editional	
将軍	将軍の娘/エリザベス・キャンベルですね	Editional	
エリザベス	将軍の娘/エリザベス・キャンベルですね	Editional	
キャンベル	将軍の娘/エリザベス・キャンベルですね	Editional	
事件	将軍の娘/エリザベス・キャンベルですね	Editional	
娘	将軍の娘/エリザベス・キャンベルですね	Editional	
スプリング	スプリングフィールドM1812ですね	Editional	
フィールド	スプリングフィールドM1812ですね	Editional	
英	スプリングフィールドM1812ですね	Editional	
米	スプリングフィールドM1812ですね	Editional	
兵器廠	スプリングフィールドM1812ですね	Editional	
青山学院大学	北本正章ですね	Editional	
北本	北本正章ですね	Editional	
正章	北本正章ですね	Editional	
教授	北本正章ですね	Editional	
日本	北本正章ですね	Editional	
財団	笹川記念保健協力財団ですね	Editional	
笹川	笹川記念保健協力財団ですね	Editional	
法人	笹川記念保健協力財団ですね	Editional	
保健	笹川記念保健協力財団ですね	Editional	
公益	笹川記念保健協力財団ですね	Editional	
ピーター	ピーター・ケンプですね	Editional	
ケンプ	ピーター・ケンプですね	Editional	
没年	ピーター・ケンプですね	Editional	
イギリス	ピーター・ケンプですね	Editional	
選手	ピーター・ケンプですね	Editional	
命	健御名方富命彦神別神社ですね	Editional	
水内	健御名方富命彦神別神社ですね	Editional	
御名	健御名方富命彦神別神社ですね	Editional	
健	健御名方富命彦神別神社ですね	Editional	
富	健御名方富命彦神別神社ですね	Editional	
神社	健御名方富命彦神別神社 (長野市箱清水)ですね	Editional	
善光寺	健御名方富命彦神別神社 (長野市箱清水)ですね	Editional	
御名	健御名方富命彦神別神社 (長野市箱清水)ですね	Editional	
健	健御名方富命彦神別神社 (長野市箱清水)ですね	Editional	
富	健御名方富命彦神別神社 (長野市箱清水)ですね	Editional	
ヒル	ヒルデ・シュレーダーですね	Editional	
シュレーダー	ヒルデ・シュレーダーですね	Editional	
月	ヒルデ・シュレーダーですね	Editional	
オリンピック	ヒルデ・シュレーダーですね	Editional	
平泳ぎ	ヒルデ・シュレーダーですね	Editional	
内閣	野田内閣 (第2次改造)ですね	Editional	
野田	野田内閣 (第2次改造)ですね	Editional	
月	野田内閣 (第2次改造)ですね	Editional	
大臣	野田内閣 (第2次改造)ですね	Editional	
国会	野田内閣 (第2次改造)ですね	Editional	
ブライアン	ブライアン・ヴァン・ホルトですね	Editional	
月	ブライアン・ヴァン・ホルトですね	Editional	
アメリカ合衆国	ブライアン・ヴァン・ホルトですね	Editional	
イリノイ	ブライアン・ヴァン・ホルトですね	Editional	
出身	ブライアン・ヴァン・ホルトですね	Editional	
麻	粟田道麻呂ですね	Editional	
呂	粟田道麻呂ですね	Editional	
道	粟田道麻呂ですね	Editional	
和気	粟田道麻呂ですね	Editional	
天平	粟田道麻呂ですね	Editional	
ラグビー	武藤規夫ですね	Editional	
高校	武藤規夫ですね	Editional	
日本	武藤規夫ですね	Editional	
大学	武藤規夫ですね	Editional	
武藤	武藤規夫ですね	Editional	
月	北原じゅんですね	Editional	
じゅん	北原じゅんですね	Editional	
日本	北原じゅんですね	Editional	
菊地	北原じゅんですね	Editional	
北原	北原じゅんですね	Editional	
月	松井愛莉ですね	Editional	
ニコラ	松井愛莉ですね	Editional	
モデル	松井愛莉ですね	Editional	
表紙	松井愛莉ですね	Editional	
松井	松井愛莉ですね	Editional	
石井	あなたに (石井竜也の曲)ですね	Editional	
竜也	あなたに (石井竜也の曲)ですね	Editional	
シングル	あなたに (石井竜也の曲)ですね	Editional	
初回	あなたに (石井竜也の曲)ですね	Editional	
曲	あなたに (石井竜也の曲)ですね	Editional	
山田	山田一廣ですね	Editional	
廣	山田一廣ですね	Editional	
一	山田一廣ですね	Editional	
やまだ	山田一廣ですね	Editional	
ひろ	山田一廣ですね	Editional	
なおみ	木村なおみですね	Editional	
木村	木村なおみですね	Editional	
月	木村なおみですね	Editional	
劇団	木村なおみですね	Editional	
塾	木村なおみですね	Editional	
関山	関山ですね	Editional	
申	光琳乾山関係文書集成ですね	Editional	
光琳	光琳乾山関係文書集成ですね	Editional	
窯	光琳乾山関係文書集成ですね	Editional	
乾山	光琳乾山関係文書集成ですね	Editional	
資料	光琳乾山関係文書集成ですね	Editional	
議員	三上隆雄ですね	Editional	
青森	三上隆雄ですね	Editional	
参議院	三上隆雄ですね	Editional	
三上	三上隆雄ですね	Editional	
隆雄	三上隆雄ですね	Editional	
佐川	佐川氏ですね	Editional	
佐竹	佐川氏ですね	Editional	
秋田	佐川氏ですね	Editional	
子	佐川氏ですね	Editional	
常陸	佐川氏ですね	Editional	
ゴール	パウロ・セルジオ・シウヴェストレ・ド・ナシメントですね	Editional	
シーズン	パウロ・セルジオ・シウヴェストレ・ド・ナシメントですね	Editional	
ブラジル	パウロ・セルジオ・シウヴェストレ・ド・ナシメントですね	Editional	
名門	パウロ・セルジオ・シウヴェストレ・ド・ナシメントですね	Editional	
ローマ	パウロ・セルジオ・シウヴェストレ・ド・ナシメントですね	Editional	
守田	守田迺神社ですね	Editional	
神社	守田迺神社ですね	Editional	
長野	守田迺神社ですね	Editional	
高田	守田迺神社ですね	Editional	
式内	守田迺神社ですね	Editional	
オリンピック	西田祥吾ですね	Editional	
鹿児島	西田祥吾ですね	Editional	
選手	西田祥吾ですね	Editional	
西田	西田祥吾ですね	Editional	
祥	西田祥吾ですね	Editional	
池見	池見猛ですね	Editional	
医学	池見猛ですね	Editional	
学校	池見猛ですね	Editional	
精神	池見猛ですね	Editional	
大分	池見猛ですね	Editional	
ロジャース	ジョン・ロジャース (1881年生)ですね	Editional	
海軍	ジョン・ロジャース (1881年生)ですね	Editional	
ジョン	ジョン・ロジャース (1881年生)ですね	Editional	
月	ジョン・ロジャース (1881年生)ですね	Editional	
航空	ジョン・ロジャース (1881年生)ですね	Editional	
オリンピック	アン・アバナシーですね	Editional	
選手	アン・アバナシーですね	Editional	
月	アン・アバナシーですね	Editional	
アメリカ	アン・アバナシーですね	Editional	
ヴァージン	アン・アバナシーですね	Editional	
郡	テイラー郡 (テキサス州)ですね	Editional	
テイラー	テイラー郡 (テキサス州)ですね	Editional	
人口	テイラー郡 (テキサス州)ですね	Editional	
国勢調査	テイラー郡 (テキサス州)ですね	Editional	
マイル	テイラー郡 (テキサス州)ですね	Editional	
月	パトリック・ベリンジャーですね	Editional	
航空	パトリック・ベリンジャーですね	Editional	
海軍	パトリック・ベリンジャーですね	Editional	
大西洋	パトリック・ベリンジャーですね	Editional	
艦隊	パトリック・ベリンジャーですね	Editional	
郡	ミッチェル郡 (テキサス州)ですね	Editional	
ミッチェル	ミッチェル郡 (テキサス州)ですね	Editional	
人口	ミッチェル郡 (テキサス州)ですね	Editional	
テキサス	ミッチェル郡 (テキサス州)ですね	Editional	
国勢調査	ミッチェル郡 (テキサス州)ですね	Editional	
郡	ハワード郡 (テキサス州)ですね	Editional	
ハワード	ハワード郡 (テキサス州)ですね	Editional	
人口	ハワード郡 (テキサス州)ですね	Editional	
テキサス	ハワード郡 (テキサス州)ですね	Editional	
アメリカ合衆国	ハワード郡 (テキサス州)ですね	Editional	
右京	杉下右京の冒険ですね	Editional	
杉下	杉下右京の冒険ですね	Editional	
事件	杉下右京の冒険ですね	Editional	
韓国	杉下右京の冒険ですね	Editional	
特命	杉下右京の冒険ですね	Editional	
日本	岡秀子ですね	Editional	
フェンシング	岡秀子ですね	Editional	
オリンピック	岡秀子ですね	Editional	
岡	岡秀子ですね	Editional	
秀子	岡秀子ですね	Editional	
月	マルコ・カプアーノですね	Editional	
マルコ	マルコ・カプアーノですね	Editional	
イタリア	マルコ・カプアーノですね	Editional	
出身	マルコ・カプアーノですね	Editional	
サッカー	マルコ・カプアーノですね	Editional	
水村	水村リアですね	Editional	
リア	水村リアですね	Editional	
レース	水村リアですね	Editional	
クイーン	水村リアですね	Editional	
事務所	水村リアですね	Editional	
エリザベス	エリザベス・キャンベルですね	Editional	
キャンベル	エリザベス・キャンベルですね	Editional	
英語	エリザベス・キャンベルですね	Editional	
人名	エリザベス・キャンベルですね	Editional	
ベスト	党毅飛ですね	Editional	
中国	党毅飛ですね	Editional	
世界	党毅飛ですね	Editional	
党	党毅飛ですね	Editional	
毅	党毅飛ですね	Editional	
ロシア	イーゴリ・コルネーエフですね	Editional	
モスクワ	イーゴリ・コルネーエフですね	Editional	
オランダ	イーゴリ・コルネーエフですね	Editional	
サッカー	イーゴリ・コルネーエフですね	Editional	
選手	イーゴリ・コルネーエフですね	Editional	
佐藤	佐藤清彦ですね	Editional	
清彦	佐藤清彦ですね	Editional	
ノンフィクション	佐藤清彦ですね	Editional	
作家	佐藤清彦ですね	Editional	
さとう	佐藤清彦ですね	Editional	
北条	北条米ですね	Editional	
米	北条米ですね	Editional	
つくば	北条米ですね	Editional	
平成	北条米ですね	Editional	
筑波	北条米ですね	Editional	
月	何処へ (石坂洋次郎の小説)ですね	Editional	
テレビ	何処へ (石坂洋次郎の小説)ですね	Editional	
小説	何処へ (石坂洋次郎の小説)ですね	Editional	
劇場	何処へ (石坂洋次郎の小説)ですね	Editional	
枠	何処へ (石坂洋次郎の小説)ですね	Editional	
関	関理恵子ですね	Editional	
理恵子	関理恵子ですね	Editional	
利恵子	関理恵子ですね	Editional	
せき	関理恵子ですね	Editional	
りえ	関理恵子ですね	Editional	
宮下	宮下静雄ですね	Editional	
静雄	宮下静雄ですね	Editional	
レコード	宮下静雄ですね	Editional	
しず	宮下静雄ですね	Editional	
月	宮下静雄ですね	Editional	
中学校	高松市立龍雲中学校ですね	Editional	
高松	高松市立龍雲中学校ですね	Editional	
市立	高松市立龍雲中学校ですね	Editional	
龍雲	高松市立龍雲中学校ですね	Editional	
地区	高松市立龍雲中学校ですね	Editional	
中学校	高松市立山田中学校ですね	Editional	
山田	高松市立山田中学校ですね	Editional	
高松	高松市立山田中学校ですね	Editional	
町立	高松市立山田中学校ですね	Editional	
市立	高松市立山田中学校ですね	Editional	
月	清水孝宏ですね	Editional	
清水	清水孝宏ですね	Editional	
孝宏	清水孝宏ですね	Editional	
栃木	清水孝宏ですね	Editional	
大田原	清水孝宏ですね	Editional	
算数	秋山仁の算数ぎらい大集合ですね	Editional	
秋山	秋山仁の算数ぎらい大集合ですね	Editional	
仁	秋山仁の算数ぎらい大集合ですね	Editional	
テレビ	秋山仁の算数ぎらい大集合ですね	Editional	
月	秋山仁の算数ぎらい大集合ですね	Editional	
文化	大槻幹郎ですね	Editional	
京都	大槻幹郎ですね	Editional	
大槻	大槻幹郎ですね	Editional	
幹郎	大槻幹郎ですね	Editional	
昭和	大槻幹郎ですね	Editional	
数学	秋山仁の数学タイムトラベルですね	Editional	
タイム	秋山仁の数学タイムトラベルですね	Editional	
トラベル	秋山仁の数学タイムトラベルですね	Editional	
秋山	秋山仁の数学タイムトラベルですね	Editional	
仁	秋山仁の数学タイムトラベルですね	Editional	
算数	秋山仁のそれいけ算数!ですね	Editional	
テレビ	秋山仁のそれいけ算数!ですね	Editional	
秋山	秋山仁のそれいけ算数!ですね	Editional	
仁	秋山仁のそれいけ算数!ですね	Editional	
月	秋山仁のそれいけ算数!ですね	Editional	
金メダル	ナタリア・イーシェンコですね	Editional	
選手権	ナタリア・イーシェンコですね	Editional	
世界	ナタリア・イーシェンコですね	Editional	
ソロ	ナタリア・イーシェンコですね	Editional	
オリンピック	ナタリア・イーシェンコですね	Editional	
佐竹	佐竹永稜ですね	Editional	
明治	佐竹永稜ですね	Editional	
日本	佐竹永稜ですね	Editional	
文	佐竹永稜ですね	Editional	
晁	佐竹永稜ですね	Editional	
永湖	佐竹永湖ですね	Editional	
佐竹	佐竹永湖ですね	Editional	
永海	佐竹永湖ですね	Editional	
永	佐竹永湖ですね	Editional	
月	佐竹永湖ですね	Editional	
義光	草刈志摩ですね	Editional	
上山	草刈志摩ですね	Editional	
草刈	草刈志摩ですね	Editional	
志摩	草刈志摩ですね	Editional	
生年	草刈志摩ですね	Editional	
映画	鈴木昶ですね	Editional	
昭和	鈴木昶ですね	Editional	
特撮	鈴木昶ですね	Editional	
操	鈴木昶ですね	Editional	
怪獣	鈴木昶ですね	Editional	
ダンディー	スティーヴン・ロブですね	Editional	
シーズン	スティーヴン・ロブですね	Editional	
タイ	スティーヴン・ロブですね	Editional	
スティーヴン	スティーヴン・ロブですね	Editional	
月	スティーヴン・ロブですね	Editional	
頼	源頼家 (摂津源氏)ですね	Editional	
源	源頼家 (摂津源氏)ですね	Editional	
歌人	源頼家 (摂津源氏)ですね	Editional	
和歌	源頼家 (摂津源氏)ですね	Editional	
党	源頼家 (摂津源氏)ですね	Editional	
高速	ベルナール・ラシュスですね	Editional	
道路	ベルナール・ラシュスですね	Editional	
学校	ベルナール・ラシュスですね	Editional	
景観	ベルナール・ラシュスですね	Editional	
フランス	ベルナール・ラシュスですね	Editional	
ライカ	井上鍾ですね	Editional	
日本	井上鍾ですね	Editional	
井上	井上鍾ですね	Editional	
シュミット	井上鍾ですね	Editional	
商会	井上鍾ですね	Editional	
ジョン	ジョン・フラムですね	Editional	
信者	ジョン・フラムですね	Editional	
米	ジョン・フラムですね	Editional	
アメリカ	ジョン・フラムですね	Editional	
欧米	ジョン・フラムですね	Editional	
オブ	馬場英雄ですね	Editional	
シリーズ	馬場英雄ですね	Editional	
プロデューサー	馬場英雄ですね	Editional	
ゲーム	馬場英雄ですね	Editional	
馬場	馬場英雄ですね	Editional	
月	エドゥ・ドラセナですね	Editional	
レギュラー	エドゥ・ドラセナですね	Editional	
ブラジル	エドゥ・ドラセナですね	Editional	
通称	エドゥ・ドラセナですね	Editional	
サンパウロ	エドゥ・ドラセナですね	Editional	
文学	船岡末利ですね	Editional	
船岡	船岡末利ですね	Editional	
利	船岡末利ですね	Editional	
フランス	船岡末利ですね	Editional	
仏語	船岡末利ですね	Editional	
小林	小林一美ですね	Editional	
一美	小林一美ですね	Editional	
中国	小林一美ですね	Editional	
神奈川大学	小林一美ですね	Editional	
教授	小林一美ですね	Editional	
情報	宮永スパイ事件ですね	Editional	
宮永	宮永スパイ事件ですね	Editional	
ソ連	宮永スパイ事件ですね	Editional	
事件	宮永スパイ事件ですね	Editional	
スパイ	宮永スパイ事件ですね	Editional	
教授	三石善吉ですね	Editional	
三石	三石善吉ですね	Editional	
善吉	三石善吉ですね	Editional	
月	三石善吉ですね	Editional	
中国	三石善吉ですね	Editional	
足利	北条時子ですね	Editional	
時子	北条時子ですね	Editional	
義兼	北条時子ですね	Editional	
北条	北条時子ですね	Editional	
蛭子	北条時子ですね	Editional	
東洋大学	菊地章太ですね	Editional	
菊地	菊地章太ですね	Editional	
章	菊地章太ですね	Editional	
太	菊地章太ですね	Editional	
宗教	菊地章太ですね	Editional	
セルビア	ロリータ・ダヴィドヴィッチですね	Editional	
ロリータ	ロリータ・ダヴィドヴィッチですね	Editional	
月	ロリータ・ダヴィドヴィッチですね	Editional	
カナダ	ロリータ・ダヴィドヴィッチですね	Editional	
オンタリオ	ロリータ・ダヴィドヴィッチですね	Editional	
軸	軸不斉ですね	Editional	
斉	軸不斉ですね	Editional	
らせん	軸不斉ですね	Editional	
基	軸不斉ですね	Editional	
順位	軸不斉ですね	Editional	
田口	田口りえですね	Editional	
りえ	田口りえですね	Editional	
ぐち	田口りえですね	Editional	
月	田口りえですね	Editional	
日本	田口りえですね	Editional	
マス	スプリングフィールドM1816ですね	Editional	
ケット	スプリングフィールドM1816ですね	Editional	
米国	スプリングフィールドM1816ですね	Editional	
スプリング	スプリングフィールドM1816ですね	Editional	
フィールド	スプリングフィールドM1816ですね	Editional	
トルコ	大島直政ですね	Editional	
大島	大島直政ですね	Editional	
直政	大島直政ですね	Editional	
月	大島直政ですね	Editional	
日本	大島直政ですね	Editional	
メディア	加藤久晴ですね	Editional	
加藤	加藤久晴ですね	Editional	
久	加藤久晴ですね	Editional	
晴	加藤久晴ですね	Editional	
文学部	加藤久晴ですね	Editional	
くるみ	くるみ割り人形 (石川ひとみの曲)ですね	Editional	
人形	くるみ割り人形 (石川ひとみの曲)ですね	Editional	
石川	くるみ割り人形 (石川ひとみの曲)ですね	Editional	
ひとみ	くるみ割り人形 (石川ひとみの曲)ですね	Editional	
曲	くるみ割り人形 (石川ひとみの曲)ですね	Editional	
昭和	高森玄ですね	Editional	
芸名	高森玄ですね	Editional	
侍	高森玄ですね	Editional	
高森	高森玄ですね	Editional	
玄	高森玄ですね	Editional	
田中	田中順二ですね	Editional	
順二	田中順二ですね	Editional	
教授	田中順二ですね	Editional	
日本	田中順二ですね	Editional	
歌人	田中順二ですね	Editional	
月	佐脇徹ですね	Editional	
脚本	佐脇徹ですね	Editional	
昭和	佐脇徹ですね	Editional	
佐	佐脇徹ですね	Editional	
脇	佐脇徹ですね	Editional	
中川	中川龍一ですね	Editional	
龍一	中川龍一ですね	Editional	
演劇	中川龍一ですね	Editional	
教授	中川龍一ですね	Editional	
なか	中川龍一ですね	Editional	
箕浦	箕浦万里子ですね	Editional	
万里子	箕浦万里子ですね	Editional	
フランス語	箕浦万里子ですね	Editional	
大学	箕浦万里子ですね	Editional	
みの	箕浦万里子ですね	Editional	
木下	木下若菜ですね	Editional	
若菜	木下若菜ですね	Editional	
きの	木下若菜ですね	Editional	
月	木下若菜ですね	Editional	
日本	木下若菜ですね	Editional	
小田	言葉にできない〜小田和正ベストカバーズ〜ですね	Editional	
和正	言葉にできない〜小田和正ベストカバーズ〜ですね	Editional	
言葉	言葉にできない〜小田和正ベストカバーズ〜ですね	Editional	
ことば	言葉にできない〜小田和正ベストカバーズ〜ですね	Editional	
まさ	言葉にできない〜小田和正ベストカバーズ〜ですね	Editional	
リーグ	大滝麻未ですね	Editional	
女子	大滝麻未ですね	Editional	
月	大滝麻未ですね	Editional	
チーム	大滝麻未ですね	Editional	
シーズン	大滝麻未ですね	Editional	
大学	清水勝彦ですね	Editional	
教授	清水勝彦ですね	Editional	
清水	清水勝彦ですね	Editional	
勝彦	清水勝彦ですね	Editional	
慶應義塾	清水勝彦ですね	Editional	
教授	中木康夫ですね	Editional	
中木	中木康夫ですね	Editional	
康夫	中木康夫ですね	Editional	
名古屋大学	中木康夫ですね	Editional	
なか	中木康夫ですね	Editional	
大学院	高木晴夫ですね	Editional	
教授	高木晴夫ですね	Editional	
博士	高木晴夫ですね	Editional	
晴夫	高木晴夫ですね	Editional	
法政大学	高木晴夫ですね	Editional	
日本	杉本稔ですね	Editional	
政治	杉本稔ですね	Editional	
杉本	杉本稔ですね	Editional	
稔	杉本稔ですね	Editional	
大学	杉本稔ですね	Editional	
教授	山根節ですね	Editional	
会計士	山根節ですね	Editional	
早稲田大学	山根節ですね	Editional	
慶大	山根節ですね	Editional	
山根	山根節ですね	Editional	
教授	加藤博ですね	Editional	
日本	加藤博ですね	Editional	
中東	加藤博ですね	Editional	
経済	加藤博ですね	Editional	
一橋大学	加藤博ですね	Editional	
大阪教育大学	小野恭靖ですね	Editional	
文学	小野恭靖ですね	Editional	
教授	小野恭靖ですね	Editional	
小野	小野恭靖ですね	Editional	
恭	小野恭靖ですね	Editional	
竜王	甲斐市立竜王北中学校ですね	Editional	
甲斐	甲斐市立竜王北中学校ですね	Editional	
北	甲斐市立竜王北中学校ですね	Editional	
中学校	甲斐市立竜王北中学校ですね	Editional	
小学校	甲斐市立竜王北中学校ですね	Editional	
郡	マーティン郡 (テキサス州)ですね	Editional	
マーティン	マーティン郡 (テキサス州)ですね	Editional	
人口	マーティン郡 (テキサス州)ですね	Editional	
アメリカ合衆国	マーティン郡 (テキサス州)ですね	Editional	
国勢調査	マーティン郡 (テキサス州)ですね	Editional	
世	見努世友ですね	Editional	
友	見努世友ですね	Editional	
古筆	見努世友ですね	Editional	
努	見努世友ですね	Editional	
了	見努世友ですね	Editional	
月	アレクサンドル・シルコですね	Editional	
ロシア	アレクサンドル・シルコですね	Editional	
チーム	アレクサンドル・シルコですね	Editional	
モスクワ	アレクサンドル・シルコですね	Editional	
出身	アレクサンドル・シルコですね	Editional	
古賀	古賀絵里子ですね	Editional	
絵里子	古賀絵里子ですね	Editional	
こ	古賀絵里子ですね	Editional	
りこ	古賀絵里子ですね	Editional	
月	古賀絵里子ですね	Editional	
佐賀	希望彰ですね	Editional	
多久	希望彰ですね	Editional	
歌手	希望彰ですね	Editional	
彰	希望彰ですね	Editional	
出身	希望彰ですね	Editional	
アルバム	クリス・シーリですね	Editional	
月	クリス・シーリですね	Editional	
ニッケル	クリス・シーリですね	Editional	
クリーク	クリス・シーリですね	Editional	
クリス	クリス・シーリですね	Editional	
ニュージーランド	スティーヴ・サムナーですね	Editional	
サッカー	スティーヴ・サムナーですね	Editional	
ワールドカップ	スティーヴ・サムナーですね	Editional	
選手	スティーヴ・サムナーですね	Editional	
国内	スティーヴ・サムナーですね	Editional	
政治	佐道明広ですね	Editional	
日本	佐道明広ですね	Editional	
博士	佐道明広ですね	Editional	
政策	佐道明広ですね	Editional	
大学院	佐道明広ですね	Editional	
並木	並木洋美ですね	Editional	
洋美	並木洋美ですね	Editional	
なみ	並木洋美ですね	Editional	
ひろみ	並木洋美ですね	Editional	
日本	並木洋美ですね	Editional	
エリック	エリック・クロスですね	Editional	
最初	エリック・クロスですね	Editional	
月	エリック・クロスですね	Editional	
アメリカ	エリック・クロスですね	Editional	
グリーン	エリック・クロスですね	Editional	
月	スティーヴ・グロスマンですね	Editional	
スティーヴ	スティーヴ・グロスマンですね	Editional	
グロス	スティーヴ・グロスマンですね	Editional	
マン	スティーヴ・グロスマンですね	Editional	
ジャズ	スティーヴ・グロスマンですね	Editional	
セル	セルダン・パウエルですね	Editional	
ダン	セルダン・パウエルですね	Editional	
パウエル	セルダン・パウエルですね	Editional	
月	セルダン・パウエルですね	Editional	
ソウル	セルダン・パウエルですね	Editional	
チャールズ	チャールズ・マクファーソンですね	Editional	
月	チャールズ・マクファーソンですね	Editional	
アメリカ	チャールズ・マクファーソンですね	Editional	
ジャズ	チャールズ・マクファーソンですね	Editional	
アルト	チャールズ・マクファーソンですね	Editional	
スーダン	ジェームス・モガですね	Editional	
南	ジェームス・モガですね	Editional	
ジェームス	ジェームス・モガですね	Editional	
ジョセフ	ジェームス・モガですね	Editional	
月	ジェームス・モガですね	Editional	
東海林	東海林毅 (映画監督)ですね	Editional	
毅	東海林毅 (映画監督)ですね	Editional	
映画	東海林毅 (映画監督)ですね	Editional	
しょうじ	東海林毅 (映画監督)ですね	Editional	
月	東海林毅 (映画監督)ですね	Editional	
任	任忠ですね	Editional	
忠	任忠ですね	Editional	
建	任忠ですね	Editional	
将軍	任忠ですね	Editional	
康	任忠ですね	Editional	
パーマー	パーマーの危機脱出ですね	Editional	
ベルリン	パーマーの危機脱出ですね	Editional	
危機	パーマーの危機脱出ですね	Editional	
ハリー	パーマーの危機脱出ですね	Editional	
イギリス	パーマーの危機脱出ですね	Editional	
キム	キム・ヒョンソク (音楽家)ですね	Editional	
大統領	キム・ヒョンソク (音楽家)ですね	Editional	
文	キム・ヒョンソク (音楽家)ですね	Editional	
寅	キム・ヒョンソク (音楽家)ですね	Editional	
月	キム・ヒョンソク (音楽家)ですね	Editional	
ロシア	中澤孝之ですね	Editional	
ソ連	中澤孝之ですね	Editional	
日本	中澤孝之ですね	Editional	
モスクワ	中澤孝之ですね	Editional	
教授	中澤孝之ですね	Editional	
ブラジル	水本光任ですね	Editional	
月	水本光任ですね	Editional	
新聞	水本光任ですね	Editional	
水本	水本光任ですね	Editional	
昭和	水本光任ですね	Editional	
教授	木村明生ですね	Editional	
木村	木村明生ですね	Editional	
明生	木村明生ですね	Editional	
月	木村明生ですね	Editional	
青山学院大学	木村明生ですね	Editional	
齋藤	齋藤美波ですね	Editional	
美波	齋藤美波ですね	Editional	
神奈川	齋藤美波ですね	Editional	
横浜	齋藤美波ですね	Editional	
モデル	齋藤美波ですね	Editional	
カレン	カレン・マキナニーですね	Editional	
生年	カレン・マキナニーですね	Editional	
アメリカ合衆国	カレン・マキナニーですね	Editional	
小説	カレン・マキナニーですね	Editional	
ライス	カレン・マキナニーですね	Editional	
社長	小泉光臣ですね	Editional	
小泉	小泉光臣ですね	Editional	
タバコ	小泉光臣ですね	Editional	
事業	小泉光臣ですね	Editional	
月	小泉光臣ですね	Editional	
田辺	田辺繁子ですね	Editional	
繁子	田辺繁子ですね	Editional	
月	田辺繁子ですね	Editional	
専修大学	田辺繁子ですね	Editional	
教授	田辺繁子ですね	Editional	
三浦	三浦靖冬ですね	Editional	
靖	三浦靖冬ですね	Editional	
冬	三浦靖冬ですね	Editional	
みうら	三浦靖冬ですね	Editional	
やす	三浦靖冬ですね	Editional	
月	デニス・マントゥロフですね	Editional	
産業	デニス・マントゥロフですね	Editional	
ロシア	デニス・マントゥロフですね	Editional	
大臣	デニス・マントゥロフですね	Editional	
内閣	デニス・マントゥロフですね	Editional	
場所	嵐望将輔ですね	Editional	
月	嵐望将輔ですね	Editional	
部屋	嵐望将輔ですね	Editional	
幕下	嵐望将輔ですね	Editional	
貴乃花	嵐望将輔ですね	Editional	
白雪姫	白雪姫と鏡の女王ですね	Editional	
女王	白雪姫と鏡の女王ですね	Editional	
森	白雪姫と鏡の女王ですね	Editional	
鏡	白雪姫と鏡の女王ですね	Editional	
月	白雪姫と鏡の女王ですね	Editional	
月	レミ・カベッラですね	Editional	
フランス	レミ・カベッラですね	Editional	
出身	レミ・カベッラですね	Editional	
チーム	レミ・カベッラですね	Editional	
オリンピック	レミ・カベッラですね	Editional	
粟野	粟野ですね	Editional	
あわ	粟野ですね	Editional	
日本	粟野ですね	Editional	
姓	粟野ですね	Editional	
宇留野	宇留野氏ですね	Editional	
佐竹	宇留野氏ですね	Editional	
源	宇留野氏ですね	Editional	
子	宇留野氏ですね	Editional	
清和	宇留野氏ですね	Editional	
日本	川田敬一ですね	Editional	
学校	川田敬一ですね	Editional	
専門	川田敬一ですね	Editional	
法律	川田敬一ですね	Editional	
川田	川田敬一ですね	Editional	
福島	福島正光ですね	Editional	
正	福島正光ですね	Editional	
ライター	福島正光ですね	Editional	
部長	福島正光ですね	Editional	
取締役	福島正光ですね	Editional	
佐竹	佐竹永邨ですね	Editional	
画	佐竹永邨ですね	Editional	
永	佐竹永邨ですね	Editional	
月	佐竹永邨ですね	Editional	
大正	佐竹永邨ですね	Editional	
月	ミッチェル・ヴァイザーですね	Editional	
ドイツ	ミッチェル・ヴァイザーですね	Editional	
チーム	ミッチェル・ヴァイザーですね	Editional	
決勝	ミッチェル・ヴァイザーですね	Editional	
ミッチェル	ミッチェル・ヴァイザーですね	Editional	
経済	アラン・メルツァーですね	Editional	
月	アラン・メルツァーですね	Editional	
アメリカ	アラン・メルツァーですね	Editional	
アラン	アラン・メルツァーですね	Editional	
ボストン	アラン・メルツァーですね	Editional	
美麗	榊美麗のためなら僕は…ッ!!ですね	Editional	
榊	榊美麗のためなら僕は…ッ!!ですね	Editional	
月	榊美麗のためなら僕は…ッ!!ですね	Editional	
演劇	榊美麗のためなら僕は…ッ!!ですね	Editional	
劇団	榊美麗のためなら僕は…ッ!!ですね	Editional	
山本	山本善次郎ですね	Editional	
映画	山本善次郎ですね	Editional	
月	山本善次郎ですね	Editional	
昭和	山本善次郎ですね	Editional	
同社	山本善次郎ですね	Editional	
サッカー	金東進 (サッカー審判員)ですね	Editional	
国際	金東進 (サッカー審判員)ですね	Editional	
主審	金東進 (サッカー審判員)ですね	Editional	
ワールドカップ	金東進 (サッカー審判員)ですね	Editional	
アジア	金東進 (サッカー審判員)ですね	Editional	
教授	赤司道雄ですね	Editional	
大学	赤司道雄ですね	Editional	
赤司	赤司道雄ですね	Editional	
道雄	赤司道雄ですね	Editional	
聖書	赤司道雄ですね	Editional	
教授	中沢洽樹ですね	Editional	
中沢	中沢洽樹ですね	Editional	
洽	中沢洽樹ですね	Editional	
月	中沢洽樹ですね	Editional	
立教大学	中沢洽樹ですね	Editional	
佐藤	佐藤麻衣子ですね	Editional	
麻衣子	佐藤麻衣子ですね	Editional	
さとう	佐藤麻衣子ですね	Editional	
まいこ	佐藤麻衣子ですね	Editional	
月	佐藤麻衣子ですね	Editional	
ボール	マルセイユ・ルーレットですね	Editional	
足	マルセイユ・ルーレットですね	Editional	
選手	マルセイユ・ルーレットですね	Editional	
マルセイユ	マルセイユ・ルーレットですね	Editional	
方向	マルセイユ・ルーレットですね	Editional	
哲学	川田殖ですね	Editional	
川田	川田殖ですね	Editional	
日本	川田殖ですね	Editional	
国際基督教大学	川田殖ですね	Editional	
助教授	川田殖ですね	Editional	
丸山	丸山寿美太郎ですね	Editional	
月	丸山寿美太郎ですね	Editional	
仏	丸山寿美太郎ですね	Editional	
明治	丸山寿美太郎ですね	Editional	
日本	丸山寿美太郎ですね	Editional	
市川	市川寿猿ですね	Editional	
寿猿	市川寿猿ですね	Editional	
歌舞伎	市川寿猿ですね	Editional	
役者	市川寿猿ですね	Editional	
名跡	市川寿猿ですね	Editional	
講師	小林登志子ですね	Editional	
古代	小林登志子ですね	Editional	
オリエント	小林登志子ですね	Editional	
小林	小林登志子ですね	Editional	
登志子	小林登志子ですね	Editional	
関戸	関戸本古今和歌集ですね	Editional	
古今	関戸本古今和歌集ですね	Editional	
時代	関戸本古今和歌集ですね	Editional	
和歌集	関戸本古今和歌集ですね	Editional	
断簡	関戸本古今和歌集ですね	Editional	
平田	平田秀一ですね	Editional	
秀一	平田秀一ですね	Editional	
しゅう	平田秀一ですね	Editional	
いち	平田秀一ですね	Editional	
月	平田秀一ですね	Editional	
モンテネグロ	ルカ・ジョルジェヴィッチですね	Editional	
月	ルカ・ジョルジェヴィッチですね	Editional	
シーズン	ルカ・ジョルジェヴィッチですね	Editional	
ルカ	ルカ・ジョルジェヴィッチですね	Editional	
ラテン	ルカ・ジョルジェヴィッチですね	Editional	
鈴木	鈴木貞敏ですね	Editional	
貞敏	鈴木貞敏ですね	Editional	
月	鈴木貞敏ですね	Editional	
貞一	鈴木貞敏ですね	Editional	
すずき	鈴木貞敏ですね	Editional	
松永	松永希久夫ですね	Editional	
希	松永希久夫ですね	Editional	
久夫	松永希久夫ですね	Editional	
東京神学大学	松永希久夫ですね	Editional	
教授	松永希久夫ですね	Editional	
月	アレクサンドル・コロメイツェフですね	Editional	
ゴール	アレクサンドル・コロメイツェフですね	Editional	
ロシア	アレクサンドル・コロメイツェフですね	Editional	
出身	アレクサンドル・コロメイツェフですね	Editional	
選手	アレクサンドル・コロメイツェフですね	Editional	
経	大宝積経ですね	Editional	
宝積	大宝積経ですね	Editional	
仏教	大宝積経ですね	Editional	
経典	大宝積経ですね	Editional	
大蔵経	大宝積経ですね	Editional	
月	リカルド・フラーですね	Editional	
シーズン	リカルド・フラーですね	Editional	
チーム	リカルド・フラーですね	Editional	
リーグ	リカルド・フラーですね	Editional	
ポーツマス	リカルド・フラーですね	Editional	
宮城	新田匡宏ですね	Editional	
新田	新田匡宏ですね	Editional	
匡	新田匡宏ですね	Editional	
宏	新田匡宏ですね	Editional	
セミナー	新田匡宏ですね	Editional	
ラグビー	吉田明ですね	Editional	
日本	吉田明ですね	Editional	
月	吉田明ですね	Editional	
学校	吉田明ですね	Editional	
大会	吉田明ですね	Editional	
調布	金子佐一郎ですね	Editional	
金子	金子佐一郎ですね	Editional	
佐一郎	金子佐一郎ですね	Editional	
月	金子佐一郎ですね	Editional	
東京	金子佐一郎ですね	Editional	
川柳	水谷緑亭ですね	Editional	
緑	水谷緑亭ですね	Editional	
佃	水谷緑亭ですね	Editional	
柳	水谷緑亭ですね	Editional	
天保	水谷緑亭ですね	Editional	
東京	吉尾勝征ですね	Editional	
調布	吉尾勝征ですね	Editional	
吉尾	吉尾勝征ですね	Editional	
勝征	吉尾勝征ですね	Editional	
月	吉尾勝征ですね	Editional	
国際	仲晃ですね	Editional	
桜美林大学	仲晃ですね	Editional	
教授	仲晃ですね	Editional	
仲	仲晃ですね	Editional	
晃	仲晃ですね	Editional	
マス	スプリングフィールドM1822ですね	Editional	
ケット	スプリングフィールドM1822ですね	Editional	
スプリング	スプリングフィールドM1822ですね	Editional	
フィールド	スプリングフィールドM1822ですね	Editional	
銃	スプリングフィールドM1822ですね	Editional	
石井	遠くへ… (石井竜也の曲)ですね	Editional	
竜也	遠くへ… (石井竜也の曲)ですね	Editional	
シングル	遠くへ… (石井竜也の曲)ですね	Editional	
初回	遠くへ… (石井竜也の曲)ですね	Editional	
曲	遠くへ… (石井竜也の曲)ですね	Editional	
帝京大学	関口英男ですね	Editional	
関口	関口英男ですね	Editional	
英男	関口英男ですね	Editional	
文化	関口英男ですね	Editional	
大学	関口英男ですね	Editional	
映画	ゲイリー・ダニエルズですね	Editional	
ゲイリー	ゲイリー・ダニエルズですね	Editional	
俳優	ゲイリー・ダニエルズですね	Editional	
格闘技	ゲイリー・ダニエルズですね	Editional	
エドワード	ゲイリー・ダニエルズですね	Editional	
カナダ	吉田健正ですね	Editional	
吉田	吉田健正ですね	Editional	
健	吉田健正ですね	Editional	
日本	吉田健正ですね	Editional	
国際	吉田健正ですね	Editional	
知里	知里ですね	Editional	
日本	知里ですね	Editional	
かねこ	知里ですね	Editional	
ちさ	知里ですね	Editional	
月	知里ですね	Editional	
都市	石田頼房ですね	Editional	
日本	石田頼房ですね	Editional	
石田	石田頼房ですね	Editional	
頼房	石田頼房ですね	Editional	
首都	石田頼房ですね	Editional	
スプリング	スプリングフィールドM1835ですね	Editional	
フィールド	スプリングフィールドM1835ですね	Editional	
銃	スプリングフィールドM1835ですね	Editional	
マス	スプリングフィールドM1835ですね	Editional	
ケット	スプリングフィールドM1835ですね	Editional	
月	鈴木三樹之助ですね	Editional	
昭和	鈴木三樹之助ですね	Editional	
東京	鈴木三樹之助ですね	Editional	
三木	鈴木三樹之助ですね	Editional	
鈴木	鈴木三樹之助ですね	Editional	
ニューヨーク	ロバート・ジョン・バークですね	Editional	
ロバート	ロバート・ジョン・バークですね	Editional	
ジョン	ロバート・ジョン・バークですね	Editional	
アメリカ	ロバート・ジョン・バークですね	Editional	
大学	ロバート・ジョン・バークですね	Editional	
古墳	宝来山古墳ですね	Editional	
陵	宝来山古墳ですね	Editional	
宝	宝来山古墳ですね	Editional	
来山	宝来山古墳ですね	Editional	
垂	宝来山古墳ですね	Editional	
キャロル	キャロル・ネルソン・ダグラスですね	Editional	
ネルソン	キャロル・ネルソン・ダグラスですね	Editional	
ダグラス	キャロル・ネルソン・ダグラスですね	Editional	
猫	キャロル・ネルソン・ダグラスですね	Editional	
月	キャロル・ネルソン・ダグラスですね	Editional	
宇宙	柴田一成 (宇宙物理学者)ですね	Editional	
京都大	柴田一成 (宇宙物理学者)ですね	Editional	
ジェット	柴田一成 (宇宙物理学者)ですね	Editional	
柴田	柴田一成 (宇宙物理学者)ですね	Editional	
一成	柴田一成 (宇宙物理学者)ですね	Editional	
大学	中山義崇ですね	Editional	
熊本	中山義崇ですね	Editional	
昭和	中山義崇ですね	Editional	
理事	中山義崇ですね	Editional	
崇	中山義崇ですね	Editional	
なつ	寺島なつですね	Editional	
寺島	寺島なつですね	Editional	
月	寺島なつですね	Editional	
日本	寺島なつですね	Editional	
グラビア	寺島なつですね	Editional	
高村	高村暢児ですね	Editional	
暢	高村暢児ですね	Editional	
月	高村暢児ですね	Editional	
たか	高村暢児ですね	Editional	
むら	高村暢児ですね	Editional	
陸	陸瓊ですね	Editional	
郎	陸瓊ですね	Editional	
建	陸瓊ですね	Editional	
陳	陸瓊ですね	Editional	
侍	陸瓊ですね	Editional	
マライア	グリッター (マライア・キャリーのアルバム)ですね	Editional	
キャリー	グリッター (マライア・キャリーのアルバム)ですね	Editional	
アルバム	グリッター (マライア・キャリーのアルバム)ですね	Editional	
映画	グリッター (マライア・キャリーのアルバム)ですね	Editional	
向こう	グリッター (マライア・キャリーのアルバム)ですね	Editional	
陸	陸従典ですね	Editional	
隋	陸従典ですね	Editional	
郎	陸従典ですね	Editional	
学士	陸従典ですね	Editional	
呉	陸従典ですね	Editional	
古墳	マルコ山古墳ですね	Editional	
マルコ	マルコ山古墳ですね	Editional	
真弓	マルコ山古墳ですね	Editional	
塚	マルコ山古墳ですね	Editional	
終末	マルコ山古墳ですね	Editional	
島田	島田賢人ですね	Editional	
賢人	島田賢人ですね	Editional	
埼玉	島田賢人ですね	Editional	
しま	島田賢人ですね	Editional	
月	島田賢人ですね	Editional	
田村	田村せいきですね	Editional	
せい	田村せいきですね	Editional	
むら	田村せいきですね	Editional	
日本	田村せいきですね	Editional	
男性	田村せいきですね	Editional	
長野	加茂神社 (長野市西長野)ですね	Editional	
神社	加茂神社 (長野市西長野)ですね	Editional	
善光寺	加茂神社 (長野市西長野)ですね	Editional	
加茂	加茂神社 (長野市西長野)ですね	Editional	
西長野	加茂神社 (長野市西長野)ですね	Editional	
コール	コールマン郡 (テキサス州)ですね	Editional	
マン	コールマン郡 (テキサス州)ですね	Editional	
郡	コールマン郡 (テキサス州)ですね	Editional	
人口	コールマン郡 (テキサス州)ですね	Editional	
テキサス	コールマン郡 (テキサス州)ですね	Editional	
神社	柳原神社 (長野市)ですね	Editional	
長野	柳原神社 (長野市)ですね	Editional	
笹	柳原神社 (長野市)ですね	Editional	
善光寺	柳原神社 (長野市)ですね	Editional	
柳原	柳原神社 (長野市)ですね	Editional	
百貨店	和信百貨店ですね	Editional	
建物	和信百貨店ですね	Editional	
和信	和信百貨店ですね	Editional	
京	和信百貨店ですね	Editional	
朴	和信百貨店ですね	Editional	
番組	堂本剛のココロ見ですね	Editional	
堂本	堂本剛のココロ見ですね	Editional	
剛	堂本剛のココロ見ですね	Editional	
人生	堂本剛のココロ見ですね	Editional	
ココロ	堂本剛のココロ見ですね	Editional	
数学	カール・ルンゲですね	Editional	
カール	カール・ルンゲですね	Editional	
ルンゲ	カール・ルンゲですね	Editional	
月	カール・ルンゲですね	Editional	
分野	カール・ルンゲですね	Editional	
ジョン	ジョン・マエダですね	Editional	
日系	ジョン・マエダですね	Editional	
課程	ジョン・マエダですね	Editional	
日本	ジョン・マエダですね	Editional	
筑波大学	ジョン・マエダですね	Editional	
教授	石川博友ですね	Editional	
石川	石川博友ですね	Editional	
博	石川博友ですね	Editional	
友	石川博友ですね	Editional	
神奈川大学	石川博友ですね	Editional	
レオ	レオ・ライトですね	Editional	
ライト	レオ・ライトですね	Editional	
月	レオ・ライトですね	Editional	
アメリカ合衆国	レオ・ライトですね	Editional	
テキサス	レオ・ライトですね	Editional	
井上	HOME (井上侑のアルバム)ですね	Editional	
アルバム	HOME (井上侑のアルバム)ですね	Editional	
ホーム	HOME (井上侑のアルバム)ですね	Editional	
うた	HOME (井上侑のアルバム)ですね	Editional	
楽曲	HOME (井上侑のアルバム)ですね	Editional	
浄	五藤浄基ですね	Editional	
基	五藤浄基ですね	Editional	
藤	五藤浄基ですね	Editional	
山内	五藤浄基ですね	Editional	
一豊	五藤浄基ですね	Editional	
山口	山口ナオミですね	Editional	
ナオミ	山口ナオミですね	Editional	
女優	山口ナオミですね	Editional	
ぐち	山口ナオミですね	Editional	
なおみ	山口ナオミですね	Editional	
アンドリュー	アンドリュー・シンカラですね	Editional	
シン	アンドリュー・シンカラですね	Editional	
カラ	アンドリュー・シンカラですね	Editional	
ザンビア	アンドリュー・シンカラですね	Editional	
月	アンドリュー・シンカラですね	Editional	
ドイツ	酒寄進一ですね	Editional	
文学	酒寄進一ですね	Editional	
酒寄	酒寄進一ですね	Editional	
進一	酒寄進一ですね	Editional	
和光大学	酒寄進一ですね	Editional	
政治	青井千由紀ですね	Editional	
国際	青井千由紀ですね	Editional	
教授	青井千由紀ですね	Editional	
青井	青井千由紀ですね	Editional	
千	青井千由紀ですね	Editional	
まつり	花まつり (石井竜也の曲)ですね	Editional	
花	花まつり (石井竜也の曲)ですね	Editional	
石井	花まつり (石井竜也の曲)ですね	Editional	
竜也	花まつり (石井竜也の曲)ですね	Editional	
曲	花まつり (石井竜也の曲)ですね	Editional	
済	済寧曲阜空港ですね	Editional	
寧	済寧曲阜空港ですね	Editional	
空港	済寧曲阜空港ですね	Editional	
いね	済寧曲阜空港ですね	Editional	
中華人民共和国	済寧曲阜空港ですね	Editional	
月	黒岩利雄ですね	Editional	
空	黒岩利雄ですね	Editional	
昭和	黒岩利雄ですね	Editional	
黒岩	黒岩利雄ですね	Editional	
事変	黒岩利雄ですね	Editional	
林	林浦駅ですね	Editional	
浦	林浦駅ですね	Editional	
大韓民国	林浦駅ですね	Editional	
慶尚北道	林浦駅ですね	Editional	
永川	林浦駅ですね	Editional	
めぐみ	添田めぐみですね	Editional	
添田	添田めぐみですね	Editional	
月	添田めぐみですね	Editional	
福島	添田めぐみですね	Editional	
芸能	添田めぐみですね	Editional	
教授	木内信敬ですね	Editional	
木内	木内信敬ですね	Editional	
信	木内信敬ですね	Editional	
日本	木内信敬ですね	Editional	
千葉大学	木内信敬ですね	Editional	
日本	松浦邦男ですね	Editional	
工学	松浦邦男ですね	Editional	
環境	松浦邦男ですね	Editional	
学会	松浦邦男ですね	Editional	
松浦	松浦邦男ですね	Editional	
スプリング	スプリングフィールドM1840ですね	Editional	
フィールド	スプリングフィールドM1840ですね	Editional	
マス	スプリングフィールドM1840ですね	Editional	
ケット	スプリングフィールドM1840ですね	Editional	
銃	スプリングフィールドM1840ですね	Editional	
誠夫	塹江誠夫ですね	Editional	
月	塹江誠夫ですね	Editional	
数学	塹江誠夫ですね	Editional	
高知	塹江誠夫ですね	Editional	
培風館	塹江誠夫ですね	Editional	
月	金澤未咲ですね	Editional	
平成	金澤未咲ですね	Editional	
星野	金澤未咲ですね	Editional	
麻衣子	金澤未咲ですね	Editional	
メジャー	金澤未咲ですね	Editional	
大学	リサ・ラッツですね	Editional	
家族	リサ・ラッツですね	Editional	
カリフォルニア	リサ・ラッツですね	Editional	
スペル	リサ・ラッツですね	Editional	
マン	リサ・ラッツですね	Editional	
イギリス	スチュアート・ネヴィルですね	Editional	
ニューヨーク・タイムズ	スチュアート・ネヴィルですね	Editional	
ロサンゼルス	スチュアート・ネヴィルですね	Editional	
タイムズ	スチュアート・ネヴィルですね	Editional	
スチュアート	スチュアート・ネヴィルですね	Editional	
田中	田中喜美子ですね	Editional	
喜美子	田中喜美子ですね	Editional	
主婦	田中喜美子ですね	Editional	
きみこ	田中喜美子ですね	Editional	
月	田中喜美子ですね	Editional	
大湯	大湯ですね	Editional	
ゆ	大湯ですね	Editional	
日本	大湯ですね	Editional	
地名	大湯ですね	Editional	
人名	大湯ですね	Editional	
中国	新鴨緑江大橋ですね	Editional	
鴨	新鴨緑江大橋ですね	Editional	
緑	新鴨緑江大橋ですね	Editional	
江	新鴨緑江大橋ですね	Editional	
道路	新鴨緑江大橋ですね	Editional	
科学	餌取章男ですね	Editional	
日本	餌取章男ですね	Editional	
教授	餌取章男ですね	Editional	
技術	餌取章男ですね	Editional	
テレビ	餌取章男ですね	Editional	
光学	宮西武史ですね	Editional	
宮西	宮西武史ですね	Editional	
武史	宮西武史ですね	Editional	
みや	宮西武史ですね	Editional	
けし	宮西武史ですね	Editional	
八木	八木宏之 (1959-)ですね	Editional	
宏之	八木宏之 (1959-)ですね	Editional	
昭和	八木宏之 (1959-)ですね	Editional	
法人	八木宏之 (1959-)ですね	Editional	
事業	八木宏之 (1959-)ですね	Editional	
月	北山清太郎ですね	Editional	
北山	北山清太郎ですね	Editional	
映画	北山清太郎ですね	Editional	
日本	北山清太郎ですね	Editional	
アニメーション	北山清太郎ですね	Editional	
東京外国語大学	中村平治ですね	Editional	
教授	中村平治ですね	Editional	
中村	中村平治ですね	Editional	
平治	中村平治ですね	Editional	
インド	中村平治ですね	Editional	
ブランド	ベンソン&ヘッジスですね	Editional	
ベンソン	ベンソン&ヘッジスですね	Editional	
イギリス	ベンソン&ヘッジスですね	Editional	
タバコ	ベンソン&ヘッジスですね	Editional	
スポンサー	ベンソン&ヘッジスですね	Editional	
月	朝明重男ですね	Editional	
場所	朝明重男ですね	Editional	
朝明	朝明重男ですね	Editional	
道	朝明重男ですね	Editional	
三重	朝明重男ですね	Editional	
熊坂	熊坂適山ですね	Editional	
月	熊坂適山ですね	Editional	
画	熊坂適山ですね	Editional	
波	熊坂適山ですね	Editional	
元治	熊坂適山ですね	Editional	
日時計	日時計 (石井竜也のアルバム)ですね	Editional	
アルバム	日時計 (石井竜也のアルバム)ですね	Editional	
石井	日時計 (石井竜也のアルバム)ですね	Editional	
竜也	日時計 (石井竜也のアルバム)ですね	Editional	
けい	日時計 (石井竜也のアルバム)ですね	Editional	
技師	黒川博通ですね	Editional	
黒川	黒川博通ですね	Editional	
博	黒川博通ですね	Editional	
光学	黒川博通ですね	Editional	
東宝	黒川博通ですね	Editional	
教授	中山恒明ですね	Editional	
中山	中山恒明ですね	Editional	
外科	中山恒明ですね	Editional	
千葉	中山恒明ですね	Editional	
家族	中山恒明ですね	Editional	
月	マリオ・スタニッチですね	Editional	
クロアチア	マリオ・スタニッチですね	Editional	
ユーゴスラビア	マリオ・スタニッチですね	Editional	
選手	マリオ・スタニッチですね	Editional	
シーズン	マリオ・スタニッチですね	Editional	
郡	ハミルトン郡 (テキサス州)ですね	Editional	
ハミルトン	ハミルトン郡 (テキサス州)ですね	Editional	
テキサス	ハミルトン郡 (テキサス州)ですね	Editional	
市	ハミルトン郡 (テキサス州)ですね	Editional	
国勢調査	ハミルトン郡 (テキサス州)ですね	Editional	
郡	ライムストーン郡 (テキサス州)ですね	Editional	
テキサス	ライムストーン郡 (テキサス州)ですね	Editional	
人口	ライムストーン郡 (テキサス州)ですね	Editional	
ライム	ライムストーン郡 (テキサス州)ですね	Editional	
ストーン	ライムストーン郡 (テキサス州)ですね	Editional	
井上	井上信一ですね	Editional	
仏教	井上信一ですね	Editional	
頭取	井上信一ですね	Editional	
理事	井上信一ですね	Editional	
信一	井上信一ですね	Editional	
ロシア	イーゴリ・ヤノフスキーですね	Editional	
月	イーゴリ・ヤノフスキーですね	Editional	
現役	イーゴリ・ヤノフスキーですね	Editional	
ヤノフ	イーゴリ・ヤノフスキーですね	Editional	
スキー	イーゴリ・ヤノフスキーですね	Editional	
教授	森本達雄ですね	Editional	
インド	森本達雄ですね	Editional	
森本	森本達雄ですね	Editional	
達雄	森本達雄ですね	Editional	
月	森本達雄ですね	Editional	
川上	川上村立図書館ですね	Editional	
図書館	川上村立図書館ですね	Editional	
村立	川上村立図書館ですね	Editional	
みそ	川上村立図書館ですね	Editional	
りつ	川上村立図書館ですね	Editional	
高畑	高畑辰雄ですね	Editional	
空	高畑辰雄ですね	Editional	
艦	高畑辰雄ですね	Editional	
昭和	高畑辰雄ですね	Editional	
月	高畑辰雄ですね	Editional	
舛井	舛井一仁ですね	Editional	
一仁	舛井一仁ですね	Editional	
日本	舛井一仁ですね	Editional	
弁護士	舛井一仁ですね	Editional	
大学	舛井一仁ですね	Editional	
矢巾	矢巾温泉ですね	Editional	
温泉	矢巾温泉ですね	Editional	
おん	矢巾温泉ですね	Editional	
岩手	矢巾温泉ですね	Editional	
南昌山	矢巾温泉ですね	Editional	
ダム	煙山ダムですね	Editional	
煙山	煙山ダムですね	Editional	
岩手	煙山ダムですね	Editional	
矢巾	煙山ダムですね	Editional	
岩崎	煙山ダムですね	Editional	
写真	尾仲浩二ですね	Editional	
尾仲	尾仲浩二ですね	Editional	
浩二	尾仲浩二ですね	Editional	
おなか	尾仲浩二ですね	Editional	
昭和	尾仲浩二ですね	Editional	
佐藤	佐藤敬三ですね	Editional	
敬三	佐藤敬三ですね	Editional	
科学	佐藤敬三ですね	Editional	
さとう	佐藤敬三ですね	Editional	
けいぞう	佐藤敬三ですね	Editional	
月	村上国治ですね	Editional	
札幌	村上国治ですね	Editional	
白鳥	村上国治ですね	Editional	
日本	村上国治ですね	Editional	
委員	村上国治ですね	Editional	
司祭	マリー＝ウジェーヌ・ド・ランファン・ジェジュですね	Editional	
月	マリー＝ウジェーヌ・ド・ランファン・ジェジュですね	Editional	
マリー	マリー＝ウジェーヌ・ド・ランファン・ジェジュですね	Editional	
福	マリー＝ウジェーヌ・ド・ランファン・ジェジュですね	Editional	
在俗	マリー＝ウジェーヌ・ド・ランファン・ジェジュですね	Editional	
月	クレイトン・ゼインですね	Editional	
リーグ	クレイトン・ゼインですね	Editional	
チーム	クレイトン・ゼインですね	Editional	
選手	クレイトン・ゼインですね	Editional	
ゴール	クレイトン・ゼインですね	Editional	
アルバム	浪漫 (石井竜也のアルバム)ですね	Editional	
浪漫	浪漫 (石井竜也のアルバム)ですね	Editional	
石井	浪漫 (石井竜也のアルバム)ですね	Editional	
竜也	浪漫 (石井竜也のアルバム)ですね	Editional	
オブジェ	浪漫 (石井竜也のアルバム)ですね	Editional	
ウド	ウドちゃんカナちゃん お悩み相談本舗ですね	Editional	
カナ	ウドちゃんカナちゃん お悩み相談本舗ですね	Editional	
悩み	ウドちゃんカナちゃん お悩み相談本舗ですね	Editional	
本舗	ウドちゃんカナちゃん お悩み相談本舗ですね	Editional	
番組	ウドちゃんカナちゃん お悩み相談本舗ですね	Editional	
駅	ノース・イーリング駅ですね	Editional	
ロンドン	ノース・イーリング駅ですね	Editional	
列車	ノース・イーリング駅ですね	Editional	
都心	ノース・イーリング駅ですね	Editional	
方面	ノース・イーリング駅ですね	Editional	
マイケル	マイケル・モラレスですね	Editional	
アメリカ	マイケル・モラレスですね	Editional	
出身	マイケル・モラレスですね	Editional	
歌手	マイケル・モラレスですね	Editional	
都市	ミシェル・コラジュですね	Editional	
クレア	ミシェル・コラジュですね	Editional	
フランス	ミシェル・コラジュですね	Editional	
学校	ミシェル・コラジュですね	Editional	
空間	ミシェル・コラジュですね	Editional	
月	マルコ・パローロですね	Editional	
シーズン	マルコ・パローロですね	Editional	
イタリア	マルコ・パローロですね	Editional	
レギュラー	マルコ・パローロですね	Editional	
マルコ	マルコ・パローロですね	Editional	
天	野村良意ですね	Editional	
須賀	野村良意ですね	Editional	
野村	野村良意ですね	Editional	
良	野村良意ですね	Editional	
意	野村良意ですね	Editional	
グレン	グレン峠ですね	Editional	
峠	グレン峠ですね	Editional	
標高	グレン峠ですね	Editional	
ブルー	グレン峠ですね	Editional	
フラワー	グレン峠ですね	Editional	
郡	フリーストーン郡 (テキサス州)ですね	Editional	
ストーン	フリーストーン郡 (テキサス州)ですね	Editional	
フリー	フリーストーン郡 (テキサス州)ですね	Editional	
テキサス	フリーストーン郡 (テキサス州)ですね	Editional	
人口	フリーストーン郡 (テキサス州)ですね	Editional	
郡	アンダーソン郡 (テキサス州)ですね	Editional	
アンダーソン	アンダーソン郡 (テキサス州)ですね	Editional	
テキサス	アンダーソン郡 (テキサス州)ですね	Editional	
パレス	アンダーソン郡 (テキサス州)ですね	Editional	
ティーン	アンダーソン郡 (テキサス州)ですね	Editional	
唐沢	唐沢登喜麿ですね	Editional	
登喜	唐沢登喜麿ですね	Editional	
麿	唐沢登喜麿ですね	Editional	
東宝	唐沢登喜麿ですね	Editional	
センター	唐沢登喜麿ですね	Editional	
ハル	ハルポリッシュですね	Editional	
居合	ハルポリッシュですね	Editional	
日本	ハルポリッシュですね	Editional	
道部	ハルポリッシュですね	Editional	
ポリッシュ	ハルポリッシュですね	Editional	
農	川口由一ですね	Editional	
川口	川口由一ですね	Editional	
由一	川口由一ですね	Editional	
農家	川口由一ですね	Editional	
農薬	川口由一ですね	Editional	
王	王バイですね	Editional	
陵	王バイですね	Editional	
広州	王バイですね	Editional	
侍	王バイですね	Editional	
太子	王バイですね	Editional	
土屋	土屋京子ですね	Editional	
京子	土屋京子ですね	Editional	
愛知	土屋京子ですね	Editional	
ちや	土屋京子ですね	Editional	
こ	土屋京子ですね	Editional	
石井	GUY (石井竜也のアルバム)ですね	Editional	
竜也	GUY (石井竜也のアルバム)ですね	Editional	
アルバム	GUY (石井竜也のアルバム)ですね	Editional	
テーマ	GUY (石井竜也のアルバム)ですね	Editional	
アジアン	GUY (石井竜也のアルバム)ですね	Editional	
マス	スプリングフィールドM1842ですね	Editional	
ケット	スプリングフィールドM1842ですね	Editional	
口径	スプリングフィールドM1842ですね	Editional	
ライフル	スプリングフィールドM1842ですね	Editional	
スプリング	スプリングフィールドM1842ですね	Editional	
鉱物	吉村豊文ですね	Editional	
月	吉村豊文ですね	Editional	
日本	吉村豊文ですね	Editional	
鉱床	吉村豊文ですね	Editional	
帝国	吉村豊文ですね	Editional	
花村	花村晃子ですね	Editional	
晃子	花村晃子ですね	Editional	
声優	花村晃子ですね	Editional	
はな	花村晃子ですね	Editional	
むら	花村晃子ですね	Editional	
月	源みいなですね	Editional	
源	源みいなですね	Editional	
みい	源みいなですね	Editional	
東京	源みいなですね	Editional	
出身	源みいなですね	Editional	
圷	阿久津氏ですね	Editional	
阿久津	阿久津氏ですね	Editional	
常陸	阿久津氏ですね	Editional	
天神林	阿久津氏ですね	Editional	
源	阿久津氏ですね	Editional	
関白	二条晴良ですね	Editional	
晴	二条晴良ですね	Editional	
良	二条晴良ですね	Editional	
時代	二条晴良ですね	Editional	
藤	二条晴良ですね	Editional	
アン	アンリオですね	Editional	
リオ	アンリオですね	Editional	
フランス語	アンリオですね	Editional	
姓	アンリオですね	Editional	
スロバキア	ガブリエラ・スヴォボドヴァですね	Editional	
オリンピック	ガブリエラ・スヴォボドヴァですね	Editional	
ガブリエラ	ガブリエラ・スヴォボドヴァですね	Editional	
月	ガブリエラ・スヴォボドヴァですね	Editional	
共和	ガブリエラ・スヴォボドヴァですね	Editional	
月	リーアン・トゥイーデンですね	Editional	
表紙	リーアン・トゥイーデンですね	Editional	
番組	リーアン・トゥイーデンですね	Editional	
モデル	リーアン・トゥイーデンですね	Editional	
アメリカ合衆国	リーアン・トゥイーデンですね	Editional	
モスクワ	モスクワ (チャイコフスキー)ですね	Editional	
戴冠	モスクワ (チャイコフスキー)ですね	Editional	
劇場	モスクワ (チャイコフスキー)ですね	Editional	
歌詞	モスクワ (チャイコフスキー)ですね	Editional	
チャイコフスキー	モスクワ (チャイコフスキー)ですね	Editional	
月	レオ・サンタ・クルスですね	Editional	
世界	レオ・サンタ・クルスですね	Editional	
王者	レオ・サンタ・クルスですね	Editional	
スーパー	レオ・サンタ・クルスですね	Editional	
フェザー	レオ・サンタ・クルスですね	Editional	
月形	月形樺戸博物館ですね	Editional	
樺戸	月形樺戸博物館ですね	Editional	
博物館	月形樺戸博物館ですね	Editional	
北海道	月形樺戸博物館ですね	Editional	
時代	月形樺戸博物館ですね	Editional	
徳	徳舜瞥山ですね	Editional	
舜	徳舜瞥山ですね	Editional	
北海道	徳舜瞥山ですね	Editional	
大滝	徳舜瞥山ですね	Editional	
伊達	徳舜瞥山ですね	Editional	
ミネソタ	ウィリアム・K・クルーガーですね	Editional	
作家	ウィリアム・K・クルーガーですね	Editional	
舞台	ウィリアム・K・クルーガーですね	Editional	
大学	ウィリアム・K・クルーガーですね	Editional	
作品	ウィリアム・K・クルーガーですね	Editional	
長倉	長倉氏ですね	Editional	
佐竹	長倉氏ですね	Editional	
祖	長倉氏ですね	Editional	
源	長倉氏ですね	Editional	
三男	長倉氏ですね	Editional	
月	辨開凧次郎ですね	Editional	
アイヌ	辨開凧次郎ですね	Editional	
次郎	辨開凧次郎ですね	Editional	
大正	辨開凧次郎ですね	Editional	
落部	辨開凧次郎ですね	Editional	
渡部	渡部斧松ですね	Editional	
斧	渡部斧松ですね	Editional	
月	渡部斧松ですね	Editional	
松	渡部斧松ですね	Editional	
わ	渡部斧松ですね	Editional	
加藤	加藤昭二ですね	Editional	
昭二	加藤昭二ですね	Editional	
かとう	加藤昭二ですね	Editional	
しょうじ	加藤昭二ですね	Editional	
日本	加藤昭二ですね	Editional	
アナウンサー	山口恵ですね	Editional	
恵	山口恵ですね	Editional	
月	山口恵ですね	Editional	
テレビ大阪	山口恵ですね	Editional	
フリー	山口恵ですね	Editional	
杜	杜康潤ですね	Editional	
康	杜康潤ですね	Editional	
潤	杜康潤ですね	Editional	
漫画	杜康潤ですね	Editional	
新書	杜康潤ですね	Editional	
神社	梅田神社 (亀岡市)ですね	Editional	
梅田	梅田神社 (亀岡市)ですね	Editional	
亀岡	梅田神社 (亀岡市)ですね	Editional	
社殿	梅田神社 (亀岡市)ですね	Editional	
うめ	梅田神社 (亀岡市)ですね	Editional	
民	王鉄漢ですね	Editional	
月	王鉄漢ですね	Editional	
陸軍	王鉄漢ですね	Editional	
師長	王鉄漢ですね	Editional	
委員	王鉄漢ですね	Editional	
アイヌ	浅井タケですね	Editional	
月	浅井タケですね	Editional	
樺太	浅井タケですね	Editional	
浅井	浅井タケですね	Editional	
タケ	浅井タケですね	Editional	
月	矢倉楓子ですね	Editional	
チーム	矢倉楓子ですね	Editional	
シングル	矢倉楓子ですね	Editional	
メンバー	矢倉楓子ですね	Editional	
矢倉	矢倉楓子ですね	Editional	
神宮	小堀邦夫ですね	Editional	
小堀	小堀邦夫ですね	Editional	
月	小堀邦夫ですね	Editional	
靖国神社	小堀邦夫ですね	Editional	
邦夫	小堀邦夫ですね	Editional	
競輪	戸伏康夫ですね	Editional	
選手	戸伏康夫ですね	Editional	
学校	戸伏康夫ですね	Editional	
野球	戸伏康夫ですね	Editional	
戸伏	戸伏康夫ですね	Editional	
雪	清原雪信ですね	Editional	
清原	清原雪信ですね	Editional	
信	清原雪信ですね	Editional	
狩野	清原雪信ですね	Editional	
女	清原雪信ですね	Editional	
ジョー	ジョー・ゴードン (ジャズ・ミュージシャン)ですね	Editional	
ゴードン	ジョー・ゴードン (ジャズ・ミュージシャン)ですね	Editional	
ジャズ	ジョー・ゴードン (ジャズ・ミュージシャン)ですね	Editional	
月	ジョー・ゴードン (ジャズ・ミュージシャン)ですね	Editional	
セッション	ジョー・ゴードン (ジャズ・ミュージシャン)ですね	Editional	
奥	MASTpresents 奥華子 Room No.875ですね	Editional	
華子	MASTpresents 奥華子 Room No.875ですね	Editional	
マスト	MASTpresents 奥華子 Room No.875ですね	Editional	
ルーム	MASTpresents 奥華子 Room No.875ですね	Editional	
ナンバー	MASTpresents 奥華子 Room No.875ですね	Editional	
アイリーン	アイリーン (ファッションモデル)ですね	Editional	
ファッションモデル	アイリーン (ファッションモデル)ですね	Editional	
月	アイリーン (ファッションモデル)ですね	Editional	
日本	アイリーン (ファッションモデル)ですね	Editional	
女性	アイリーン (ファッションモデル)ですね	Editional	
憲法	浦田一郎ですね	Editional	
教授	浦田一郎ですね	Editional	
法学	浦田一郎ですね	Editional	
一橋大学	浦田一郎ですね	Editional	
浦田	浦田一郎ですね	Editional	
映画	大蔵満彦ですね	Editional	
大蔵	大蔵満彦ですね	Editional	
社長	大蔵満彦ですね	Editional	
月	大蔵満彦ですね	Editional	
取締役	大蔵満彦ですね	Editional	
釈	釈興然ですね	Editional	
月	釈興然ですね	Editional	
上座	釈興然ですね	Editional	
明治	釈興然ですね	Editional	
興	釈興然ですね	Editional	
情報	船井学術賞ですね	Editional	
船井	船井学術賞ですね	Editional	
科学	船井学術賞ですね	Editional	
日本	船井学術賞ですね	Editional	
技術	船井学術賞ですね	Editional	
幼稚園	土浦市立土浦幼稚園ですね	Editional	
土浦	土浦市立土浦幼稚園ですね	Editional	
昭和	土浦市立土浦幼稚園ですね	Editional	
月	土浦市立土浦幼稚園ですね	Editional	
小学校	土浦市立土浦幼稚園ですね	Editional	
月	庄司七瀬ですね	Editional	
新体操	庄司七瀬ですね	Editional	
山形	庄司七瀬ですね	Editional	
大会	庄司七瀬ですね	Editional	
庄司	庄司七瀬ですね	Editional	
マイケル	マイケル・ローリーですね	Editional	
カリフォルニア	マイケル・ローリーですね	Editional	
大学	マイケル・ローリーですね	Editional	
教授	マイケル・ローリーですね	Editional	
ロー	マイケル・ローリーですね	Editional	
力	巴力ですね	Editional	
月	巴力ですね	Editional	
巴	巴力ですね	Editional	
足	巴力ですね	Editional	
倶楽部	巴力ですね	Editional	
松本	松本晶恵ですね	Editional	
晶	松本晶恵ですね	Editional	
恵	松本晶恵ですね	Editional	
群馬	松本晶恵ですね	Editional	
まつ	松本晶恵ですね	Editional	
渡辺	渡辺晃三ですね	Editional	
晃	渡辺晃三ですね	Editional	
わ	渡辺晃三ですね	Editional	
なべ	渡辺晃三ですね	Editional	
俳優	渡辺晃三ですね	Editional	
頼	頼経明子ですね	Editional	
経	頼経明子ですね	Editional	
明子	頼経明子ですね	Editional	
つね	頼経明子ですね	Editional	
あきこ	頼経明子ですね	Editional	
藤田	藤田みずきですね	Editional	
ふじ	藤田みずきですね	Editional	
月	藤田みずきですね	Editional	
日本	藤田みずきですね	Editional	
女優	藤田みずきですね	Editional	
駅	ノース・ホワイト・プレインズ駅ですね	Editional	
ノース	ノース・ホワイト・プレインズ駅ですね	Editional	
ニューヨーク	ノース・ホワイト・プレインズ駅ですね	Editional	
メトロ	ノース・ホワイト・プレインズ駅ですね	Editional	
鉄道	ノース・ホワイト・プレインズ駅ですね	Editional	
氷室	幡日佐神社ですね	Editional	
幡	幡日佐神社ですね	Editional	
神社	幡日佐神社ですね	Editional	
佐	幡日佐神社ですね	Editional	
大明神	幡日佐神社ですね	Editional	
スポーツ	邦和スポーツランドですね	Editional	
ランド	邦和スポーツランドですね	Editional	
邦和	邦和スポーツランドですね	Editional	
選手	邦和スポーツランドですね	Editional	
愛知	邦和スポーツランドですね	Editional	
ハドソン	ヘイスティングス＝オン＝ハドソン駅ですね	Editional	
駅	ヘイスティングス＝オン＝ハドソン駅ですね	Editional	
オン	ヘイスティングス＝オン＝ハドソン駅ですね	Editional	
ニューヨーク	ヘイスティングス＝オン＝ハドソン駅ですね	Editional	
メトロ	ヘイスティングス＝オン＝ハドソン駅ですね	Editional	
斑鳩	斑鳩町立斑鳩小学校ですね	Editional	
小学校	斑鳩町立斑鳩小学校ですね	Editional	
町立	斑鳩町立斑鳩小学校ですね	Editional	
いかる	斑鳩町立斑鳩小学校ですね	Editional	
ちょう	斑鳩町立斑鳩小学校ですね	Editional	
教授	森田鉄郎ですね	Editional	
森田	森田鉄郎ですね	Editional	
鉄郎	森田鉄郎ですね	Editional	
西洋	森田鉄郎ですね	Editional	
東京	森田鉄郎ですね	Editional	
かじ	かじか凛ですね	Editional	
女優	かじか凛ですね	Editional	
凛	かじか凛ですね	Editional	
月	かじか凛ですね	Editional	
日本	かじか凛ですね	Editional	
映画	小松壮一郎ですね	Editional	
作品	小松壮一郎ですね	Editional	
日本	小松壮一郎ですね	Editional	
劇場	小松壮一郎ですね	Editional	
小松	小松壮一郎ですね	Editional	
消防	消防女子!!女性消防士・高柳蘭の誕生ですね	Editional	
女性	消防女子!!女性消防士・高柳蘭の誕生ですね	Editional	
女子	消防女子!!女性消防士・高柳蘭の誕生ですね	Editional	
高柳	消防女子!!女性消防士・高柳蘭の誕生ですね	Editional	
蘭	消防女子!!女性消防士・高柳蘭の誕生ですね	Editional	
ハイチ	ジャック・ルーマンですね	Editional	
ルー	ジャック・ルーマンですね	Editional	
マン	ジャック・ルーマンですね	Editional	
月	ジャック・ルーマンですね	Editional	
作家	ジャック・ルーマンですね	Editional	
斉藤	月光 (斉藤和義の曲)ですね	Editional	
和義	月光 (斉藤和義の曲)ですね	Editional	
月光	月光 (斉藤和義の曲)ですね	Editional	
曲	月光 (斉藤和義の曲)ですね	Editional	
シングル	月光 (斉藤和義の曲)ですね	Editional	
斑鳩	斑鳩小学校ですね	Editional	
小学校	斑鳩小学校ですね	Editional	
いかる	斑鳩小学校ですね	Editional	
りか	植松りかですね	Editional	
植松	植松りかですね	Editional	
川内	植松りかですね	Editional	
月	植松りかですね	Editional	
日本	植松りかですね	Editional	
男性	厚真猟銃事件ですね	Editional	
事件	厚真猟銃事件ですね	Editional	
被害	厚真猟銃事件ですね	Editional	
厚真	厚真猟銃事件ですね	Editional	
犯人	厚真猟銃事件ですね	Editional	
科学	境真理子ですね	Editional	
境	境真理子ですね	Editional	
真理子	境真理子ですね	Editional	
日本	境真理子ですね	Editional	
技術	境真理子ですね	Editional	
那須	那須国男ですね	Editional	
国男	那須国男ですね	Editional	
日本	那須国男ですね	Editional	
なす	那須国男ですね	Editional	
くに	那須国男ですね	Editional	
パリ	アンドレ・クレージュですね	Editional	
月	アンドレ・クレージュですね	Editional	
バレンシア	アンドレ・クレージュですね	Editional	
ガ	アンドレ・クレージュですね	Editional	
ブーツ	アンドレ・クレージュですね	Editional	
となり	キミのとなりで… feat. 中村舞子ですね	Editional	
中村	キミのとなりで… feat. 中村舞子ですね	Editional	
舞子	キミのとなりで… feat. 中村舞子ですね	Editional	
キミ	キミのとなりで… feat. 中村舞子ですね	Editional	
むら	キミのとなりで… feat. 中村舞子ですね	Editional	
山田	山田辰ですね	Editional	
辰	山田辰ですね	Editional	
昭和	山田辰ですね	Editional	
月	山田辰ですね	Editional	
株式会社	山田辰ですね	Editional	
野田	千葉県立野田北高等学校ですね	Editional	
千葉	千葉県立野田北高等学校ですね	Editional	
県立	千葉県立野田北高等学校ですね	Editional	
学校	千葉県立野田北高等学校ですね	Editional	
北	千葉県立野田北高等学校ですね	Editional	
葛谷	葛谷知花ですね	Editional	
知花	葛谷知花ですね	Editional	
くず	葛谷知花ですね	Editional	
月	葛谷知花ですね	Editional	
日本	葛谷知花ですね	Editional	
頼	源頼行ですね	Editional	
小国	源頼行ですね	Editional	
源	源頼行ですね	Editional	
保	源頼行ですね	Editional	
みな	源頼行ですね	Editional	
京都	ギア-GEAR-ですね	Editional	
劇場	ギア-GEAR-ですね	Editional	
月	ギア-GEAR-ですね	Editional	
ギア	ギア-GEAR-ですね	Editional	
演劇	ギア-GEAR-ですね	Editional	
本部	江口勝也ですね	Editional	
任天堂	江口勝也ですね	Editional	
シリーズ	江口勝也ですね	Editional	
情報	江口勝也ですね	Editional	
江口	江口勝也ですね	Editional	
村山	二村山ですね	Editional	
時代	二村山ですね	Editional	
豊明	二村山ですね	Editional	
地蔵	二村山ですね	Editional	
街道	二村山ですね	Editional	
教授	松下洋ですね	Editional	
松下	松下洋ですね	Editional	
洋	松下洋ですね	Editional	
政治	松下洋ですね	Editional	
神戸大学	松下洋ですね	Editional	
大字	大沼 (相模原市)ですね	Editional	
大沼	大沼 (相模原市)ですね	Editional	
相模原	大沼 (相模原市)ですね	Editional	
淵野辺	大沼 (相模原市)ですね	Editional	
地域	大沼 (相模原市)ですね	Editional	
月	横江千秋ですね	Editional	
横江	横江千秋ですね	Editional	
千秋	横江千秋ですね	Editional	
バレーボール	横江千秋ですね	Editional	
リーグ	横江千秋ですね	Editional	
小杉	小杉ゆう子ですね	Editional	
ゆう子	小杉ゆう子ですね	Editional	
出身	小杉ゆう子ですね	Editional	
こすぎ	小杉ゆう子ですね	Editional	
ゆうこ	小杉ゆう子ですね	Editional	
大学	磯崎康彦ですね	Editional	
教授	磯崎康彦ですね	Editional	
美術	磯崎康彦ですね	Editional	
蘭	磯崎康彦ですね	Editional	
磯崎	磯崎康彦ですね	Editional	
ジャズ	アキコ・グレースですね	Editional	
ピアノ	アキコ・グレースですね	Editional	
ニューヨーク	アキコ・グレースですね	Editional	
日本	アキコ・グレースですね	Editional	
アーティスト	アキコ・グレースですね	Editional	
シングル	君をつれて (石井竜也の曲)ですね	Editional	
石井	君をつれて (石井竜也の曲)ですね	Editional	
竜也	君をつれて (石井竜也の曲)ですね	Editional	
曲	君をつれて (石井竜也の曲)ですね	Editional	
映画	君をつれて (石井竜也の曲)ですね	Editional	
月	ダニー・ローズですね	Editional	
イングランド	ダニー・ローズですね	Editional	
チーム	ダニー・ローズですね	Editional	
シーズン	ダニー・ローズですね	Editional	
ダニー	ダニー・ローズですね	Editional	
山口	山口啓二ですね	Editional	
啓二	山口啓二ですね	Editional	
月	山口啓二ですね	Editional	
日本	山口啓二ですね	Editional	
歴史	山口啓二ですね	Editional	
月	金ハンギルですね	Editional	
党	金ハンギルですね	Editional	
政治	金ハンギルですね	Editional	
民主	金ハンギルですね	Editional	
委員	金ハンギルですね	Editional	
リーグ	高円宮杯 JFA U-18サッカープリンスリーグ北海道ですね	Editional	
北海道	高円宮杯 JFA U-18サッカープリンスリーグ北海道ですね	Editional	
プリンス	高円宮杯 JFA U-18サッカープリンスリーグ北海道ですね	Editional	
プレミア	高円宮杯 JFA U-18サッカープリンスリーグ北海道ですね	Editional	
チーム	高円宮杯 JFA U-18サッカープリンスリーグ北海道ですね	Editional	
国安	国安ですね	Editional	
くに	国安ですね	Editional	
製剤	迫和博ですね	Editional	
研究所	迫和博ですね	Editional	
薬学	迫和博ですね	Editional	
製薬	迫和博ですね	Editional	
博士	迫和博ですね	Editional	
法政大学	松尾章一ですね	Editional	
教授	松尾章一ですね	Editional	
松尾	松尾章一ですね	Editional	
章一	松尾章一ですね	Editional	
日本	松尾章一ですね	Editional	
日本	亀長友義ですね	Editional	
参議院	亀長友義ですね	Editional	
議員	亀長友義ですね	Editional	
徳島	亀長友義ですね	Editional	
水産	亀長友義ですね	Editional	
平成	南野信吾ですね	Editional	
南野	南野信吾ですね	Editional	
月	南野信吾ですね	Editional	
音楽	南野信吾ですね	Editional	
プロデューサー	南野信吾ですね	Editional	
番組	武田鉄矢・タモリスペシャルですね	Editional	
武田	武田鉄矢・タモリスペシャルですね	Editional	
鉄矢	武田鉄矢・タモリスペシャルですね	Editional	
タモリ	武田鉄矢・タモリスペシャルですね	Editional	
スペシャル	武田鉄矢・タモリスペシャルですね	Editional	
あや	井上あやねですね	Editional	
読者	井上あやねですね	Editional	
モデル	井上あやねですね	Editional	
井上	井上あやねですね	Editional	
いのうえ	井上あやねですね	Editional	
伴	伴勝久ですね	Editional	
潜	伴勝久ですね	Editional	
特	伴勝久ですね	Editional	
月	伴勝久ですね	Editional	
伊	伴勝久ですね	Editional	
音楽	山口ともですね	Editional	
打楽器	山口ともですね	Editional	
山口	山口ともですね	Editional	
中山	山口ともですね	Editional	
日本	山口ともですね	Editional	
ジャズ	大野智子 (ジャズ・ミュージシャン)ですね	Editional	
大野	大野智子 (ジャズ・ミュージシャン)ですね	Editional	
智子	大野智子 (ジャズ・ミュージシャン)ですね	Editional	
米国	大野智子 (ジャズ・ミュージシャン)ですね	Editional	
ニュージャージー	大野智子 (ジャズ・ミュージシャン)ですね	Editional	
図書館	内記稔夫ですね	Editional	
マンガ	内記稔夫ですね	Editional	
内記	内記稔夫ですね	Editional	
漫画	内記稔夫ですね	Editional	
現代	内記稔夫ですね	Editional	
日本	牧村朝子ですね	Editional	
タレント	牧村朝子ですね	Editional	
彩	牧村朝子ですね	Editional	
フランス	牧村朝子ですね	Editional	
神奈川	牧村朝子ですね	Editional	
大学	ジョン・クローセンですね	Editional	
社会	ジョン・クローセンですね	Editional	
ジョン	ジョン・クローセンですね	Editional	
学者	ジョン・クローセンですね	Editional	
カリフォルニア	ジョン・クローセンですね	Editional	
ひろみ	清水ひろみですね	Editional	
清水	清水ひろみですね	Editional	
日本	清水ひろみですね	Editional	
カナダ	清水ひろみですね	Editional	
しみず	清水ひろみですね	Editional	
ジャズ	平賀マリカですね	Editional	
ボーカル	平賀マリカですね	Editional	
日本	平賀マリカですね	Editional	
音楽	平賀マリカですね	Editional	
アルバム	平賀マリカですね	Editional	
シングル	愛の力 (石井竜也の曲)ですね	Editional	
愛	愛の力 (石井竜也の曲)ですね	Editional	
石井	愛の力 (石井竜也の曲)ですね	Editional	
竜也	愛の力 (石井竜也の曲)ですね	Editional	
力	愛の力 (石井竜也の曲)ですね	Editional	
ナポレオン	12ポンドナポレオン砲ですね	Editional	
北	12ポンドナポレオン砲ですね	Editional	
滑	12ポンドナポレオン砲ですね	Editional	
重量	12ポンドナポレオン砲ですね	Editional	
砲身	12ポンドナポレオン砲ですね	Editional	
松岡	松岡久和ですね	Editional	
久和	松岡久和ですね	Editional	
教授	松岡久和ですね	Editional	
まつ	松岡久和ですね	Editional	
月	松岡久和ですね	Editional	
狩野	狩野雅楽助ですね	Editional	
雅楽	狩野雅楽助ですね	Editional	
助	狩野雅楽助ですね	Editional	
元信	狩野雅楽助ですね	Editional	
画	狩野雅楽助ですね	Editional	
月	ダンカン・イングラハムですね	Editional	
海軍	ダンカン・イングラハムですね	Editional	
アメリカ	ダンカン・イングラハムですね	Editional	
米国	ダンカン・イングラハムですね	Editional	
大佐	ダンカン・イングラハムですね	Editional	
茶園	茶園義男ですね	Editional	
義男	茶園義男ですね	Editional	
昭和	茶園義男ですね	Editional	
大学	茶園義男ですね	Editional	
教授	茶園義男ですね	Editional	
陸上	土井杏南ですね	Editional	
大会	土井杏南ですね	Editional	
日本	土井杏南ですね	Editional	
女子	土井杏南ですね	Editional	
月	土井杏南ですね	Editional	
群馬	藤生雄人ですね	Editional	
藤	藤生雄人ですね	Editional	
生雄	藤生雄人ですね	Editional	
藤生	藤生雄人ですね	Editional	
雄	藤生雄人ですね	Editional	
大学	相沢久ですね	Editional	
法学部	相沢久ですね	Editional	
相沢	相沢久ですね	Editional	
久	相沢久ですね	Editional	
教授	相沢久ですね	Editional	
法人	柳内光子ですね	Editional	
江戸川	柳内光子ですね	Editional	
社会	柳内光子ですね	Editional	
浦安	柳内光子ですね	Editional	
柳内	柳内光子ですね	Editional	
ビリー	ビリー・ザ・ベストですね	Editional	
ジョエル	ビリー・ザ・ベストですね	Editional	
ザ・ベスト	ビリー・ザ・ベストですね	Editional	
アルバム	ビリー・ザ・ベストですね	Editional	
ピアノ	ビリー・ザ・ベストですね	Editional	
野球	岩森重貴ですね	Editional	
岩森	岩森重貴ですね	Editional	
重	岩森重貴ですね	Editional	
右	岩森重貴ですね	Editional	
フランス	岩森重貴ですね	Editional	
内閣	野田改造内閣ですね	Editional	
野田	野田改造内閣ですね	Editional	
ぞう	野田改造内閣ですね	Editional	
かく	野田改造内閣ですね	Editional	
総理	野田改造内閣ですね	Editional	
大会	木村文子ですね	Editional	
陸上	木村文子ですね	Editional	
ハードル	木村文子ですね	Editional	
月	木村文子ですね	Editional	
日本	木村文子ですね	Editional	
福	福脇慶子ですね	Editional	
脇	福脇慶子ですね	Editional	
慶子	福脇慶子ですね	Editional	
ふく	福脇慶子ですね	Editional	
わき	福脇慶子ですね	Editional	
丸	東城丸ですね	Editional	
月	東城丸ですね	Editional	
東城	東城丸ですね	Editional	
昭和	東城丸ですね	Editional	
八戸	東城丸ですね	Editional	
議員	大城眞順ですね	Editional	
沖縄	大城眞順ですね	Editional	
参議院	大城眞順ですね	Editional	
月	大城眞順ですね	Editional	
通常	大城眞順ですね	Editional	
日本	武田純三ですね	Editional	
武田	武田純三ですね	Editional	
純三	武田純三ですね	Editional	
慶應義塾	武田純三ですね	Editional	
大学	武田純三ですね	Editional	
画家	ギュスターヴ＝アドルフ・モッサですね	Editional	
ニース	ギュスターヴ＝アドルフ・モッサですね	Editional	
絵画	ギュスターヴ＝アドルフ・モッサですね	Editional	
アドルフ	ギュスターヴ＝アドルフ・モッサですね	Editional	
月	ギュスターヴ＝アドルフ・モッサですね	Editional	
月	藤田恵名ですね	Editional	
福岡	藤田恵名ですね	Editional	
藤田	藤田恵名ですね	Editional	
恵	藤田恵名ですね	Editional	
シンガーソングライター	藤田恵名ですね	Editional	
アイヌ	山道康子ですね	Editional	
山道	山道康子ですね	Editional	
康子	山道康子ですね	Editional	
月	山道康子ですね	Editional	
平取	山道康子ですね	Editional	
郡	レオン郡 (テキサス州)ですね	Editional	
レオン	レオン郡 (テキサス州)ですね	Editional	
人口	レオン郡 (テキサス州)ですね	Editional	
テキサス	レオン郡 (テキサス州)ですね	Editional	
国勢調査	レオン郡 (テキサス州)ですね	Editional	
のぶこ	坂井のぶこですね	Editional	
坂井	坂井のぶこですね	Editional	
詩	坂井のぶこですね	Editional	
詩人	坂井のぶこですね	Editional	
詩集	坂井のぶこですね	Editional	
昭和	小谷野純一ですね	Editional	
小谷野	小谷野純一ですね	Editional	
純一	小谷野純一ですね	Editional	
大東文化大学	小谷野純一ですね	Editional	
教授	小谷野純一ですね	Editional	
国際	西井正弘ですね	Editional	
西井	西井正弘ですね	Editional	
正弘	西井正弘ですね	Editional	
教授	西井正弘ですね	Editional	
人権	西井正弘ですね	Editional	
中国	仲満ですね	Editional	
フェンシング	仲満ですね	Editional	
選手	仲満ですね	Editional	
オリンピック	仲満ですね	Editional	
金メダル	仲満ですね	Editional	
事件	C.M.B. 森羅博物館の事件目録ですね	Editional	
森	C.M.B. 森羅博物館の事件目録ですね	Editional	
羅	C.M.B. 森羅博物館の事件目録ですね	Editional	
博物館	C.M.B. 森羅博物館の事件目録ですね	Editional	
目録	C.M.B. 森羅博物館の事件目録ですね	Editional	
保健	西川浩昭ですね	Editional	
教授	西川浩昭ですね	Editional	
大学院	西川浩昭ですね	Editional	
筑波大学	西川浩昭ですね	Editional	
助教授	西川浩昭ですね	Editional	
宝塚歌劇団	矢吹世奈ですね	Editional	
矢吹	矢吹世奈ですね	Editional	
世	矢吹世奈ですね	Editional	
月	矢吹世奈ですね	Editional	
花	矢吹世奈ですね	Editional	
明	崇禎紀元ですね	Editional	
崇	崇禎紀元ですね	Editional	
禎	崇禎紀元ですね	Editional	
紀元	崇禎紀元ですね	Editional	
朝鮮	崇禎紀元ですね	Editional	
ドイツ	パウロ・リンクですね	Editional	
シーズン	パウロ・リンクですね	Editional	
月	パウロ・リンクですね	Editional	
ブラジル	パウロ・リンクですね	Editional	
夏	パウロ・リンクですね	Editional	
はな	はなひとひらですね	Editional	
月	はなひとひらですね	Editional	
シングル	はなひとひらですね	Editional	
アルバム	はなひとひらですね	Editional	
上賀茂	はなひとひらですね	Editional	
奥田	奥田靖己ですね	Editional	
靖己	奥田靖己ですね	Editional	
くだ	奥田靖己ですね	Editional	
大阪	奥田靖己ですね	Editional	
出身	奥田靖己ですね	Editional	
最後	マイケル・バーンですね	Editional	
マイケル	マイケル・バーンですね	Editional	
聖戦	マイケル・バーンですね	Editional	
ナチス	マイケル・バーンですね	Editional	
大佐	マイケル・バーンですね	Editional	
鶴見	鶴見孝夫ですね	Editional	
孝夫	鶴見孝夫ですね	Editional	
特撮	鶴見孝夫ですね	Editional	
映画	鶴見孝夫ですね	Editional	
センター	鶴見孝夫ですね	Editional	
昭和	三宅徳三郎ですね	Editional	
病院	三宅徳三郎ですね	Editional	
三宅	三宅徳三郎ですね	Editional	
高松	三宅徳三郎ですね	Editional	
月	三宅徳三郎ですね	Editional	
金子	金子龍介ですね	Editional	
龍介	金子龍介ですね	Editional	
兵庫	金子龍介ですね	Editional	
かねこ	金子龍介ですね	Editional	
りゅう	金子龍介ですね	Editional	
月	リカルド・アブリルですね	Editional	
王座	リカルド・アブリルですね	Editional	
ライト	リカルド・アブリルですね	Editional	
世界	リカルド・アブリルですね	Editional	
王者	リカルド・アブリルですね	Editional	
ノストラダムス	ノストラダムス (映画)ですね	Editional	
映画	ノストラダムス (映画)ですね	Editional	
原題	ノストラダムス (映画)ですね	Editional	
フランス	ノストラダムス (映画)ですね	Editional	
イギリス	ノストラダムス (映画)ですね	Editional	
競艇	角谷健吾ですね	Editional	
角谷	角谷健吾ですね	Editional	
健吾	角谷健吾ですね	Editional	
東京	角谷健吾ですね	Editional	
水神	角谷健吾ですね	Editional	
クリスマス	クリスマスブッシュ (クノニア科)ですね	Editional	
オーストラリア	クリスマスブッシュ (クノニア科)ですね	Editional	
ブッシュ	クリスマスブッシュ (クノニア科)ですね	Editional	
赤	クリスマスブッシュ (クノニア科)ですね	Editional	
ピンク	クリスマスブッシュ (クノニア科)ですね	Editional	
ブッシュ	クリスマスブッシュですね	Editional	
クリスマス	クリスマスブッシュですね	Editional	
クリス	クリスマスブッシュですね	Editional	
マス	クリスマスブッシュですね	Editional	
植物	クリスマスブッシュですね	Editional	
日高	日高山岳ビラパークですね	Editional	
公園	日高山岳ビラパークですね	Editional	
沙流川	日高山岳ビラパークですね	Editional	
ひだ	日高山岳ビラパークですね	Editional	
ビラ	日高山岳ビラパークですね	Editional	
映画	島倉二千六ですね	Editional	
日本	島倉二千六ですね	Editional	
島倉	島倉二千六ですね	Editional	
特撮	島倉二千六ですね	Editional	
背景	島倉二千六ですね	Editional	
ハインリヒ	ハインリヒ・ユリウス・フォン・ハノーファーですね	Editional	
ユリウス	ハインリヒ・ユリウス・フォン・ハノーファーですね	Editional	
ドイツ	ハインリヒ・ユリウス・フォン・ハノーファーですね	Editional	
月	ハインリヒ・ユリウス・フォン・ハノーファーですね	Editional	
子孫	ハインリヒ・ユリウス・フォン・ハノーファーですね	Editional	
池上	池上ゆりかですね	Editional	
ゆりか	池上ゆりかですね	Editional	
ゆり	池上ゆりかですね	Editional	
月	池上ゆりかですね	Editional	
日本	池上ゆりかですね	Editional	
月	青野紗穂ですね	Editional	
モデル	青野紗穂ですね	Editional	
青野	青野紗穂ですね	Editional	
紗穂	青野紗穂ですね	Editional	
歌	青野紗穂ですね	Editional	
月	水樹うるはですね	Editional	
水樹	水樹うるはですね	Editional	
日本	水樹うるはですね	Editional	
女優	水樹うるはですね	Editional	
タレント	水樹うるはですね	Editional	
カナダ	キム・コーツですね	Editional	
俳優	キム・コーツですね	Editional	
キム	キム・コーツですね	Editional	
月	キム・コーツですね	Editional	
出身	キム・コーツですね	Editional	
深井	深井利寿ですね	Editional	
利寿	深井利寿ですね	Editional	
滋賀	深井利寿ですね	Editional	
ひさ	深井利寿ですね	Editional	
月	深井利寿ですね	Editional	
月	トム・マギーですね	Editional	
トム	トム・マギーですね	Editional	
マギー	トム・マギーですね	Editional	
カナダ	トム・マギーですね	Editional	
プロレスラー	トム・マギーですね	Editional	
アイヌ	酒井美直ですね	Editional	
帯広	酒井美直ですね	Editional	
美	酒井美直ですね	Editional	
文化	酒井美直ですね	Editional	
酒井	酒井美直ですね	Editional	
月	藤田慶和ですね	Editional	
ラグビー	藤田慶和ですね	Editional	
高校	藤田慶和ですね	Editional	
日本	藤田慶和ですね	Editional	
藤田	藤田慶和ですね	Editional	
大江	福知山市立大江中学校ですね	Editional	
福知山	福知山市立大江中学校ですね	Editional	
市立	福知山市立大江中学校ですね	Editional	
中学校	福知山市立大江中学校ですね	Editional	
小学校	福知山市立大江中学校ですね	Editional	
学長	位田隆一ですね	Editional	
位田	位田隆一ですね	Editional	
隆一	位田隆一ですね	Editional	
滋賀大学	位田隆一ですね	Editional	
教授	位田隆一ですね	Editional	
経済	伏見多美雄ですね	Editional	
日本	伏見多美雄ですね	Editional	
共著	伏見多美雄ですね	Editional	
工学	伏見多美雄ですね	Editional	
協会	伏見多美雄ですね	Editional	
月	エリー・ゴールディングですね	Editional	
エリー	エリー・ゴールディングですね	Editional	
アルバム	エリー・ゴールディングですね	Editional	
イギリス	エリー・ゴールディングですね	Editional	
アメリカ	エリー・ゴールディングですね	Editional	
松平	松平福之介ですね	Editional	
月	松平福之介ですね	Editional	
福	松平福之介ですね	Editional	
元治	松平福之介ですね	Editional	
元年	松平福之介ですね	Editional	
スミス	ルイ・スミスですね	Editional	
ルイ	ルイ・スミスですね	Editional	
月	ルイ・スミスですね	Editional	
トランペット	ルイ・スミスですね	Editional	
奏者	ルイ・スミスですね	Editional	
ロバート	ロバート・シーハンですね	Editional	
マイケル	ロバート・シーハンですね	Editional	
月	ロバート・シーハンですね	Editional	
出身	ロバート・シーハンですね	Editional	
俳優	ロバート・シーハンですね	Editional	
カード	遊☆戯☆王デュエルモンスターズ4 最強決闘者戦記ですね	Editional	
デッキ	遊☆戯☆王デュエルモンスターズ4 最強決闘者戦記ですね	Editional	
モンスター	遊☆戯☆王デュエルモンスターズ4 最強決闘者戦記ですね	Editional	
バージョン	遊☆戯☆王デュエルモンスターズ4 最強決闘者戦記ですね	Editional	
神	遊☆戯☆王デュエルモンスターズ4 最強決闘者戦記ですね	Editional	
石井	THEATER (石井竜也のアルバム)ですね	Editional	
竜也	THEATER (石井竜也のアルバム)ですね	Editional	
アルバム	THEATER (石井竜也のアルバム)ですね	Editional	
音源	THEATER (石井竜也のアルバム)ですね	Editional	
初回	THEATER (石井竜也のアルバム)ですね	Editional	
アニメーション	飯面雅子ですね	Editional	
日本	飯面雅子ですね	Editional	
作品	飯面雅子ですね	Editional	
サンド	飯面雅子ですね	Editional	
砂	飯面雅子ですね	Editional	
仏教	波羅提木叉ですね	Editional	
律	波羅提木叉ですね	Editional	
羅	波羅提木叉ですね	Editional	
提	波羅提木叉ですね	Editional	
木	波羅提木叉ですね	Editional	
谷川	谷川明日香ですね	Editional	
明日香	谷川明日香ですね	Editional	
あすか	谷川明日香ですね	Editional	
月	谷川明日香ですね	Editional	
東京	谷川明日香ですね	Editional	
化学	丹治健一ですね	Editional	
静岡県立大学	丹治健一ですね	Editional	
薬学	丹治健一ですね	Editional	
薬学部	丹治健一ですね	Editional	
科学	丹治健一ですね	Editional	
アル	アルマス (曖昧さ回避)ですね	Editional	
マス	アルマス (曖昧さ回避)ですね	Editional	
長崎	田口長治郎ですね	Editional	
議員	田口長治郎ですね	Editional	
水産	田口長治郎ですね	Editional	
月	田口長治郎ですね	Editional	
衆議院	田口長治郎ですね	Editional	
大野	大野広司ですね	Editional	
広司	大野広司ですね	Editional	
ディズニー	大野広司ですね	Editional	
おの	大野広司ですね	Editional	
日本	大野広司ですね	Editional	
サーブル	ニコラ・ロペスですね	Editional	
ニコラ	ニコラ・ロペスですね	Editional	
ロペス	ニコラ・ロペスですね	Editional	
フェンシング	ニコラ・ロペスですね	Editional	
団体	ニコラ・ロペスですね	Editional	
番組	SUPER☆GiRLS宮崎理奈のナイスみやり!ですね	Editional	
宮崎	SUPER☆GiRLS宮崎理奈のナイスみやり!ですね	Editional	
理奈	SUPER☆GiRLS宮崎理奈のナイスみやり!ですね	Editional	
ナイス	SUPER☆GiRLS宮崎理奈のナイスみやり!ですね	Editional	
ラジオ	SUPER☆GiRLS宮崎理奈のナイスみやり!ですね	Editional	
世継	世継恭規ですね	Editional	
恭	世継恭規ですね	Editional	
規	世継恭規ですね	Editional	
ディレクター	世継恭規ですね	Editional	
中心	世継恭規ですね	Editional	
方	陳方泰ですね	Editional	
泰	陳方泰ですね	Editional	
陳	陳方泰ですね	Editional	
康	陳方泰ですね	Editional	
建	陳方泰ですね	Editional	
背景	小島耕司ですね	Editional	
小島	小島耕司ですね	Editional	
耕司	小島耕司ですね	Editional	
専門	小島耕司ですね	Editional	
絵描き	小島耕司ですね	Editional	
うなぎ	兼光水産ですね	Editional	
水産	兼光水産ですね	Editional	
愛知	兼光水産ですね	Editional	
食品	兼光水産ですね	Editional	
三河	兼光水産ですね	Editional	
日本	廣瀬俊朗ですね	Editional	
ラグビー	廣瀬俊朗ですね	Editional	
選手	廣瀬俊朗ですね	Editional	
チーム	廣瀬俊朗ですね	Editional	
キャプテン	廣瀬俊朗ですね	Editional	
月	平田陽一郎ですね	Editional	
日本	平田陽一郎ですね	Editional	
愛媛	平田陽一郎ですね	Editional	
平田	平田陽一郎ですね	Editional	
陽一郎	平田陽一郎ですね	Editional	
アップル	クレイグ・フェデリギですね	Editional	
月	クレイグ・フェデリギですね	Editional	
上級	クレイグ・フェデリギですね	Editional	
社長	クレイグ・フェデリギですね	Editional	
クレイグ	クレイグ・フェデリギですね	Editional	
松島	松島綱治ですね	Editional	
綱	松島綱治ですね	Editional	
免疫	松島綱治ですね	Editional	
教授	松島綱治ですね	Editional	
まつ	松島綱治ですね	Editional	
オーディオ	石原俊 (オーディオ評論家)ですね	Editional	
石原	石原俊 (オーディオ評論家)ですね	Editional	
音楽	石原俊 (オーディオ評論家)ですね	Editional	
俊	石原俊 (オーディオ評論家)ですね	Editional	
システム	石原俊 (オーディオ評論家)ですね	Editional	
月	朱軒キツですね	Editional	
朱	朱軒キツですね	Editional	
軒	朱軒キツですね	Editional	
帝	朱軒キツですね	Editional	
キツ	朱軒キツですね	Editional	
レナウン	尾上清ですね	Editional	
尾上	尾上清ですね	Editional	
清	尾上清ですね	Editional	
社長	尾上清ですね	Editional	
佐々木	尾上清ですね	Editional	
エンジン	松浦賢ですね	Editional	
レース	松浦賢ですね	Editional	
中嶋	松浦賢ですね	Editional	
全日本	松浦賢ですね	Editional	
松浦	松浦賢ですね	Editional	
月	李徳嬪ですね	Editional	
公主	李徳嬪ですね	Editional	
李	李徳嬪ですね	Editional	
徳	李徳嬪ですね	Editional	
元年	李徳嬪ですね	Editional	
音楽	バリー・S・ブルックですね	Editional	
ニューヨーク	バリー・S・ブルックですね	Editional	
市立	バリー・S・ブルックですね	Editional	
大学	バリー・S・ブルックですね	Editional	
課程	バリー・S・ブルックですね	Editional	
マイ	マイロボットですね	Editional	
ロボット	マイロボットですね	Editional	
藤子	マイロボットですね	Editional	
不二雄	マイロボットですね	Editional	
名義	マイロボットですね	Editional	
藤原	藤原星雄ですね	Editional	
星	藤原星雄ですね	Editional	
雄	藤原星雄ですね	Editional	
刑部	藤原星雄ですね	Editional	
ふじ	藤原星雄ですね	Editional	
恒	山崎恒ですね	Editional	
委員	山崎恒ですね	Editional	
山崎	山崎恒ですね	Editional	
ひさし	山崎恒ですね	Editional	
月	山崎恒ですね	Editional	
シーズン	ジェームズ・コリンズ (1983年生のサッカー選手)ですね	Editional	
リーグ	ジェームズ・コリンズ (1983年生のサッカー選手)ですね	Editional	
ジェームズ	ジェームズ・コリンズ (1983年生のサッカー選手)ですね	Editional	
コリンズ	ジェームズ・コリンズ (1983年生のサッカー選手)ですね	Editional	
サッカー	ジェームズ・コリンズ (1983年生のサッカー選手)ですね	Editional	
エジプト	モハメド・ナギですね	Editional	
ゴール	モハメド・ナギですね	Editional	
大会	モハメド・ナギですね	Editional	
決勝	モハメド・ナギですね	Editional	
月	モハメド・ナギですね	Editional	
俳優	野地将年ですね	Editional	
野地	野地将年ですね	Editional	
将	野地将年ですね	Editional	
日本	野地将年ですね	Editional	
フリー	野地将年ですね	Editional	
長町	長町 (宮城県)ですね	Editional	
仙台	長町 (宮城県)ですね	Editional	
街道	長町 (宮城県)ですね	Editional	
市場	長町 (宮城県)ですね	Editional	
宿	長町 (宮城県)ですね	Editional	
理事	木宮和彦ですね	Editional	
木宮	木宮和彦ですね	Editional	
参議院	木宮和彦ですね	Editional	
議員	木宮和彦ですね	Editional	
月	木宮和彦ですね	Editional	
図書館	鴻巣市立図書館ですね	Editional	
鴻巣	鴻巣市立図書館ですね	Editional	
所在地	鴻巣市立図書館ですね	Editional	
市立	鴻巣市立図書館ですね	Editional	
公民館	鴻巣市立図書館ですね	Editional	
月	田辺令吉のおはよう!発車オーライですね	Editional	
情報	田辺令吉のおはよう!発車オーライですね	Editional	
田辺	田辺令吉のおはよう!発車オーライですね	Editional	
吉	田辺令吉のおはよう!発車オーライですね	Editional	
ラジオ	田辺令吉のおはよう!発車オーライですね	Editional	
中川	中川皓三郎ですね	Editional	
皓	中川皓三郎ですね	Editional	
三郎	中川皓三郎ですね	Editional	
なか	中川皓三郎ですね	Editional	
大阪	中川皓三郎ですね	Editional	
大窪	大窪晶ですね	Editional	
晶	大窪晶ですね	Editional	
月	大窪晶ですね	Editional	
日本	大窪晶ですね	Editional	
俳優	大窪晶ですね	Editional	
狩野	狩野甚之丞ですね	Editional	
丞	狩野甚之丞ですね	Editional	
寛永	狩野甚之丞ですね	Editional	
障壁	狩野甚之丞ですね	Editional	
月	狩野甚之丞ですね	Editional	
番組	地球イチバンですね	Editional	
紀行	地球イチバンですね	Editional	
シリーズ	地球イチバンですね	Editional	
地球	地球イチバンですね	Editional	
イチ	地球イチバンですね	Editional	
高校	鈴木久嗣ですね	Editional	
鈴木	鈴木久嗣ですね	Editional	
中京	鈴木久嗣ですね	Editional	
アンカー	鈴木久嗣ですね	Editional	
ライバル	鈴木久嗣ですね	Editional	
明治	前田卓ですね	Editional	
卓	前田卓ですね	Editional	
前田	前田卓ですね	Editional	
革命	前田卓ですね	Editional	
漱石	前田卓ですね	Editional	
議員	添田増太郎ですね	Editional	
福島	添田増太郎ですね	Editional	
参議院	添田増太郎ですね	Editional	
農業	添田増太郎ですね	Editional	
会長	添田増太郎ですね	Editional	
シングル	IDENTITY (布袋寅泰の曲)ですね	Editional	
布袋	IDENTITY (布袋寅泰の曲)ですね	Editional	
寅泰	IDENTITY (布袋寅泰の曲)ですね	Editional	
写真	IDENTITY (布袋寅泰の曲)ですね	Editional	
曲	IDENTITY (布袋寅泰の曲)ですね	Editional	
月	生駒里奈ですね	Editional	
生駒	生駒里奈ですね	Editional	
乃木坂	生駒里奈ですね	Editional	
シングル	生駒里奈ですね	Editional	
センター	生駒里奈ですね	Editional	
自身	紅林大空ですね	Editional	
月	紅林大空ですね	Editional	
モデル	紅林大空ですね	Editional	
歯	紅林大空ですね	Editional	
列	紅林大空ですね	Editional	
ミゲル	ミゲル・サンドバルですね	Editional	
サンド	ミゲル・サンドバルですね	Editional	
バル	ミゲル・サンドバルですね	Editional	
俳優	ミゲル・サンドバルですね	Editional	
ヒスパニック	ミゲル・サンドバルですね	Editional	
伊藤	伊藤次郎ですね	Editional	
次郎	伊藤次郎ですね	Editional	
いとう	伊藤次郎ですね	Editional	
じろう	伊藤次郎ですね	Editional	
没年	伊藤次郎ですね	Editional	
月	月のなみだですね	Editional	
なみ	月のなみだですね	Editional	
女の子	月のなみだですね	Editional	
高垣	月のなみだですね	Editional	
シングル	月のなみだですね	Editional	
高垣	高垣彩陽ファーストコンサートツアー「Memoria×Melodia」ですね	Editional	
彩	高垣彩陽ファーストコンサートツアー「Memoria×Melodia」ですね	Editional	
陽	高垣彩陽ファーストコンサートツアー「Memoria×Melodia」ですね	Editional	
バンド	高垣彩陽ファーストコンサートツアー「Memoria×Melodia」ですね	Editional	
月	高垣彩陽ファーストコンサートツアー「Memoria×Melodia」ですね	Editional	
ダニエル	ダニエル・オスですね	Editional	
オス	ダニエル・オスですね	Editional	
イタリア	ダニエル・オスですね	Editional	
出身	ダニエル・オスですね	Editional	
自転車	ダニエル・オスですね	Editional	
軌道	京城軌道ですね	Editional	
京	京城軌道ですね	Editional	
城	京城軌道ですね	Editional	
けい	京城軌道ですね	Editional	
韓国	京城軌道ですね	Editional	
落語	笑福亭羽光ですね	Editional	
笑	笑福亭羽光ですね	Editional	
福	笑福亭羽光ですね	Editional	
月	笑福亭羽光ですね	Editional	
芸術	笑福亭羽光ですね	Editional	
金武	金武大川ですね	Editional	
大川	金武大川ですね	Editional	
泉	金武大川ですね	Editional	
水量	金武大川ですね	Editional	
用水	金武大川ですね	Editional	
ペイ	シルバラードですね	Editional	
ドン	シルバラードですね	Editional	
マル	シルバラードですね	Editional	
町	シルバラードですね	Editional	
シル	シルバラードですね	Editional	
松本	松本將ですね	Editional	
工学	松本將ですね	Editional	
まつ	松本將ですね	Editional	
昭和	松本將ですね	Editional	
月	松本將ですね	Editional	
釜ヶ崎	河合由美子ですね	Editional	
大阪	河合由美子ですね	Editional	
河合	河合由美子ですね	Editional	
由美子	河合由美子ですね	Editional	
出身	河合由美子ですね	Editional	
樟	樟本神社ですね	Editional	
神社	樟本神社ですね	Editional	
松平	松平真之介ですね	Editional	
真之	松平真之介ですね	Editional	
まつ	松平真之介ですね	Editional	
だい	松平真之介ですね	Editional	
しんのすけ	松平真之介ですね	Editional	
郡	トムグリーン郡 (テキサス州)ですね	Editional	
トム	トムグリーン郡 (テキサス州)ですね	Editional	
グリーン	トムグリーン郡 (テキサス州)ですね	Editional	
人口	トムグリーン郡 (テキサス州)ですね	Editional	
マイル	トムグリーン郡 (テキサス州)ですね	Editional	
郡	リーガン郡 (テキサス州)ですね	Editional	
アメリカ合衆国	リーガン郡 (テキサス州)ですね	Editional	
人口	リーガン郡 (テキサス州)ですね	Editional	
リーガン	リーガン郡 (テキサス州)ですね	Editional	
テキサス	リーガン郡 (テキサス州)ですね	Editional	
与那原	与那原恵ですね	Editional	
恵	与那原恵ですね	Editional	
ら	与那原恵ですね	Editional	
けい	与那原恵ですね	Editional	
女性	与那原恵ですね	Editional	
月	筑紫丸 (特設潜水母艦)ですね	Editional	
丸	筑紫丸 (特設潜水母艦)ですね	Editional	
筑紫	筑紫丸 (特設潜水母艦)ですね	Editional	
昭和	筑紫丸 (特設潜水母艦)ですね	Editional	
母艦	筑紫丸 (特設潜水母艦)ですね	Editional	
ボート	榊原春奈ですね	Editional	
オリンピック	榊原春奈ですね	Editional	
女子	榊原春奈ですね	Editional	
榊原	榊原春奈ですね	Editional	
ロンドン	榊原春奈ですね	Editional	
昭和	道の駅あぐりーむ昭和ですね	Editional	
駅	道の駅あぐりーむ昭和ですね	Editional	
あぐり	道の駅あぐりーむ昭和ですね	Editional	
道	道の駅あぐりーむ昭和ですね	Editional	
群馬	道の駅あぐりーむ昭和ですね	Editional	
ジャン	ジャン＝ポール・ファン・ポッペルですね	Editional	
ポール	ジャン＝ポール・ファン・ポッペルですね	Editional	
自転車	ジャン＝ポール・ファン・ポッペルですね	Editional	
選手	ジャン＝ポール・ファン・ポッペルですね	Editional	
月	ジャン＝ポール・ファン・ポッペルですね	Editional	
狩野	狩野貞信ですね	Editional	
月	狩野貞信ですね	Editional	
貞	狩野貞信ですね	Editional	
信	狩野貞信ですね	Editional	
慶長	狩野貞信ですね	Editional	
月	林みなほですね	Editional	
林	林みなほですね	Editional	
なほ	林みなほですね	Editional	
アナウンサー	林みなほですね	Editional	
日本女子大学	林みなほですね	Editional	
月	東浜巨ですね	Editional	
リーグ	東浜巨ですね	Editional	
野球	東浜巨ですね	Editional	
日本	東浜巨ですね	Editional	
投手	東浜巨ですね	Editional	
憲法	種谷春洋ですね	Editional	
種谷	種谷春洋ですね	Editional	
月	種谷春洋ですね	Editional	
人権	種谷春洋ですね	Editional	
京都大	種谷春洋ですね	Editional	
島津	堅田合戦ですね	Editional	
佐伯	堅田合戦ですね	Editional	
大友	堅田合戦ですね	Editional	
家臣	堅田合戦ですね	Editional	
城	堅田合戦ですね	Editional	
福永	福永懐徳堂ですね	Editional	
懐	福永懐徳堂ですね	Editional	
徳	福永懐徳堂ですね	Editional	
大阪	福永懐徳堂ですね	Editional	
店舗	福永懐徳堂ですね	Editional	
倉敷	東野圭吾ミステリーズですね	Editional	
原作	東野圭吾ミステリーズですね	Editional	
犯人	東野圭吾ミステリーズですね	Editional	
殺人	東野圭吾ミステリーズですね	Editional	
ミステリー	東野圭吾ミステリーズですね	Editional	
マイケル	マイケル・ジャクソン：ザ・イモータル・ワールドツアーですね	Editional	
ジャクソン	マイケル・ジャクソン：ザ・イモータル・ワールドツアーですね	Editional	
シルク・ドゥ・ソレイユ	マイケル・ジャクソン：ザ・イモータル・ワールドツアーですね	Editional	
ツアー	マイケル・ジャクソン：ザ・イモータル・ワールドツアーですね	Editional	
音楽	マイケル・ジャクソン：ザ・イモータル・ワールドツアーですね	Editional	
ジャズ	末広光夫ですね	Editional	
音楽	末広光夫ですね	Editional	
番組	末広光夫ですね	Editional	
ラジオ	末広光夫ですね	Editional	
神戸	末広光夫ですね	Editional	
写真	福森白洋ですね	Editional	
福森	福森白洋ですね	Editional	
白	福森白洋ですね	Editional	
洋	福森白洋ですね	Editional	
作品	福森白洋ですね	Editional	
劇団	臼井正明ですね	Editional	
臼井	臼井正明ですね	Editional	
正明	臼井正明ですね	Editional	
月	臼井正明ですね	Editional	
東京放送	臼井正明ですね	Editional	
佐藤	佐藤幸次郎 (照明技師)ですね	Editional	
幸次郎	佐藤幸次郎 (照明技師)ですね	Editional	
技師	佐藤幸次郎 (照明技師)ですね	Editional	
さとう	佐藤幸次郎 (照明技師)ですね	Editional	
日本	佐藤幸次郎 (照明技師)ですね	Editional	
音楽	江尻南美ですね	Editional	
奏者	江尻南美ですね	Editional	
江尻	江尻南美ですね	Editional	
南美	江尻南美ですね	Editional	
フランクフルト	江尻南美ですね	Editional	
小川	柏原太郎左衛門ですね	Editional	
柏原	柏原太郎左衛門ですね	Editional	
太郎左衛門	柏原太郎左衛門ですね	Editional	
熊本	柏原太郎左衛門ですね	Editional	
長崎	柏原太郎左衛門ですね	Editional	
ウクライナ	イーゴリ・ブラジュコフですね	Editional	
交響	イーゴリ・ブラジュコフですね	Editional	
キエフ	イーゴリ・ブラジュコフですね	Editional	
レニングラード	イーゴリ・ブラジュコフですね	Editional	
管弦楽	イーゴリ・ブラジュコフですね	Editional	
アレックス	アレックスキッドのミラクルワールドですね	Editional	
キッド	アレックスキッドのミラクルワールドですね	Editional	
セガ	アレックスキッドのミラクルワールドですね	Editional	
一つ	アレックスキッドのミラクルワールドですね	Editional	
ゲーム	アレックスキッドのミラクルワールドですね	Editional	
ポスト	森山高明ですね	Editional	
森山	森山高明ですね	Editional	
高明	森山高明ですね	Editional	
日本	森山高明ですね	Editional	
映画	森山高明ですね	Editional	
安藤	安藤晃司ですね	Editional	
晃司	安藤晃司ですね	Editional	
東京	安藤晃司ですね	Editional	
月	安藤晃司ですね	Editional	
日本	安藤晃司ですね	Editional	
ジャズ	油井正一ですね	Editional	
神戸	油井正一ですね	Editional	
大学	油井正一ですね	Editional	
ラジオ	油井正一ですね	Editional	
油井	油井正一ですね	Editional	
気	早島正雄ですね	Editional	
早島	早島正雄ですね	Editional	
導	早島正雄ですね	Editional	
合	早島正雄ですね	Editional	
柔術	早島正雄ですね	Editional	
環境	小林朋道ですね	Editional	
学部	小林朋道ですね	Editional	
鳥取	小林朋道ですね	Editional	
大学	小林朋道ですね	Editional	
学科	小林朋道ですね	Editional	
子	韓子高ですね	Editional	
陳	韓子高ですね	Editional	
文	韓子高ですね	Editional	
張	韓子高ですね	Editional	
彪	韓子高ですね	Editional	
テレ	ゆうテレですね	Editional	
番組	ゆうテレですね	Editional	
月	ゆうテレですね	Editional	
きん	ゆうテレですね	Editional	
かご	ゆうテレですね	Editional	
丸	鴨緑丸ですね	Editional	
捕虜	鴨緑丸ですね	Editional	
月	鴨緑丸ですね	Editional	
鴨	鴨緑丸ですね	Editional	
緑	鴨緑丸ですね	Editional	
月	テリー・ドイルですね	Editional	
マイナー	テリー・ドイルですね	Editional	
ソックス	テリー・ドイルですね	Editional	
ホワイト	テリー・ドイルですね	Editional	
シーズン	テリー・ドイルですね	Editional	
九条	九条尚経ですね	Editional	
経	九条尚経ですね	Editional	
慈眼	九条尚経ですね	Editional	
時代	九条尚経ですね	Editional	
当主	九条尚経ですね	Editional	
尹	二条尹房ですね	Editional	
房	二条尹房ですね	Editional	
関白	二条尹房ですね	Editional	
家	二条尹房ですね	Editional	
山口	二条尹房ですね	Editional	
江波戸	江波戸哲夫ですね	Editional	
哲夫	江波戸哲夫ですね	Editional	
月	江波戸哲夫ですね	Editional	
経済	江波戸哲夫ですね	Editional	
人	江波戸哲夫ですね	Editional	
新子	新子焼きですね	Editional	
旭川	新子焼きですね	Editional	
鶏	新子焼きですね	Editional	
北海道	新子焼きですね	Editional	
知名度	新子焼きですね	Editional	
地理	江波戸昭ですね	Editional	
民族	江波戸昭ですね	Editional	
音楽	江波戸昭ですね	Editional	
明治大学	江波戸昭ですね	Editional	
教授	江波戸昭ですね	Editional	
生駒	生駒劇場ですね	Editional	
劇場	生駒劇場ですね	Editional	
大正	生駒劇場ですね	Editional	
芸妓	生駒劇場ですね	Editional	
演舞	生駒劇場ですね	Editional	
石井	羽 (石井竜也のアルバム)ですね	Editional	
竜也	羽 (石井竜也のアルバム)ですね	Editional	
アルバム	羽 (石井竜也のアルバム)ですね	Editional	
羽	羽 (石井竜也のアルバム)ですね	Editional	
初回	羽 (石井竜也のアルバム)ですね	Editional	
陰陽	藤原並藤ですね	Editional	
藤原	藤原並藤ですね	Editional	
天	藤原並藤ですね	Editional	
頭	藤原並藤ですね	Editional	
守	藤原並藤ですね	Editional	
電気	清宮博ですね	Editional	
月	清宮博ですね	Editional	
社長	清宮博ですね	Editional	
清宮	清宮博ですね	Editional	
富士通	清宮博ですね	Editional	
月	平野信行ですね	Editional	
銀行	平野信行ですね	Editional	
会長	平野信行ですね	Editional	
頭取	平野信行ですね	Editional	
平野	平野信行ですね	Editional	
レース	ライアン・ブリスコーですね	Editional	
インディ	ライアン・ブリスコーですね	Editional	
ドライバー	ライアン・ブリスコーですね	Editional	
シリーズ	ライアン・ブリスコーですね	Editional	
チーム	ライアン・ブリスコーですね	Editional	
方程式	ランダウ＝リフシッツ＝ギルバート方程式ですね	Editional	
磁場	ランダウ＝リフシッツ＝ギルバート方程式ですね	Editional	
項	ランダウ＝リフシッツ＝ギルバート方程式ですね	Editional	
ラン	ランダウ＝リフシッツ＝ギルバート方程式ですね	Editional	
ダウ	ランダウ＝リフシッツ＝ギルバート方程式ですね	Editional	
田中	田中辰彦ですね	Editional	
辰彦	田中辰彦ですね	Editional	
広島	田中辰彦ですね	Editional	
月	田中辰彦ですね	Editional	
出身	田中辰彦ですね	Editional	
チーム	アレックス・タグリアーニですね	Editional	
ポールポジション	アレックス・タグリアーニですね	Editional	
経歴	アレックス・タグリアーニですね	Editional	
レース	アレックス・タグリアーニですね	Editional	
オーストラリア	アレックス・タグリアーニですね	Editional	
岡村	岡村みどりですね	Editional	
音楽	岡村みどりですね	Editional	
岸野	岡村みどりですね	Editional	
ブルース	岡村みどりですね	Editional	
作品	岡村みどりですね	Editional	
月	ベラ・ダルヴィですね	Editional	
妻	ベラ・ダルヴィですね	Editional	
フランス	ベラ・ダルヴィですね	Editional	
パリ	ベラ・ダルヴィですね	Editional	
名前	ベラ・ダルヴィですね	Editional	
月	金孝周ですね	Editional	
女子	金孝周ですね	Editional	
孝	金孝周ですね	Editional	
周	金孝周ですね	Editional	
キム	金孝周ですね	Editional	
月	マックス・ニューマンですね	Editional	
ニューマン	マックス・ニューマンですね	Editional	
機械	マックス・ニューマンですね	Editional	
大学	マックス・ニューマンですね	Editional	
ドイツ	マックス・ニューマンですね	Editional	
小竹	小竹達雄ですね	Editional	
達雄	小竹達雄ですね	Editional	
俳優	小竹達雄ですね	Editional	
劇団	小竹達雄ですね	Editional	
こ	小竹達雄ですね	Editional	
フランス	ジョージ湖の戦いですね	Editional	
ジョンソン	ジョージ湖の戦いですね	Editional	
砦	ジョージ湖の戦いですね	Editional	
ディス	ジョージ湖の戦いですね	Editional	
カウ	ジョージ湖の戦いですね	Editional	
ぼん	佐伯茜ですね	Editional	
佐伯	佐伯茜ですね	Editional	
茜	佐伯茜ですね	Editional	
漫画	佐伯茜ですね	Editional	
天使	佐伯茜ですね	Editional	
選手権	アレクサンドラ・アルドリッジですね	Editional	
ジュニア	アレクサンドラ・アルドリッジですね	Editional	
シーズン	アレクサンドラ・アルドリッジですね	Editional	
全米	アレクサンドラ・アルドリッジですね	Editional	
月	アレクサンドラ・アルドリッジですね	Editional	
選手権	ダニエル・イートンですね	Editional	
ジュニア	ダニエル・イートンですね	Editional	
ダニエル	ダニエル・イートンですね	Editional	
全米	ダニエル・イートンですね	Editional	
月	ダニエル・イートンですね	Editional	
当地	明津ですね	Editional	
明津	明津ですね	Editional	
世帯	明津ですね	Editional	
神奈川	明津ですね	Editional	
川崎	明津ですね	Editional	
俳優	丸山謙一郎ですね	Editional	
丸山	丸山謙一郎ですね	Editional	
謙一郎	丸山謙一郎ですね	Editional	
東宝	丸山謙一郎ですね	Editional	
まるや	丸山謙一郎ですね	Editional	
馬術	田中利幸 (馬術競技)ですね	Editional	
田中	田中利幸 (馬術競技)ですね	Editional	
利幸	田中利幸 (馬術競技)ですね	Editional	
月	田中利幸 (馬術競技)ですね	Editional	
福岡	田中利幸 (馬術競技)ですね	Editional	
経済	クリストファー・シムズですね	Editional	
クリストファー	クリストファー・シムズですね	Editional	
月	クリストファー・シムズですね	Editional	
ワシントン	クリストファー・シムズですね	Editional	
アメリカ	クリストファー・シムズですね	Editional	
金本	金本涼輔ですね	Editional	
涼	金本涼輔ですね	Editional	
青	金本涼輔ですね	Editional	
岡山	金本涼輔ですね	Editional	
かね	金本涼輔ですね	Editional	
裕次郎	今晩は裕次郎ですですね	Editional	
番組	今晩は裕次郎ですですね	Editional	
アワー	今晩は裕次郎ですですね	Editional	
ゆうじ	今晩は裕次郎ですですね	Editional	
ろう	今晩は裕次郎ですですね	Editional	
伊藤	伊藤忠アーバンコミュニティですね	Editional	
忠	伊藤忠アーバンコミュニティですね	Editional	
伊藤忠	伊藤忠アーバンコミュニティですね	Editional	
株式会社	伊藤忠アーバンコミュニティですね	Editional	
伊藤忠商事	伊藤忠アーバンコミュニティですね	Editional	
高橋	FLY ME TO THE MOON (CLAIREと高橋洋子のシングル)ですね	Editional	
洋子	FLY ME TO THE MOON (CLAIREと高橋洋子のシングル)ですね	Editional	
テーマ	FLY ME TO THE MOON (CLAIREと高橋洋子のシングル)ですね	Editional	
シングル	FLY ME TO THE MOON (CLAIREと高橋洋子のシングル)ですね	Editional	
月	FLY ME TO THE MOON (CLAIREと高橋洋子のシングル)ですね	Editional	
藤原	藤原真葛ですね	Editional	
真葛	藤原真葛ですね	Editional	
時代	藤原真葛ですね	Editional	
治部	藤原真葛ですね	Editional	
卿	藤原真葛ですね	Editional	
大会	吉田潤司ですね	Editional	
フラ	吉田潤司ですね	Editional	
吉田	吉田潤司ですね	Editional	
潤	吉田潤司ですね	Editional	
司	吉田潤司ですね	Editional	
矢賀	矢賀ですね	Editional	
広島	矢賀ですね	Editional	
歴史	矢賀ですね	Editional	
東	矢賀ですね	Editional	
地区	矢賀ですね	Editional	
ベイ	ベイサイド雄一ですね	Editional	
サイド	ベイサイド雄一ですね	Editional	
雄	ベイサイド雄一ですね	Editional	
雄一	ベイサイド雄一ですね	Editional	
いち	ベイサイド雄一ですね	Editional	
講師	高野誠鮮ですね	Editional	
高野	高野誠鮮ですね	Editional	
誠	高野誠鮮ですね	Editional	
月	高野誠鮮ですね	Editional	
客員	高野誠鮮ですね	Editional	
亀井	亀井洋一郎ですね	Editional	
洋一郎	亀井洋一郎ですね	Editional	
陶芸	亀井洋一郎ですね	Editional	
いちろう	亀井洋一郎ですね	Editional	
日本	亀井洋一郎ですね	Editional	
大学	エドワード・カーネルですね	Editional	
神学校	エドワード・カーネルですね	Editional	
哲学	エドワード・カーネルですね	Editional	
エドワード	エドワード・カーネルですね	Editional	
カーネル	エドワード・カーネルですね	Editional	
月	北野誠のズバリですね	Editional	
北野	北野誠のズバリですね	Editional	
番組	北野誠のズバリですね	Editional	
氏田	北野誠のズバリですね	Editional	
リスナー	北野誠のズバリですね	Editional	
ドン	のとドンですね	Editional	
能登	のとドンですね	Editional	
能登半島	のとドンですね	Editional	
石川	のとドンですね	Editional	
キャラクター	のとドンですね	Editional	
選手権	ガブリエラ・パパダキスですね	Editional	
フランス	ガブリエラ・パパダキスですね	Editional	
世界	ガブリエラ・パパダキスですね	Editional	
最高	ガブリエラ・パパダキスですね	Editional	
グランプリ	ガブリエラ・パパダキスですね	Editional	
吉原	吉原米治ですね	Editional	
米治	吉原米治ですね	Editional	
月	吉原米治ですね	Editional	
日本	吉原米治ですね	Editional	
ねじ	吉原米治ですね	Editional	
イスラエル	ミシェル・ワルシャウスキーですね	Editional	
ユダヤ	ミシェル・ワルシャウスキーですね	Editional	
主義	ミシェル・ワルシャウスキーですね	Editional	
団体	ミシェル・ワルシャウスキーですね	Editional	
マツ	ミシェル・ワルシャウスキーですね	Editional	
藤井	STANDARD (藤井フミヤのアルバム)ですね	Editional	
フミヤ	STANDARD (藤井フミヤのアルバム)ですね	Editional	
アルバム	STANDARD (藤井フミヤのアルバム)ですね	Editional	
スタンダード	STANDARD (藤井フミヤのアルバム)ですね	Editional	
日本	STANDARD (藤井フミヤのアルバム)ですね	Editional	
月	吉田沙織 (アナウンサー)ですね	Editional	
アナウンサー	吉田沙織 (アナウンサー)ですね	Editional	
吉田	吉田沙織 (アナウンサー)ですね	Editional	
沙織	吉田沙織 (アナウンサー)ですね	Editional	
アメリカ	吉田沙織 (アナウンサー)ですね	Editional	
ゲーム	バクダン★ハンダンですね	Editional	
ダン	バクダン★ハンダンですね	Editional	
稲船	バクダン★ハンダンですね	Editional	
叔父	バクダン★ハンダンですね	Editional	
沙	バクダン★ハンダンですね	Editional	
九州朝日放送	長岡大雅ですね	Editional	
大学	長岡大雅ですね	Editional	
長岡	長岡大雅ですね	Editional	
大雅	長岡大雅ですね	Editional	
アナウンサー	長岡大雅ですね	Editional	
暗号	トミー・フラワーズですね	Editional	
電子	トミー・フラワーズですね	Editional	
月	トミー・フラワーズですね	Editional	
世界	トミー・フラワーズですね	Editional	
部門	トミー・フラワーズですね	Editional	
長島	長島水辺のやすらぎパークですね	Editional	
パーク	長島水辺のやすらぎパークですね	Editional	
明治	長島水辺のやすらぎパークですね	Editional	
水辺	長島水辺のやすらぎパークですね	Editional	
久我	長島水辺のやすらぎパークですね	Editional	
三澤	三澤澄也ですね	Editional	
澄	三澤澄也ですね	Editional	
九州朝日放送	三澤澄也ですね	Editional	
アナウンサー	三澤澄也ですね	Editional	
すみや	三澤澄也ですね	Editional	
民	董彦平ですね	Editional	
委員	董彦平ですね	Editional	
東北	董彦平ですね	Editional	
参謀	董彦平ですね	Editional	
董	董彦平ですね	Editional	
番組	日本の美ですね	Editional	
日本	日本の美ですね	Editional	
美	日本の美ですね	Editional	
テレビ	日本の美ですね	Editional	
日本人	日本の美ですね	Editional	
斎藤	斎藤保義ですね	Editional	
銀行	斎藤保義ですね	Editional	
東京	斎藤保義ですね	Editional	
保義	斎藤保義ですね	Editional	
月	斎藤保義ですね	Editional	
代官	所務代官ですね	Editional	
荘園	所務代官ですね	Editional	
務	所務代官ですね	Editional	
所	所務代官ですね	Editional	
領主	所務代官ですね	Editional	
猪熊	猪熊克芳ですね	Editional	
克	猪熊克芳ですね	Editional	
芳	猪熊克芳ですね	Editional	
い	猪熊克芳ですね	Editional	
くま	猪熊克芳ですね	Editional	
ミッキー	ミッキー&ミニー トリック&チェイスですね	Editional	
トリック	ミッキー&ミニー トリック&チェイスですね	Editional	
国際	ミッキー&ミニー トリック&チェイスですね	Editional	
カプコン	ミッキー&ミニー トリック&チェイスですね	Editional	
ディズニー	ミッキー&ミニー トリック&チェイスですね	Editional	
昭	章昭達ですね	Editional	
陳	章昭達ですね	Editional	
建	章昭達ですね	Editional	
周	章昭達ですね	Editional	
康	章昭達ですね	Editional	
美術館	坂本善三ですね	Editional	
坂本	坂本善三ですね	Editional	
善	坂本善三ですね	Editional	
熊本	坂本善三ですね	Editional	
文化	坂本善三ですね	Editional	
フォーミュラ	セバスチャン・サーベドラですね	Editional	
シーズン	セバスチャン・サーベドラですね	Editional	
月	セバスチャン・サーベドラですね	Editional	
ワールド	セバスチャン・サーベドラですね	Editional	
ファイナル	セバスチャン・サーベドラですね	Editional	
美術館	坂本善三美術館ですね	Editional	
小国	坂本善三美術館ですね	Editional	
坂本	坂本善三美術館ですね	Editional	
善	坂本善三美術館ですね	Editional	
阿蘇	坂本善三美術館ですね	Editional	
経済	川瀬光義ですね	Editional	
政策	川瀬光義ですね	Editional	
日本	川瀬光義ですね	Editional	
財政	川瀬光義ですね	Editional	
教授	川瀬光義ですね	Editional	
日本	寺本民生ですね	Editional	
医学部	寺本民生ですね	Editional	
東京大学	寺本民生ですね	Editional	
寺本	寺本民生ですね	Editional	
民生	寺本民生ですね	Editional	
月	アフマド・シャフィークですね	Editional	
エジプト	アフマド・シャフィークですね	Editional	
首相	アフマド・シャフィークですね	Editional	
空軍	アフマド・シャフィークですね	Editional	
政権	アフマド・シャフィークですね	Editional	
あか	内原茂樹ですね	Editional	
内原	内原茂樹ですね	Editional	
茂樹	内原茂樹ですね	Editional	
和歌山	内原茂樹ですね	Editional	
精力	内原茂樹ですね	Editional	
選手	マルコ・ファッブリですね	Editional	
月	マルコ・ファッブリですね	Editional	
選手権	マルコ・ファッブリですね	Editional	
マルコ	マルコ・ファッブリですね	Editional	
イタリア	マルコ・ファッブリですね	Editional	
シンプソン	シンプソンですね	Editional	
英語	シンプソンですね	Editional	
地名	シンプソンですね	Editional	
姓	シンプソンですね	Editional	
貝	貝澤耕一ですね	Editional	
澤	貝澤耕一ですね	Editional	
二風谷	貝澤耕一ですね	Editional	
平取	貝澤耕一ですね	Editional	
正	貝澤耕一ですね	Editional	
月	ねぇ (藤田麻衣子の曲)ですね	Editional	
シングル	ねぇ (藤田麻衣子の曲)ですね	Editional	
チャート	ねぇ (藤田麻衣子の曲)ですね	Editional	
表題	ねぇ (藤田麻衣子の曲)ですね	Editional	
藤田	ねぇ (藤田麻衣子の曲)ですね	Editional	
中村	中村元明ですね	Editional	
毛利	中村元明ですね	Editional	
元明	中村元明ですね	Editional	
安芸	中村元明ですね	Editional	
弘	中村元明ですね	Editional	
月	琴羽桜子ですね	Editional	
桜子	琴羽桜子ですね	Editional	
宝塚歌劇団	琴羽桜子ですね	Editional	
娘	琴羽桜子ですね	Editional	
琴	琴羽桜子ですね	Editional	
佐藤	佐藤信ですね	Editional	
信	佐藤信ですね	Editional	
さとう	佐藤信ですね	Editional	
まこと	佐藤信ですね	Editional	
しん	佐藤信ですね	Editional	
月	デニス・ストラックアルルシですね	Editional	
デニス	デニス・ストラックアルルシですね	Editional	
アルゼンチン	デニス・ストラックアルルシですね	Editional	
サンタフェ	デニス・ストラックアルルシですね	Editional	
出身	デニス・ストラックアルルシですね	Editional	
委員	ウラジーミル・チューロフですね	Editional	
ロシア	ウラジーミル・チューロフですね	Editional	
月	ウラジーミル・チューロフですね	Editional	
下院	ウラジーミル・チューロフですね	Editional	
中央	ウラジーミル・チューロフですね	Editional	
月	ヤン・ゴームズですね	Editional	
ブラジル	ヤン・ゴームズですね	Editional	
本塁打	ヤン・ゴームズですね	Editional	
打率	ヤン・ゴームズですね	Editional	
捕手	ヤン・ゴームズですね	Editional	
深川	深川和仁ですね	Editional	
和仁	深川和仁ですね	Editional	
香川	深川和仁ですね	Editional	
ひと	深川和仁ですね	Editional	
月	深川和仁ですね	Editional	
レオン	レオン・ベストですね	Editional	
ベスト	レオン・ベストですね	Editional	
出身	レオン・ベストですね	Editional	
月	レオン・ベストですね	Editional	
イングランド	レオン・ベストですね	Editional	
タッグ	徹子&羽鳥が初タッグ あの真相全て聞きます ザ・プレミアムトークですね	Editional	
徹子	徹子&羽鳥が初タッグ あの真相全て聞きます ザ・プレミアムトークですね	Editional	
テレビ朝日	徹子&羽鳥が初タッグ あの真相全て聞きます ザ・プレミアムトークですね	Editional	
鳥	徹子&羽鳥が初タッグ あの真相全て聞きます ザ・プレミアムトークですね	Editional	
真相	徹子&羽鳥が初タッグ あの真相全て聞きます ザ・プレミアムトークですね	Editional	
ロミオ	ロミオ道行ですね	Editional	
道行	ロミオ道行ですね	Editional	
ろ	ロミオ道行ですね	Editional	
藤井	ロミオ道行ですね	Editional	
隆	ロミオ道行ですね	Editional	
月	フランシス・ベルトランですね	Editional	
メジャー	フランシス・ベルトランですね	Editional	
傘下	フランシス・ベルトランですね	Editional	
リーグ	フランシス・ベルトランですね	Editional	
フランシス	フランシス・ベルトランですね	Editional	
中村	中村斉ですね	Editional	
音楽	中村斉ですね	Editional	
斉	中村斉ですね	Editional	
日本	中村斉ですね	Editional	
秋吉台	中村斉ですね	Editional	
信号	中宮信号所ですね	Editional	
中宮	中宮信号所ですね	Editional	
宮之阪	中宮信号所ですね	Editional	
複線	中宮信号所ですね	Editional	
なか	中宮信号所ですね	Editional	
大村	大村市立竹松小学校ですね	Editional	
小学校	大村市立竹松小学校ですね	Editional	
市立	大村市立竹松小学校ですね	Editional	
竹松	大村市立竹松小学校ですね	Editional	
りつ	大村市立竹松小学校ですね	Editional	
月	リチャード・G・ヴォージですね	Editional	
情報	リチャード・G・ヴォージですね	Editional	
海軍	リチャード・G・ヴォージですね	Editional	
部隊	リチャード・G・ヴォージですね	Editional	
艦長	リチャード・G・ヴォージですね	Editional	
本能寺	戦国女子高生奇譚 本能寺の恋ですね	Editional	
月	戦国女子高生奇譚 本能寺の恋ですね	Editional	
戦国	戦国女子高生奇譚 本能寺の恋ですね	Editional	
女子高	戦国女子高生奇譚 本能寺の恋ですね	Editional	
変	戦国女子高生奇譚 本能寺の恋ですね	Editional	
競輪	第63回高松宮記念杯競輪ですね	Editional	
高松宮	第63回高松宮記念杯競輪ですね	Editional	
函館	第63回高松宮記念杯競輪ですね	Editional	
武田	第63回高松宮記念杯競輪ですね	Editional	
北海道	第63回高松宮記念杯競輪ですね	Editional	
日本	木川泰宏ですね	Editional	
医師	木川泰宏ですね	Editional	
外科	木川泰宏ですね	Editional	
アクション	木川泰宏ですね	Editional	
木川	木川泰宏ですね	Editional	
小野瀬	小野瀬氏ですね	Editional	
藤原	小野瀬氏ですね	Editional	
郷	小野瀬氏ですね	Editional	
盛	小野瀬氏ですね	Editional	
祖	小野瀬氏ですね	Editional	
藤原	藤原豊主ですね	Editional	
豊	藤原豊主ですね	Editional	
官位	藤原豊主ですね	Editional	
仁	藤原豊主ですね	Editional	
月	藤原豊主ですね	Editional	
沢谷	沢谷有梨ですね	Editional	
有	沢谷有梨ですね	Editional	
梨	沢谷有梨ですね	Editional	
声優	沢谷有梨ですね	Editional	
カラー	沢谷有梨ですね	Editional	
新城	新城明ですね	Editional	
明	新城明ですね	Editional	
あらき	新城明ですね	Editional	
あき	新城明ですね	Editional	
日本	新城明ですね	Editional	
心理	笠原敏雄ですね	Editional	
笠原	笠原敏雄ですね	Editional	
敏雄	笠原敏雄ですね	Editional	
かさ	笠原敏雄ですね	Editional	
日本	笠原敏雄ですね	Editional	
音楽	鈴木俊哉ですね	Editional	
鈴木	鈴木俊哉ですね	Editional	
俊哉	鈴木俊哉ですね	Editional	
日本	鈴木俊哉ですね	Editional	
現代	鈴木俊哉ですね	Editional	
西田	西田絵里ですね	Editional	
絵里	西田絵里ですね	Editional	
にし	西田絵里ですね	Editional	
えり	西田絵里ですね	Editional	
日本	西田絵里ですね	Editional	
幹久	幹久ですね	Editional	
ひさ	幹久ですね	Editional	
みき	幹久ですね	Editional	
日本	幹久ですね	Editional	
男性	幹久ですね	Editional	
サンタ	サンタが泣いた日ですね	Editional	
角松	サンタが泣いた日ですね	Editional	
シングル	サンタが泣いた日ですね	Editional	
アルバム	サンタが泣いた日ですね	Editional	
ベスト	サンタが泣いた日ですね	Editional	
日本	稲田和浩ですね	Editional	
作家	稲田和浩ですね	Editional	
稲田	稲田和浩ですね	Editional	
和浩	稲田和浩ですね	Editional	
演芸	稲田和浩ですね	Editional	
鍵	鍵空とみやきですね	Editional	
空	鍵空とみやきですね	Editional	
かぎ	鍵空とみやきですね	Editional	
富	鍵空とみやきですね	Editional	
月	鍵空とみやきですね	Editional	
アルバム	ニキ・アンド・ザ・ドーヴですね	Editional	
スウェーデン	ニキ・アンド・ザ・ドーヴですね	Editional	
ストックホルム	ニキ・アンド・ザ・ドーヴですね	Editional	
キーボード	ニキ・アンド・ザ・ドーヴですね	Editional	
ドラムス	ニキ・アンド・ザ・ドーヴですね	Editional	
泉	大野文泉ですね	Editional	
文	大野文泉ですね	Editional	
大野	大野文泉ですね	Editional	
白河	大野文泉ですね	Editional	
集	大野文泉ですね	Editional	
銀	戸越銀次郎ですね	Editional	
商店	戸越銀次郎ですね	Editional	
戸越	戸越銀次郎ですね	Editional	
次郎	戸越銀次郎ですね	Editional	
銀座	戸越銀次郎ですね	Editional	
スケート	トム・ザカライセックですね	Editional	
全米	トム・ザカライセックですね	Editional	
選手権	トム・ザカライセックですね	Editional	
トム	トム・ザカライセックですね	Editional	
月	トム・ザカライセックですね	Editional	
ニール	ニール・ブラウンですね	Editional	
ブラウン	ニール・ブラウンですね	Editional	
月	ニール・ブラウンですね	Editional	
フランス	ニール・ブラウンですね	Editional	
チェコ	ニール・ブラウンですね	Editional	
プロイセン	フリードリヒ・アウグスト・ルートヴィヒ・フォン・デア・マルヴィッツですね	Editional	
貴族	フリードリヒ・アウグスト・ルートヴィヒ・フォン・デア・マルヴィッツですね	Editional	
月	フリードリヒ・アウグスト・ルートヴィヒ・フォン・デア・マルヴィッツですね	Editional	
政治	フリードリヒ・アウグスト・ルートヴィヒ・フォン・デア・マルヴィッツですね	Editional	
フリードリヒ	フリードリヒ・アウグスト・ルートヴィヒ・フォン・デア・マルヴィッツですね	Editional	
ドリル	ジャン・マリッツですね	Editional	
大砲	ジャン・マリッツですね	Editional	
方式	ジャン・マリッツですね	Editional	
長官	ジャン・マリッツですね	Editional	
垂直	ジャン・マリッツですね	Editional	
寺	相良寺ですね	Editional	
相良	相良寺ですね	Editional	
観音	相良寺ですね	Editional	
菊池	相良寺ですね	Editional	
山鹿	相良寺ですね	Editional	
英	フレデリック・カーランド・ウィリアムスですね	Editional	
帝国	フレデリック・カーランド・ウィリアムスですね	Editional	
勲章	フレデリック・カーランド・ウィリアムスですね	Editional	
大学	フレデリック・カーランド・ウィリアムスですね	Editional	
月	フレデリック・カーランド・ウィリアムスですね	Editional	
マンチェスター	トム・キルバーンですね	Editional	
大学	トム・キルバーンですね	Editional	
コンピュータ	トム・キルバーンですね	Editional	
世界	トム・キルバーンですね	Editional	
月	トム・キルバーンですね	Editional	
村上	村上修一ですね	Editional	
修一	村上修一ですね	Editional	
映像	村上修一ですね	Editional	
美術	村上修一ですね	Editional	
むら	村上修一ですね	Editional	
まち	三國湊帯のまち流しですね	Editional	
踊り	三國湊帯のまち流しですね	Editional	
湊	三國湊帯のまち流しですね	Editional	
三國	三國湊帯のまち流しですね	Editional	
祭り	三國湊帯のまち流しですね	Editional	
月	宍戸慈ですね	Editional	
福島	宍戸慈ですね	Editional	
札幌	宍戸慈ですね	Editional	
パーソナリティ	宍戸慈ですね	Editional	
女子	宍戸慈ですね	Editional	
田所	田所氏ですね	Editional	
秋田	田所氏ですね	Editional	
系譜	田所氏ですね	Editional	
忠	田所氏ですね	Editional	
安島	田所氏ですね	Editional	
コール	コール オブ デューティシリーズにおける年表ですね	Editional	
オブ	コール オブ デューティシリーズにおける年表ですね	Editional	
出来事	コール オブ デューティシリーズにおける年表ですね	Editional	
年表	コール オブ デューティシリーズにおける年表ですね	Editional	
世界	コール オブ デューティシリーズにおける年表ですね	Editional	
丸	宮古丸ですね	Editional	
宮古	宮古丸ですね	Editional	
沖縄	宮古丸ですね	Editional	
昭和	宮古丸ですね	Editional	
那覇	宮古丸ですね	Editional	
宗	平宗実ですね	Editional	
鎌倉	平宗実ですね	Editional	
平家	平宗実ですね	Editional	
平	平宗実ですね	Editional	
実	平宗実ですね	Editional	
田澤	田澤利依子ですね	Editional	
利	田澤利依子ですね	Editional	
依子	田澤利依子ですね	Editional	
作家	田澤利依子ですね	Editional	
月	田澤利依子ですね	Editional	
映画	倉橋良介ですね	Editional	
月	倉橋良介ですね	Editional	
テレビ	倉橋良介ですね	Editional	
昭和	倉橋良介ですね	Editional	
倉橋	倉橋良介ですね	Editional	
植物	高辻正基ですね	Editional	
工場	高辻正基ですね	Editional	
日本	高辻正基ですね	Editional	
学会	高辻正基ですね	Editional	
理事	高辻正基ですね	Editional	
振付	トム・ディクソンですね	Editional	
全米	トム・ディクソンですね	Editional	
選手権	トム・ディクソンですね	Editional	
トム	トム・ディクソンですね	Editional	
月	トム・ディクソンですね	Editional	
カナダ	ニコル・オーフォードですね	Editional	
選手権	ニコル・オーフォードですね	Editional	
ウィリアムズ	ニコル・オーフォードですね	Editional	
カップル	ニコル・オーフォードですね	Editional	
大会	ニコル・オーフォードですね	Editional	
カナダ	トーマス・ウィリアムズですね	Editional	
選手権	トーマス・ウィリアムズですね	Editional	
フォード	トーマス・ウィリアムズですね	Editional	
カップル	トーマス・ウィリアムズですね	Editional	
トーマス	トーマス・ウィリアムズですね	Editional	
青木	青木健 (俳優)ですね	Editional	
健	青木健 (俳優)ですね	Editional	
俳優	青木健 (俳優)ですね	Editional	
月	青木健 (俳優)ですね	Editional	
日本	青木健 (俳優)ですね	Editional	
大学	青木健 (宗教学者)ですね	Editional	
ゾロ	青木健 (宗教学者)ですね	Editional	
アスター	青木健 (宗教学者)ですね	Editional	
青木	青木健 (宗教学者)ですね	Editional	
健	青木健 (宗教学者)ですね	Editional	
映画	池田義信ですね	Editional	
月	池田義信ですね	Editional	
昭和	池田義信ですね	Editional	
池田	池田義信ですね	Editional	
松竹	池田義信ですね	Editional	
日本	ルイス・カルロス・セベリッチですね	Editional	
ロス	ルイス・カルロス・セベリッチですね	Editional	
ルイス	ルイス・カルロス・セベリッチですね	Editional	
コンサート	ルイス・カルロス・セベリッチですね	Editional	
カルロス	ルイス・カルロス・セベリッチですね	Editional	
岐阜	青木健 (詩人)ですね	Editional	
青木	青木健 (詩人)ですね	Editional	
健	青木健 (詩人)ですね	Editional	
詩人	青木健 (詩人)ですね	Editional	
小島	青木健 (詩人)ですね	Editional	
月	青木健 (経済学者)ですね	Editional	
青木	青木健 (経済学者)ですね	Editional	
経済	青木健 (経済学者)ですね	Editional	
日本	青木健 (経済学者)ですね	Editional	
杏林大学	青木健 (経済学者)ですね	Editional	
青木	青木健ですね	Editional	
健	青木健ですね	Editional	
チーム	クリストファー・ミオールですね	Editional	
カナダ	クリストファー・ミオールですね	Editional	
イタリア	クリストファー・ミオールですね	Editional	
クリストファー	クリストファー・ミオールですね	Editional	
ミ	クリストファー・ミオールですね	Editional	
神社	沼田神社ですね	Editional	
沼田	沼田神社ですね	Editional	
じん	沼田神社ですね	Editional	
ぬた	沼田神社ですね	Editional	
郡	タイラー郡 (テキサス州)ですね	Editional	
タイラー	タイラー郡 (テキサス州)ですね	Editional	
人口	タイラー郡 (テキサス州)ですね	Editional	
アメリカ合衆国	タイラー郡 (テキサス州)ですね	Editional	
国勢調査	タイラー郡 (テキサス州)ですね	Editional	
郡	ハーディン郡 (テキサス州)ですね	Editional	
ハー	ハーディン郡 (テキサス州)ですね	Editional	
ディン	ハーディン郡 (テキサス州)ですね	Editional	
人口	ハーディン郡 (テキサス州)ですね	Editional	
テキサス	ハーディン郡 (テキサス州)ですね	Editional	
章	クーデンホーフ＝カレルギー章ですね	Editional	
記章	クーデンホーフ＝カレルギー章ですね	Editional	
ヨーロッパ	クーデンホーフ＝カレルギー章ですね	Editional	
個人	クーデンホーフ＝カレルギー章ですね	Editional	
団体	クーデンホーフ＝カレルギー章ですね	Editional	
納	最上眞理ですね	Editional	
月	最上眞理ですね	Editional	
最上	最上眞理ですね	Editional	
眞理	最上眞理ですね	Editional	
広島	最上眞理ですね	Editional	
家族	徳光&ピン子&ミッツのもしも突然芸能人が家族になったらどうなる?ですね	Editional	
徳光	徳光&ピン子&ミッツのもしも突然芸能人が家族になったらどうなる?ですね	Editional	
ピン	徳光&ピン子&ミッツのもしも突然芸能人が家族になったらどうなる?ですね	Editional	
芸能人	徳光&ピン子&ミッツのもしも突然芸能人が家族になったらどうなる?ですね	Editional	
番組	徳光&ピン子&ミッツのもしも突然芸能人が家族になったらどうなる?ですね	Editional	
片平	片平 (川崎市)ですね	Editional	
当地	片平 (川崎市)ですね	Editional	
神奈川	片平 (川崎市)ですね	Editional	
川崎	片平 (川崎市)ですね	Editional	
麻生	片平 (川崎市)ですね	Editional	
坂口	坂口平兵衛ですね	Editional	
平	坂口平兵衛ですね	Editional	
兵衛	坂口平兵衛ですね	Editional	
ぐち	坂口平兵衛ですね	Editional	
鳥取	坂口平兵衛ですね	Editional	
岩代	岩代大久保駅ですね	Editional	
大久保	岩代大久保駅ですね	Editional	
福島	岩代大久保駅ですね	Editional	
駅	岩代大久保駅ですね	Editional	
川俣	岩代大久保駅ですね	Editional	
月	ダニエル・モンタルバーノですね	Editional	
ペア	ダニエル・モンタルバーノですね	Editional	
ダニエル	ダニエル・モンタルバーノですね	Editional	
シングル	ダニエル・モンタルバーノですね	Editional	
ラード	ダニエル・モンタルバーノですね	Editional	
鶴岡	鶴岡伸寿ですね	Editional	
伸	鶴岡伸寿ですね	Editional	
寿	鶴岡伸寿ですね	Editional	
つるおか	鶴岡伸寿ですね	Editional	
のぶ	鶴岡伸寿ですね	Editional	
仁川	仁川自由公園ですね	Editional	
公園	仁川自由公園ですね	Editional	
大韓民国	仁川自由公園ですね	Editional	
外国	仁川自由公園ですね	Editional	
万国	仁川自由公園ですね	Editional	
周	周ケイですね	Editional	
龍	周ケイですね	Editional	
田	周ケイですね	Editional	
刺史	周ケイですね	Editional	
升	周ケイですね	Editional	
陳	陳方慶ですね	Editional	
刺史	陳方慶ですね	Editional	
広州	陳方慶ですね	Editional	
方	陳方慶ですね	Editional	
慶	陳方慶ですね	Editional	
小田野	小田野氏ですね	Editional	
佐竹	小田野氏ですね	Editional	
義	小田野氏ですね	Editional	
山入	小田野氏ですね	Editional	
宗家	小田野氏ですね	Editional	
玉椿	玉椿 (VANILLAのアルバム)ですね	Editional	
アルバム	玉椿 (VANILLAのアルバム)ですね	Editional	
たま	玉椿 (VANILLAのアルバム)ですね	Editional	
つば	玉椿 (VANILLAのアルバム)ですね	Editional	
萩原	萩原利映ですね	Editional	
利	萩原利映ですね	Editional	
わら	萩原利映ですね	Editional	
りえ	萩原利映ですね	Editional	
月	萩原利映ですね	Editional	
ジョナサン	ジョナサン・トゥイートですね	Editional	
ゲーム	ジョナサン・トゥイートですね	Editional	
グループ	ジョナサン・トゥイートですね	Editional	
デザイナー	ジョナサン・トゥイートですね	Editional	
父	ジョナサン・トゥイートですね	Editional	
ジャー	プレシャス・モーメンツ (ジャーメイン・ジャクソンのアルバム)ですね	Editional	
メイン	プレシャス・モーメンツ (ジャーメイン・ジャクソンのアルバム)ですね	Editional	
ジャクソン	プレシャス・モーメンツ (ジャーメイン・ジャクソンのアルバム)ですね	Editional	
アルバム	プレシャス・モーメンツ (ジャーメイン・ジャクソンのアルバム)ですね	Editional	
まなざし	プレシャス・モーメンツ (ジャーメイン・ジャクソンのアルバム)ですね	Editional	
映画	鈴木晄ですね	Editional	
月	鈴木晄ですね	Editional	
技師	鈴木晄ですね	Editional	
鈴木	鈴木晄ですね	Editional	
晄	鈴木晄ですね	Editional	
ペア	アシュリー・ケインですね	Editional	
シングル	アシュリー・ケインですね	Editional	
出身	アシュリー・ケインですね	Editional	
スケート	アシュリー・ケインですね	Editional	
ジョシュア	アシュリー・ケインですね	Editional	
ペア	ジョシュア・レーガンですね	Editional	
カナダ	ジョシュア・レーガンですね	Editional	
ジョシュア	ジョシュア・レーガンですね	Editional	
レーガン	ジョシュア・レーガンですね	Editional	
月	ジョシュア・レーガンですね	Editional	
月	北野演芸館〜たけしが本気で選んだ芸人大集結SP〜ですね	Editional	
演芸	北野演芸館〜たけしが本気で選んだ芸人大集結SP〜ですね	Editional	
番組	北野演芸館〜たけしが本気で選んだ芸人大集結SP〜ですね	Editional	
芸人	北野演芸館〜たけしが本気で選んだ芸人大集結SP〜ですね	Editional	
ビートたけし	北野演芸館〜たけしが本気で選んだ芸人大集結SP〜ですね	Editional	
米沢	北山原殉教遺跡ですね	Editional	
キリシタン	北山原殉教遺跡ですね	Editional	
藩	北山原殉教遺跡ですね	Editional	
刑場	北山原殉教遺跡ですね	Editional	
信者	北山原殉教遺跡ですね	Editional	
松本	山田尚勇ですね	Editional	
旧制	山田尚勇ですね	Editional	
月	山田尚勇ですね	Editional	
昭和	山田尚勇ですね	Editional	
大学	山田尚勇ですね	Editional	
シリーズ	スチュアート・M・カミンスキーですね	Editional	
大学	スチュアート・M・カミンスキーですね	Editional	
月	スチュアート・M・カミンスキーですね	Editional	
作家	スチュアート・M・カミンスキーですね	Editional	
主人公	スチュアート・M・カミンスキーですね	Editional	
国民	ミシェル・ヴォゼールですね	Editional	
議会	ミシェル・ヴォゼールですね	Editional	
ミシェル	ミシェル・ヴォゼールですね	Editional	
月	ミシェル・ヴォゼールですね	Editional	
フランス	ミシェル・ヴォゼールですね	Editional	
新城	新城守ですね	Editional	
守	新城守ですね	Editional	
月	新城守ですね	Editional	
茨城	新城守ですね	Editional	
生まれ	新城守ですね	Editional	
郡	ジェファーソン郡 (テキサス州)ですね	Editional	
ジェファーソン	ジェファーソン郡 (テキサス州)ですね	Editional	
テキサス	ジェファーソン郡 (テキサス州)ですね	Editional	
人口	ジェファーソン郡 (テキサス州)ですね	Editional	
領域	ジェファーソン郡 (テキサス州)ですね	Editional	
丸	紀洋丸ですね	Editional	
タンカー	紀洋丸ですね	Editional	
紀洋	紀洋丸ですね	Editional	
日本	紀洋丸ですね	Editional	
洋	紀洋丸ですね	Editional	
月	村上孝太郎ですね	Editional	
議員	村上孝太郎ですね	Editional	
村上	村上孝太郎ですね	Editional	
参議院	村上孝太郎ですね	Editional	
孝太郎	村上孝太郎ですね	Editional	
鹿児島	鹿児島県立川薩清修館高等学校ですね	Editional	
学校	鹿児島県立川薩清修館高等学校ですね	Editional	
入来	鹿児島県立川薩清修館高等学校ですね	Editional	
立川	鹿児島県立川薩清修館高等学校ですね	Editional	
修	鹿児島県立川薩清修館高等学校ですね	Editional	
歌	マイ・ボニーですね	Editional	
ビートルズ	マイ・ボニーですね	Editional	
日本	マイ・ボニーですね	Editional	
マイ	マイ・ボニーですね	Editional	
ボニー	マイ・ボニーですね	Editional	
ベルギー	ウィリアム・ドグーヴ・ド・ヌンクですね	Editional	
絵画	ウィリアム・ドグーヴ・ド・ヌンクですね	Editional	
画家	ウィリアム・ドグーヴ・ド・ヌンクですね	Editional	
作品	ウィリアム・ドグーヴ・ド・ヌンクですね	Editional	
ウィリアム	ウィリアム・ドグーヴ・ド・ヌンクですね	Editional	
垂	テキ成ですね	Editional	
成	テキ成ですね	Editional	
丁	テキ成ですね	Editional	
首長	テキ成ですね	Editional	
従弟	テキ成ですね	Editional	
若井	若井ケンですね	Editional	
ケン	若井ケンですね	Editional	
日本	若井ケンですね	Editional	
漫画	若井ケンですね	Editional	
イラストレーター	若井ケンですね	Editional	
当地	久末 (川崎市)ですね	Editional	
久末	久末 (川崎市)ですね	Editional	
川崎	久末 (川崎市)ですね	Editional	
明治	久末 (川崎市)ですね	Editional	
野菜	久末 (川崎市)ですね	Editional	
加藤	加藤よし江ですね	Editional	
よし江	加藤よし江ですね	Editional	
かとう	加藤よし江ですね	Editional	
よしえ	加藤よし江ですね	Editional	
日本	加藤よし江ですね	Editional	
総一	わたしの沖田くんですね	Editional	
琴	わたしの沖田くんですね	Editional	
ストーリー	わたしの沖田くんですね	Editional	
沖田	わたしの沖田くんですね	Editional	
野部	わたしの沖田くんですね	Editional	
システム	若松秀俊ですね	Editional	
日本	若松秀俊ですね	Editional	
工学	若松秀俊ですね	Editional	
生体	若松秀俊ですね	Editional	
エネルギー	若松秀俊ですね	Editional	
南	春木南溟ですね	Editional	
春木	春木南溟ですね	Editional	
明治	春木南溟ですね	Editional	
妻	春木南溟ですね	Editional	
月	春木南溟ですね	Editional	
張	張鶴ですね	Editional	
鶴	張鶴ですね	Editional	
ちょう	張鶴ですね	Editional	
フー	張鶴ですね	Editional	
ジャン	張鶴ですね	Editional	
澄	澄豪ですね	Editional	
豪	澄豪ですね	Editional	
ちょう	澄豪ですね	Editional	
高村	高村氏ですね	Editional	
寸	高村氏ですね	Editional	
名	高村氏ですね	Editional	
佐竹	高村氏ですね	Editional	
一族	高村氏ですね	Editional	
スティーヴン	スティーヴン・H・ブラムですね	Editional	
ブラム	スティーヴン・H・ブラムですね	Editional	
協会	スティーヴン・H・ブラムですね	Editional	
ヘンリー	スティーヴン・H・ブラムですね	Editional	
月	スティーヴン・H・ブラムですね	Editional	
間宮	間宮夏生ですね	Editional	
夏生	間宮夏生ですね	Editional	
まみ	間宮夏生ですね	Editional	
日本	間宮夏生ですね	Editional	
ライト	間宮夏生ですね	Editional	
ダイナマイト	ダイナマイト (ジャーメイン・ジャクソンのアルバム)ですね	Editional	
ジャー	ダイナマイト (ジャーメイン・ジャクソンのアルバム)ですね	Editional	
メイン	ダイナマイト (ジャーメイン・ジャクソンのアルバム)ですね	Editional	
ジャクソン	ダイナマイト (ジャーメイン・ジャクソンのアルバム)ですね	Editional	
アルバム	ダイナマイト (ジャーメイン・ジャクソンのアルバム)ですね	Editional	
綿引	綿引氏ですね	Editional	
秋田	綿引氏ですね	Editional	
氏族	綿引氏ですね	Editional	
常陸	綿引氏ですね	Editional	
藤原	綿引氏ですね	Editional	
シーズン	伊戸重樹ですね	Editional	
月	伊戸重樹ですね	Editional	
選手	伊戸重樹ですね	Editional	
リーグ	伊戸重樹ですね	Editional	
伊戸	伊戸重樹ですね	Editional	
大砲	フロラン＝ジャン・ド・ヴァリエールですね	Editional	
フランス	フロラン＝ジャン・ド・ヴァリエールですね	Editional	
砲兵	フロラン＝ジャン・ド・ヴァリエールですね	Editional	
顔	フロラン＝ジャン・ド・ヴァリエールですね	Editional	
ジャン	フロラン＝ジャン・ド・ヴァリエールですね	Editional	
青木	青木健作 (作家)ですね	Editional	
健作	青木健作 (作家)ですね	Editional	
作家	青木健作 (作家)ですね	Editional	
さく	青木健作 (作家)ですね	Editional	
日本	青木健作 (作家)ですね	Editional	
俳優	クレイグ・シェイファーですね	Editional	
映画	クレイグ・シェイファーですね	Editional	
クレイグ	クレイグ・シェイファーですね	Editional	
月	クレイグ・シェイファーですね	Editional	
アメリカ合衆国	クレイグ・シェイファーですね	Editional	
文学	河島弘美ですね	Editional	
河島	河島弘美ですね	Editional	
弘美	河島弘美ですね	Editional	
東洋	河島弘美ですね	Editional	
学園	河島弘美ですね	Editional	
横丁	小林一郎 (建築評論家)ですね	Editional	
小林	小林一郎 (建築評論家)ですね	Editional	
講師	小林一郎 (建築評論家)ですね	Editional	
学会	小林一郎 (建築評論家)ですね	Editional	
一郎	小林一郎 (建築評論家)ですね	Editional	
神戸大学	嘉手納良智ですね	Editional	
嘉手納	嘉手納良智ですね	Editional	
智	嘉手納良智ですね	Editional	
俳優	嘉手納良智ですね	Editional	
沖縄	嘉手納良智ですね	Editional	
高久	高久泰文ですね	Editional	
泰文	高久泰文ですね	Editional	
行政	高久泰文ですね	Editional	
月	高久泰文ですね	Editional	
日本	高久泰文ですね	Editional	
理論	ミラー対称性 (弦理論)ですね	Editional	
ミラー	ミラー対称性 (弦理論)ですね	Editional	
対称	ミラー対称性 (弦理論)ですね	Editional	
弦	ミラー対称性 (弦理論)ですね	Editional	
数学	ミラー対称性 (弦理論)ですね	Editional	
月	後藤艮山ですね	Editional	
艮	後藤艮山ですね	Editional	
後藤	後藤艮山ですね	Editional	
江戸	後藤艮山ですね	Editional	
医師	後藤艮山ですね	Editional	
金綱	金綱幸弘ですね	Editional	
幸弘	金綱幸弘ですね	Editional	
ゆき	金綱幸弘ですね	Editional	
ひろ	金綱幸弘ですね	Editional	
月	金綱幸弘ですね	Editional	
大山	大山氏ですね	Editional	
義	大山氏ですね	Editional	
子	大山氏ですね	Editional	
佐竹	大山氏ですね	Editional	
家系	大山氏ですね	Editional	
教授	広渡清吾ですね	Editional	
清吾	広渡清吾ですね	Editional	
日本	広渡清吾ですね	Editional	
大学	広渡清吾ですね	Editional	
社会	広渡清吾ですね	Editional	
金子	金子ボクシングジムですね	Editional	
ボクシング	金子ボクシングジムですね	Editional	
ジム	金子ボクシングジムですね	Editional	
チャンピオン	金子ボクシングジムですね	Editional	
東洋	金子ボクシングジムですね	Editional	
武藤	武藤村石ですね	Editional	
村石	武藤村石ですね	Editional	
むら	武藤村石ですね	Editional	
日本	武藤村石ですね	Editional	
漫画	武藤村石ですね	Editional	
堂本	堂本裕貴ですね	Editional	
裕貴	堂本裕貴ですね	Editional	
月	堂本裕貴ですね	Editional	
日本	堂本裕貴ですね	Editional	
漫画	堂本裕貴ですね	Editional	
帝	帝俊ですね	Editional	
女神	帝俊ですね	Editional	
俊	帝俊ですね	Editional	
てい	帝俊ですね	Editional	
しゅん	帝俊ですね	Editional	
吉野	吉野葛ですね	Editional	
葛	吉野葛ですね	Editional	
谷崎	吉野葛ですね	Editional	
月	吉野葛ですね	Editional	
小説	吉野葛ですね	Editional	
大村	大村市立西大村小学校ですね	Editional	
小学校	大村市立西大村小学校ですね	Editional	
市立	大村市立西大村小学校ですね	Editional	
西	大村市立西大村小学校ですね	Editional	
りつ	大村市立西大村小学校ですね	Editional	
洞	南山韓屋村ですね	Editional	
韓	南山韓屋村ですね	Editional	
ソウル	南山韓屋村ですね	Editional	
南山	南山韓屋村ですね	Editional	
伝統	南山韓屋村ですね	Editional	
英語	高本裕迅ですね	Editional	
日本	高本裕迅ですね	Editional	
高本	高本裕迅ですね	Editional	
学会	高本裕迅ですね	Editional	
理事	高本裕迅ですね	Editional	
国際	阿野幸一ですね	Editional	
英語	阿野幸一ですね	Editional	
学校	阿野幸一ですね	Editional	
埼玉	阿野幸一ですね	Editional	
阿野	阿野幸一ですね	Editional	
ヒューズ	エドワード・ロバート・ヒューズですね	Editional	
エドワード	エドワード・ロバート・ヒューズですね	Editional	
ロバート	エドワード・ロバート・ヒューズですね	Editional	
月	エドワード・ロバート・ヒューズですね	Editional	
水彩	エドワード・ロバート・ヒューズですね	Editional	
夏	SEE YOU (松下優也の曲)ですね	Editional	
雪	SEE YOU (松下優也の曲)ですね	Editional	
松下	SEE YOU (松下優也の曲)ですね	Editional	
優	SEE YOU (松下優也の曲)ですね	Editional	
シングル	SEE YOU (松下優也の曲)ですね	Editional	
昆陽	昆陽ですね	Editional	
東	昆陽ですね	Editional	
南	昆陽ですね	Editional	
こ	昆陽ですね	Editional	
伊丹	昆陽ですね	Editional	
秋田	佐藤敬治ですね	Editional	
佐藤	佐藤敬治ですね	Editional	
敬	佐藤敬治ですね	Editional	
月	佐藤敬治ですね	Editional	
日本	佐藤敬治ですね	Editional	
日本	佐藤徳雄ですね	Editional	
福島	佐藤徳雄ですね	Editional	
佐藤	佐藤徳雄ですね	Editional	
徳雄	佐藤徳雄ですね	Editional	
月	佐藤徳雄ですね	Editional	
日本	渡部行雄ですね	Editional	
福島	渡部行雄ですね	Editional	
渡部	渡部行雄ですね	Editional	
行雄	渡部行雄ですね	Editional	
月	渡部行雄ですね	Editional	
議員	草野威ですね	Editional	
公明党	草野威ですね	Editional	
衆議院	草野威ですね	Editional	
月	草野威ですね	Editional	
草野	草野威ですね	Editional	
竹内	竹内勝彦ですね	Editional	
勝彦	竹内勝彦ですね	Editional	
公明党	竹内勝彦ですね	Editional	
京都	竹内勝彦ですね	Editional	
たけ	竹内勝彦ですね	Editional	
リンカーン	リンカーン/秘密の書ですね	Editional	
月	リンカーン/秘密の書ですね	Editional	
バーツ	リンカーン/秘密の書ですね	Editional	
ヘンリー	リンカーン/秘密の書ですね	Editional	
アダム	リンカーン/秘密の書ですね	Editional	
月	玉城栄一ですね	Editional	
玉城	玉城栄一ですね	Editional	
栄一	玉城栄一ですね	Editional	
沖縄	玉城栄一ですね	Editional	
たまき	玉城栄一ですね	Editional	
田口	田口一ですね	Editional	
一	田口一ですね	Editional	
ライト	田口一ですね	Editional	
ノベル	田口一ですね	Editional	
文庫	田口一ですね	Editional	
月	フランコ・ビトッシですね	Editional	
イタリア	フランコ・ビトッシですね	Editional	
出身	フランコ・ビトッシですね	Editional	
自転車	フランコ・ビトッシですね	Editional	
ロードレース	フランコ・ビトッシですね	Editional	
さいたま	彩香 (ユニット)ですね	Editional	
ユニット	彩香 (ユニット)ですね	Editional	
大使	彩香 (ユニット)ですね	Editional	
彩香	彩香 (ユニット)ですね	Editional	
月	彩香 (ユニット)ですね	Editional	
角松	Realize (角松敏生の曲)ですね	Editional	
敏生	Realize (角松敏生の曲)ですね	Editional	
シングル	Realize (角松敏生の曲)ですね	Editional	
曲	Realize (角松敏生の曲)ですね	Editional	
月	Realize (角松敏生の曲)ですね	Editional	
米津	米津玄師ですね	Editional	
曲	米津玄師ですね	Editional	
名義	米津玄師ですね	Editional	
ハチ	米津玄師ですね	Editional	
自分	米津玄師ですね	Editional	
図書館	小布施町立図書館まちとしょテラソですね	Editional	
小布施	小布施町立図書館まちとしょテラソですね	Editional	
平成	小布施町立図書館まちとしょテラソですね	Editional	
月	小布施町立図書館まちとしょテラソですね	Editional	
まち	小布施町立図書館まちとしょテラソですね	Editional	
王	王琳ですね	Editional	
中国	王琳ですね	Editional	
人物	王琳ですね	Editional	
武術	平上信行ですね	Editional	
古流	平上信行ですね	Editional	
秘伝	平上信行ですね	Editional	
平上	平上信行ですね	Editional	
信行	平上信行ですね	Editional	
グラビア	工藤美里ですね	Editional	
アイドル	工藤美里ですね	Editional	
工藤	工藤美里ですね	Editional	
美里	工藤美里ですね	Editional	
芸能	工藤美里ですね	Editional	
競輪	佐久間重光ですね	Editional	
選手	佐久間重光ですね	Editional	
日本	佐久間重光ですね	Editional	
月	佐久間重光ですね	Editional	
学校	佐久間重光ですね	Editional	
ジョージ	ジョージ・ズンザですね	Editional	
俳優	ジョージ・ズンザですね	Editional	
テレビ	ジョージ・ズンザですね	Editional	
月	ジョージ・ズンザですね	Editional	
アメリカ合衆国	ジョージ・ズンザですね	Editional	
アリス	アリス・パウエルですね	Editional	
パウエル	アリス・パウエルですね	Editional	
月	アリス・パウエルですね	Editional	
イギリス	アリス・パウエルですね	Editional	
イングランド	アリス・パウエルですね	Editional	
助川	助川氏ですね	Editional	
秋田	助川氏ですね	Editional	
藤原	助川氏ですね	Editional	
舜	助川氏ですね	Editional	
慶長	助川氏ですね	Editional	
ピーター	ピーター・メンジース・ジュニアですね	Editional	
オーストラリア	ピーター・メンジース・ジュニアですね	Editional	
シドニー	ピーター・メンジース・ジュニアですね	Editional	
出身	ピーター・メンジース・ジュニアですね	Editional	
父	ピーター・メンジース・ジュニアですね	Editional	
ローレンス	ローレンス・ホルトですね	Editional	
月	ローレンス・ホルトですね	Editional	
海運	ローレンス・ホルトですね	Editional	
会社	ローレンス・ホルトですね	Editional	
クルト	ローレンス・ホルトですね	Editional	
橋	轟拳ヤマトですね	Editional	
大艦	轟拳ヤマトですね	Editional	
機体	轟拳ヤマトですね	Editional	
ヤマト	轟拳ヤマトですね	Editional	
日本	轟拳ヤマトですね	Editional	
マーティン	マーティン・ジェイですね	Editional	
ジェイ	マーティン・ジェイですね	Editional	
思想	マーティン・ジェイですね	Editional	
大学	マーティン・ジェイですね	Editional	
アメリカ	マーティン・ジェイですね	Editional	
吸血鬼	ブラッド・クルセイドですね	Editional	
フェイズ	ブラッド・クルセイドですね	Editional	
ダメージ	ブラッド・クルセイドですね	Editional	
特技	ブラッド・クルセイドですね	Editional	
シーン	ブラッド・クルセイドですね	Editional	
月	向原祥隆ですね	Editional	
南方	向原祥隆ですね	Editional	
社	向原祥隆ですね	Editional	
向原	向原祥隆ですね	Editional	
祥	向原祥隆ですね	Editional	
ブライアン	ブライアン・ジェラティですね	Editional	
月	ブライアン・ジェラティですね	Editional	
アメリカ合衆国	ブライアン・ジェラティですね	Editional	
俳優	ブライアン・ジェラティですね	Editional	
ニュージャージー	ブライアン・ジェラティですね	Editional	
政権	ヤン・チェルニーですね	Editional	
官僚	ヤン・チェルニーですね	Editional	
月	ヤン・チェルニーですね	Editional	
首相	ヤン・チェルニーですね	Editional	
ヤン	ヤン・チェルニーですね	Editional	
大田垣	大田垣妙子ですね	Editional	
妙子	大田垣妙子ですね	Editional	
洋裁	大田垣妙子ですね	Editional	
京都	大田垣妙子ですね	Editional	
こ	大田垣妙子ですね	Editional	
平川	平川彩佳ですね	Editional	
彩佳	平川彩佳ですね	Editional	
月	平川彩佳ですね	Editional	
アナウンサー	平川彩佳ですね	Editional	
フリー	平川彩佳ですね	Editional	
世界	赤狩山幸男ですね	Editional	
ボール	赤狩山幸男ですね	Editional	
選手権	赤狩山幸男ですね	Editional	
赤	赤狩山幸男ですね	Editional	
狩山	赤狩山幸男ですね	Editional	
藤原	藤原高仁ですね	Editional	
高	藤原高仁ですね	Editional	
仁	藤原高仁ですね	Editional	
ふじ	藤原高仁ですね	Editional	
わら	藤原高仁ですね	Editional	
月	炎加世子ですね	Editional	
昭和	炎加世子ですね	Editional	
映画	炎加世子ですね	Editional	
松竹	炎加世子ですね	Editional	
東京	炎加世子ですね	Editional	
ポール	ポール・ゴンザルヴェスですね	Editional	
奏者	ポール・ゴンザルヴェスですね	Editional	
月	ポール・ゴンザルヴェスですね	Editional	
ジャズ	ポール・ゴンザルヴェスですね	Editional	
テナー	ポール・ゴンザルヴェスですね	Editional	
上智大学	飯野友幸ですね	Editional	
飯野	飯野友幸ですね	Editional	
友幸	飯野友幸ですね	Editional	
日本	飯野友幸ですね	Editional	
アメリカ	飯野友幸ですね	Editional	
バンド	舩江修ですね	Editional	
修	舩江修ですね	Editional	
月	舩江修ですね	Editional	
音楽	舩江修ですね	Editional	
広島	舩江修ですね	Editional	
菊地	菊地一谷ですね	Editional	
アルバム	菊地一谷ですね	Editional	
月	菊地一谷ですね	Editional	
谷	菊地一谷ですね	Editional	
ソロ	菊地一谷ですね	Editional	
大学院	川村尚也ですね	Editional	
准	川村尚也ですね	Editional	
教授	川村尚也ですね	Editional	
助教授	川村尚也ですね	Editional	
川村	川村尚也ですね	Editional	
東京	中村巌ですね	Editional	
中村	中村巌ですね	Editional	
巌	中村巌ですね	Editional	
月	中村巌ですね	Editional	
弁護士	中村巌ですね	Editional	
月	西中清ですね	Editional	
西中	西中清ですね	Editional	
清	西中清ですね	Editional	
公明党	西中清ですね	Editional	
京都	西中清ですね	Editional	
熊本	春田重昭ですね	Editional	
春田	春田重昭ですね	Editional	
重昭	春田重昭ですね	Editional	
衆議院	春田重昭ですね	Editional	
議員	春田重昭ですね	Editional	
日本	佐藤紘彰ですね	Editional	
アメリカ	佐藤紘彰ですね	Editional	
佐藤	佐藤紘彰ですね	Editional	
紘	佐藤紘彰ですね	Editional	
彰	佐藤紘彰ですね	Editional	
大町	大町新堰発電所ですね	Editional	
堰	大町新堰発電所ですね	Editional	
東京電力	大町新堰発電所ですね	Editional	
水力	大町新堰発電所ですね	Editional	
まち	大町新堰発電所ですね	Editional	
渡邉	渡邉康行ですね	Editional	
康行	渡邉康行ですね	Editional	
憲法	渡邉康行ですね	Editional	
教授	渡邉康行ですね	Editional	
通り	渡邉康行ですね	Editional	
ジャズ	ビリー・ハーパーですね	Editional	
ビリー	ビリー・ハーパーですね	Editional	
ハー	ビリー・ハーパーですね	Editional	
パー	ビリー・ハーパーですね	Editional	
サックス	ビリー・ハーパーですね	Editional	
歌	ママがサンタにキッスしたですね	Editional	
ママ	ママがサンタにキッスしたですね	Editional	
サンタ	ママがサンタにキッスしたですね	Editional	
月	ママがサンタにキッスしたですね	Editional	
クリスマス	ママがサンタにキッスしたですね	Editional	
ナラ	フユナラですね	Editional	
ヨーロッパ	フユナラですね	Editional	
フユ	フユナラですね	Editional	
土壌	フユナラですね	Editional	
葉	フユナラですね	Editional	
奥井	奥井諒ですね	Editional	
諒	奥井諒ですね	Editional	
大宮	奥井諒ですね	Editional	
サイドバック	奥井諒ですね	Editional	
サイド	奥井諒ですね	Editional	
月	ハル・マクシックですね	Editional	
ジョージ	ハル・マクシックですね	Editional	
ラッセル	ハル・マクシックですね	Editional	
アメリカ	ハル・マクシックですね	Editional	
ジャズ	ハル・マクシックですね	Editional	
月	石川知裕ですね	Editional	
北海道	石川知裕ですね	Editional	
民主党	石川知裕ですね	Editional	
石川	石川知裕ですね	Editional	
政治	石川知裕ですね	Editional	
囲碁	羅玄ですね	Editional	
ベスト	羅玄ですね	Editional	
韓国	羅玄ですね	Editional	
選手権	羅玄ですね	Editional	
李	羅玄ですね	Editional	
教授	太田素子ですね	Editional	
太田	太田素子ですね	Editional	
素子	太田素子ですね	Editional	
和光大学	太田素子ですね	Editional	
子宝	太田素子ですね	Editional	
京都大	小山静子ですね	Editional	
教授	小山静子ですね	Editional	
小山	小山静子ですね	Editional	
静子	小山静子ですね	Editional	
日本	小山静子ですね	Editional	
侯	侯テンですね	Editional	
王	侯テンですね	Editional	
陳	侯テンですね	Editional	
軍	侯テンですね	Editional	
景	侯テンですね	Editional	
人物	大岡越前 (ナショナル劇場) の登場人物ですね	Editional	
大岡	大岡越前 (ナショナル劇場) の登場人物ですね	Editional	
越前	大岡越前 (ナショナル劇場) の登場人物ですね	Editional	
レギュラー	大岡越前 (ナショナル劇場) の登場人物ですね	Editional	
ナショナル	大岡越前 (ナショナル劇場) の登場人物ですね	Editional	
王	パチ王伝ですね	Editional	
月	パチ王伝ですね	Editional	
伝	パチ王伝ですね	Editional	
九州	パチ王伝ですね	Editional	
番組	パチ王伝ですね	Editional	
ドイツ	ウィリアム・メルヴィルですね	Editional	
月	ウィリアム・メルヴィルですね	Editional	
情報	ウィリアム・メルヴィルですね	Editional	
アイルランド	ウィリアム・メルヴィルですね	Editional	
ロンドン	ウィリアム・メルヴィルですね	Editional	
リヨン	津留崎直紀ですね	Editional	
国立	津留崎直紀ですね	Editional	
音楽	津留崎直紀ですね	Editional	
オペラ	津留崎直紀ですね	Editional	
室内楽	津留崎直紀ですね	Editional	
場所	山口雅弘ですね	Editional	
月	山口雅弘ですね	Editional	
幕下	山口雅弘ですね	Editional	
相撲	山口雅弘ですね	Editional	
山口	山口雅弘ですね	Editional	
北海道	木原直哉ですね	Editional	
東京大学	木原直哉ですね	Editional	
ポーカー	木原直哉ですね	Editional	
世界	木原直哉ですね	Editional	
選手権	木原直哉ですね	Editional	
デザイナー	太刀川英輔ですね	Editional	
太刀川	太刀川英輔ですね	Editional	
英輔	太刀川英輔ですね	Editional	
個人	太刀川英輔ですね	Editional	
パッケージ	太刀川英輔ですね	Editional	
港	草壁港ですね	Editional	
小豆島	草壁港ですね	Editional	
草壁	草壁港ですね	Editional	
香川	草壁港ですね	Editional	
フェリー	草壁港ですね	Editional	
サム	ARC STYLE: 絶叫原始人 サムの大冒険ですね	Editional	
ステージ	ARC STYLE: 絶叫原始人 サムの大冒険ですね	Editional	
原始	ARC STYLE: 絶叫原始人 サムの大冒険ですね	Editional	
ゲーム	ARC STYLE: 絶叫原始人 サムの大冒険ですね	Editional	
食糧	ARC STYLE: 絶叫原始人 サムの大冒険ですね	Editional	
豊原	豊原路子ですね	Editional	
昭和	豊原路子ですね	Editional	
路子	豊原路子ですね	Editional	
マン	豊原路子ですね	Editional	
映画	豊原路子ですね	Editional	
うらら	春妃うららですね	Editional	
春	春妃うららですね	Editional	
月	春妃うららですね	Editional	
宝塚歌劇団	春妃うららですね	Editional	
花	春妃うららですね	Editional	
投手	大石昌義ですね	Editional	
現役	大石昌義ですね	Editional	
打撃	大石昌義ですね	Editional	
大石	大石昌義ですね	Editional	
昌義	大石昌義ですね	Editional	
中国	橘樸ですね	Editional	
橘	橘樸ですね	Editional	
新聞	橘樸ですね	Editional	
月	橘樸ですね	Editional	
日本	橘樸ですね	Editional	
藤原	藤原保蔭ですね	Editional	
保	藤原保蔭ですね	Editional	
蔭	藤原保蔭ですね	Editional	
貞	藤原保蔭ですね	Editional	
相模	藤原保蔭ですね	Editional	
月	ジョナサン・ビクター・バロスですね	Editional	
王座	ジョナサン・ビクター・バロスですね	Editional	
フェザー	ジョナサン・ビクター・バロスですね	Editional	
世界	ジョナサン・ビクター・バロスですね	Editional	
負け	ジョナサン・ビクター・バロスですね	Editional	
郵便	久山郵便局ですね	Editional	
久山	久山郵便局ですね	Editional	
福岡	久山郵便局ですね	Editional	
糟屋	久山郵便局ですね	Editional	
民営	久山郵便局ですね	Editional	
大村	大村市立図書館ですね	Editional	
市立	大村市立図書館ですね	Editional	
図書館	大村市立図書館ですね	Editional	
りつ	大村市立図書館ですね	Editional	
しょ	大村市立図書館ですね	Editional	
月	伏屋修治ですね	Editional	
伏屋	伏屋修治ですね	Editional	
修治	伏屋修治ですね	Editional	
岐阜	伏屋修治ですね	Editional	
しゅう	伏屋修治ですね	Editional	
衆議院	吉浦忠治ですね	Editional	
議員	吉浦忠治ですね	Editional	
吉浦	吉浦忠治ですね	Editional	
忠治	吉浦忠治ですね	Editional	
月	吉浦忠治ですね	Editional	
森田	森田景一ですね	Editional	
景	森田景一ですね	Editional	
月	森田景一ですね	Editional	
塩谷	森田景一ですね	Editional	
千葉	森田景一ですね	Editional	
月	ハル (DD-350)ですね	Editional	
ハル	ハル (DD-350)ですね	Editional	
任務	ハル (DD-350)ですね	Editional	
真珠湾	ハル (DD-350)ですね	Editional	
部隊	ハル (DD-350)ですね	Editional	
機長	日本航空アンカレッジ墜落事故ですね	Editional	
事故	日本航空アンカレッジ墜落事故ですね	Editional	
アン	日本航空アンカレッジ墜落事故ですね	Editional	
カレッジ	日本航空アンカレッジ墜落事故ですね	Editional	
クルー	日本航空アンカレッジ墜落事故ですね	Editional	
藪	藪仲義彦ですね	Editional	
仲	藪仲義彦ですね	Editional	
義彦	藪仲義彦ですね	Editional	
政治	藪仲義彦ですね	Editional	
公明党	藪仲義彦ですね	Editional	
郵便	宇美本町郵便局ですね	Editional	
宇美	宇美本町郵便局ですね	Editional	
糟屋	宇美本町郵便局ですね	Editional	
本町	宇美本町郵便局ですね	Editional	
業務	宇美本町郵便局ですね	Editional	
チェロ	マーティン・スタンツェライトですね	Editional	
奏者	マーティン・スタンツェライトですね	Editional	
広島	マーティン・スタンツェライトですね	Editional	
ドイツ	マーティン・スタンツェライトですね	Editional	
交響	マーティン・スタンツェライトですね	Editional	
日本	森田次夫ですね	Editional	
参議院	森田次夫ですね	Editional	
議員	森田次夫ですね	Editional	
遺族	森田次夫ですね	Editional	
森田	森田次夫ですね	Editional	
作家	ヘレン・マクロイですね	Editional	
ヘレン	ヘレン・マクロイですね	Editional	
作品	ヘレン・マクロイですね	Editional	
月	ヘレン・マクロイですね	Editional	
ニューヨーク	ヘレン・マクロイですね	Editional	
スチュアート	スチュアート・リトル3 森の仲間と大冒険ですね	Editional	
リトル	スチュアート・リトル3 森の仲間と大冒険ですね	Editional	
森	スチュアート・リトル3 森の仲間と大冒険ですね	Editional	
仲間	スチュアート・リトル3 森の仲間と大冒険ですね	Editional	
月	スチュアート・リトル3 森の仲間と大冒険ですね	Editional	
レース	ジェームズ・ヒンチクリフですね	Editional	
シーズン	ジェームズ・ヒンチクリフですね	Editional	
インディ	ジェームズ・ヒンチクリフですね	Editional	
ランキング	ジェームズ・ヒンチクリフですね	Editional	
シリーズ	ジェームズ・ヒンチクリフですね	Editional	
山岳	村口徳行ですね	Editional	
日本	村口徳行ですね	Editional	
エベレスト	村口徳行ですね	Editional	
村口	村口徳行ですね	Editional	
カメラマン	村口徳行ですね	Editional	
市山	市山流ですね	Editional	
流派	市山流ですね	Editional	
松	市山流ですね	Editional	
いち	市山流ですね	Editional	
りゅう	市山流ですね	Editional	
延喜	藤原道明ですね	Editional	
藤原	藤原道明ですね	Editional	
左	藤原道明ですね	Editional	
右	藤原道明ですね	Editional	
月	藤原道明ですね	Editional	
ハリー	ハリー・ペイですね	Editional	
ペイ	ハリー・ペイですね	Editional	
フランス	ハリー・ペイですね	Editional	
プール	ハリー・ペイですね	Editional	
スペイン	ハリー・ペイですね	Editional	
弘安	弘安徳政ですね	Editional	
月	弘安徳政ですね	Editional	
幕府	弘安徳政ですね	Editional	
鎌倉	弘安徳政ですね	Editional	
権力	弘安徳政ですね	Editional	
四日市	九鬼紋十郎ですね	Editional	
九鬼	九鬼紋十郎ですね	Editional	
昭和	九鬼紋十郎ですね	Editional	
紋	九鬼紋十郎ですね	Editional	
議員	九鬼紋十郎ですね	Editional	
陳	陳昌 (南朝陳)ですね	Editional	
昌	陳昌 (南朝陳)ですね	Editional	
帝	陳昌 (南朝陳)ですね	Editional	
侯	陳昌 (南朝陳)ですね	Editional	
景	陳昌 (南朝陳)ですね	Editional	
丘	氷堆丘ですね	Editional	
氷	氷堆丘ですね	Editional	
氷河	氷堆丘ですね	Editional	
砂礫	氷堆丘ですね	Editional	
複数	氷堆丘ですね	Editional	
王	王勇ですね	Editional	
勇	王勇ですね	Editional	
中国	王勇ですね	Editional	
人物	王勇ですね	Editional	
陳	王勇 (陳)ですね	Editional	
王	王勇 (陳)ですね	Editional	
勇	王勇 (陳)ですね	Editional	
刺史	王勇 (陳)ですね	Editional	
隋	王勇 (陳)ですね	Editional	
松田	松田大志郎ですね	Editional	
大志	松田大志郎ですね	Editional	
郎	松田大志郎ですね	Editional	
福岡	松田大志郎ですね	Editional	
まつ	松田大志郎ですね	Editional	
薬学	ピエール＝ジョセフ・ペルティエですね	Editional	
パリ	ピエール＝ジョセフ・ペルティエですね	Editional	
ピエール	ピエール＝ジョセフ・ペルティエですね	Editional	
化学	ピエール＝ジョセフ・ペルティエですね	Editional	
ジョセフ	ピエール＝ジョセフ・ペルティエですね	Editional	
大澤	大澤暉男ですね	Editional	
暉	大澤暉男ですね	Editional	
男	大澤暉男ですね	Editional	
日本	大澤暉男ですね	Editional	
映画	大澤暉男ですね	Editional	
稲尾	稲尾律子ですね	Editional	
律子	稲尾律子ですね	Editional	
りつこ	稲尾律子ですね	Editional	
月	稲尾律子ですね	Editional	
日本	稲尾律子ですね	Editional	
安原	安原和雄ですね	Editional	
和雄	安原和雄ですね	Editional	
科学	玉木久夫ですね	Editional	
玉木	玉木久夫ですね	Editional	
久夫	玉木久夫ですね	Editional	
トロント	玉木久夫ですね	Editional	
大学	玉木久夫ですね	Editional	
吉沢	吉沢氏ですね	Editional	
名	吉沢氏ですね	Editional	
本姓	吉沢氏ですね	Editional	
信濃	吉沢氏ですね	Editional	
家臣	吉沢氏ですね	Editional	
早稲田大学	中野幸一ですね	Editional	
教授	中野幸一ですね	Editional	
文学	中野幸一ですね	Editional	
中野	中野幸一ですね	Editional	
幸一	中野幸一ですね	Editional	
陳	陳昌ですね	Editional	
昌	陳昌ですね	Editional	
硯	陶硯ですね	Editional	
陶	陶硯ですね	Editional	
石	陶硯ですね	Editional	
墨	陶硯ですね	Editional	
時代	陶硯ですね	Editional	
鈴木	鈴木弥栄子ですね	Editional	
弥栄子	鈴木弥栄子ですね	Editional	
すずき	鈴木弥栄子ですね	Editional	
やえ	鈴木弥栄子ですね	Editional	
こ	鈴木弥栄子ですね	Editional	
作品	ジョゼフ・ウォンボーですね	Editional	
原題	ジョゼフ・ウォンボーですね	Editional	
警察	ジョゼフ・ウォンボーですね	Editional	
ウォン	ジョゼフ・ウォンボーですね	Editional	
ボー	ジョゼフ・ウォンボーですね	Editional	
森林	遠山森林鉄道ですね	Editional	
鉄道	遠山森林鉄道ですね	Editional	
遠山	遠山森林鉄道ですね	Editional	
長野	遠山森林鉄道ですね	Editional	
最盛	遠山森林鉄道ですね	Editional	
日高	日高ターミナルですね	Editional	
ターミナル	日高ターミナルですね	Editional	
ひだ	日高ターミナルですね	Editional	
北海道	日高ターミナルですね	Editional	
沙流	日高ターミナルですね	Editional	
芒	徳宏芒市空港ですね	Editional	
空港	徳宏芒市空港ですね	Editional	
市	徳宏芒市空港ですね	Editional	
徳	徳宏芒市空港ですね	Editional	
宏	徳宏芒市空港ですね	Editional	
手島	手島史詞ですね	Editional	
詞	手島史詞ですね	Editional	
月	手島史詞ですね	Editional	
日本	手島史詞ですね	Editional	
ファンタジア	手島史詞ですね	Editional	
消防署	神田消防署ですね	Editional	
神田	神田消防署ですね	Editional	
出張所	神田消防署ですね	Editional	
東京	神田消防署ですね	Editional	
千代田	神田消防署ですね	Editional	
張	張詩清ですね	Editional	
詩	張詩清ですね	Editional	
清	張詩清ですね	Editional	
ちょう	張詩清ですね	Editional	
きよし	張詩清ですね	Editional	
テッド	テッド・リンジー賞ですね	Editional	
選手	テッド・リンジー賞ですね	Editional	
シーズン	テッド・リンジー賞ですね	Editional	
最優秀	テッド・リンジー賞ですね	Editional	
プロ	テッド・リンジー賞ですね	Editional	
深沢	深沢氏ですね	Editional	
源	深沢氏ですね	Editional	
祖	深沢氏ですね	Editional	
三男	深沢氏ですね	Editional	
水戸	深沢氏ですね	Editional	
町	ヴァイマル (ラーン)ですね	Editional	
地区	ヴァイマル (ラーン)ですね	Editional	
教会	ヴァイマル (ラーン)ですね	Editional	
ヴァイ	ヴァイマル (ラーン)ですね	Editional	
マル	ヴァイマル (ラーン)ですね	Editional	
平取	平取町立二風谷小学校ですね	Editional	
二風谷	平取町立二風谷小学校ですね	Editional	
小学校	平取町立二風谷小学校ですね	Editional	
町立	平取町立二風谷小学校ですね	Editional	
びら	平取町立二風谷小学校ですね	Editional	
科学	石川幹人ですね	Editional	
情報	石川幹人ですね	Editional	
石川	石川幹人ですね	Editional	
心理	石川幹人ですね	Editional	
教授	石川幹人ですね	Editional	
峡	宜昌三峡空港ですね	Editional	
昌三	宜昌三峡空港ですね	Editional	
空港	宜昌三峡空港ですね	Editional	
昌	宜昌三峡空港ですね	Editional	
月	宜昌三峡空港ですね	Editional	
ヴァイオリン	陳昌鉉ですね	Editional	
月	陳昌鉉ですね	Editional	
アメリカ	陳昌鉉ですね	Editional	
木曽福島	陳昌鉉ですね	Editional	
木曽	陳昌鉉ですね	Editional	
長崎	長崎市立小島中学校ですね	Editional	
中学校	長崎市立小島中学校ですね	Editional	
市立	長崎市立小島中学校ですね	Editional	
小島	長崎市立小島中学校ですね	Editional	
まち	長崎市立小島中学校ですね	Editional	
木島	木島則夫ハプニングショーですね	Editional	
則夫	木島則夫ハプニングショーですね	Editional	
ハプニング	木島則夫ハプニングショーですね	Editional	
番組	木島則夫ハプニングショーですね	Editional	
ショー	木島則夫ハプニングショーですね	Editional	
徐	徐州観音空港ですね	Editional	
空港	徐州観音空港ですね	Editional	
観音	徐州観音空港ですね	Editional	
江蘇	徐州観音空港ですね	Editional	
月	徐州観音空港ですね	Editional	
海軍	エドワード・モンタギュー (初代サンドウィッチ伯爵)ですね	Editional	
伯爵	エドワード・モンタギュー (初代サンドウィッチ伯爵)ですね	Editional	
イングランド	エドワード・モンタギュー (初代サンドウィッチ伯爵)ですね	Editional	
オランダ	エドワード・モンタギュー (初代サンドウィッチ伯爵)ですね	Editional	
月	エドワード・モンタギュー (初代サンドウィッチ伯爵)ですね	Editional	
民	劉翰東ですね	Editional	
砲兵	劉翰東ですね	Editional	
陸軍	劉翰東ですね	Editional	
東北	劉翰東ですね	Editional	
劉	劉翰東ですね	Editional	
声優	三上遥香ですね	Editional	
三上	三上遥香ですね	Editional	
遥香	三上遥香ですね	Editional	
月	三上遥香ですね	Editional	
ユニット	三上遥香ですね	Editional	
川村	川村イタキシロマですね	Editional	
アイヌ	川村イタキシロマですね	Editional	
カ子	川村イタキシロマですね	Editional	
コタン	川村イタキシロマですね	Editional	
民族	川村イタキシロマですね	Editional	
フレッド	フレッド・ジャクソンですね	Editional	
ジャクソン	フレッド・ジャクソンですね	Editional	
奏者	フレッド・ジャクソンですね	Editional	
アルバム	フレッド・ジャクソンですね	Editional	
ジャズ	フレッド・ジャクソンですね	Editional	
声優	森千早都ですね	Editional	
森	森千早都ですね	Editional	
千早	森千早都ですね	Editional	
月	森千早都ですね	Editional	
ユニット	森千早都ですね	Editional	
声優	古木のぞみですね	Editional	
のぞみ	古木のぞみですね	Editional	
月	古木のぞみですね	Editional	
マウス	古木のぞみですね	Editional	
プロモーション	古木のぞみですね	Editional	
ステファン	ステファン・アンデルセンですね	Editional	
アンデルセン	ステファン・アンデルセンですね	Editional	
デンマーク	ステファン・アンデルセンですね	Editional	
月	ステファン・アンデルセンですね	Editional	
コペンハーゲン	ステファン・アンデルセンですね	Editional	
大学	クラウス・シュテルンですね	Editional	
憲法	クラウス・シュテルンですね	Editional	
ドイツ	クラウス・シュテルンですね	Editional	
教授	クラウス・シュテルンですね	Editional	
国法	クラウス・シュテルンですね	Editional	
声優	藤村鼓乃美ですね	Editional	
福岡	藤村鼓乃美ですね	Editional	
ユニット	藤村鼓乃美ですね	Editional	
藤村	藤村鼓乃美ですね	Editional	
鼓	藤村鼓乃美ですね	Editional	
映画	岩瀬亮ですね	Editional	
岩瀬	岩瀬亮ですね	Editional	
亮	岩瀬亮ですね	Editional	
りょう	岩瀬亮ですね	Editional	
月	岩瀬亮ですね	Editional	
銀行	ジェームズ・ダイモンですね	Editional	
月	ジェームズ・ダイモンですね	Editional	
最高	ジェームズ・ダイモンですね	Editional	
責任	ジェームズ・ダイモンですね	Editional	
資金	ジェームズ・ダイモンですね	Editional	
儀	儀武剛ですね	Editional	
武	儀武剛ですね	Editional	
金武	儀武剛ですね	Editional	
剛	儀武剛ですね	Editional	
沖縄	儀武剛ですね	Editional	
小針	伊奈町立小針中学校ですね	Editional	
中学校	伊奈町立小針中学校ですね	Editional	
男子	伊奈町立小針中学校ですね	Editional	
陸上	伊奈町立小針中学校ですね	Editional	
伊奈	伊奈町立小針中学校ですね	Editional	
マツ	萩原の大笠マツですね	Editional	
枝	萩原の大笠マツですね	Editional	
萩原	萩原の大笠マツですね	Editional	
笠	萩原の大笠マツですね	Editional	
藩主	萩原の大笠マツですね	Editional	
トランペット	テッド・カーソンですね	Editional	
月	テッド・カーソンですね	Editional	
映画	テッド・カーソンですね	Editional	
テッド	テッド・カーソンですね	Editional	
アメリカ	テッド・カーソンですね	Editional	
松井	松井三郎 (環境工学者)ですね	Editional	
三郎	松井三郎 (環境工学者)ですね	Editional	
環境	松井三郎 (環境工学者)ですね	Editional	
工学	松井三郎 (環境工学者)ですね	Editional	
まつい	松井三郎 (環境工学者)ですね	Editional	
里奈	初芽里奈ですね	Editional	
月	初芽里奈ですね	Editional	
芽	初芽里奈ですね	Editional	
女優	初芽里奈ですね	Editional	
カプセル	初芽里奈ですね	Editional	
音楽	山内盛彬ですね	Editional	
沖縄	山内盛彬ですね	Editional	
琉球	山内盛彬ですね	Editional	
盛	山内盛彬ですね	Editional	
王	山内盛彬ですね	Editional	
アリ	アリエル・ピンクですね	Editional	
エル	アリエル・ピンクですね	Editional	
ピンク	アリエル・ピンクですね	Editional	
アルバム	アリエル・ピンクですね	Editional	
月	アリエル・ピンクですね	Editional	
ホーム	リンダ・ドブソンですね	Editional	
スクーリング	リンダ・ドブソンですね	Editional	
ニューヨーク	リンダ・ドブソンですね	Editional	
子ども	リンダ・ドブソンですね	Editional	
リンダ	リンダ・ドブソンですね	Editional	
月	モハメド・サラーですね	Editional	
ゴール	モハメド・サラーですね	Editional	
リーグ	モハメド・サラーですね	Editional	
シーズン	モハメド・サラーですね	Editional	
選手	モハメド・サラーですね	Editional	
月	ニック・パウエルですね	Editional	
チーム	ニック・パウエルですね	Editional	
クルー	ニック・パウエルですね	Editional	
リーグ	ニック・パウエルですね	Editional	
ゴール	ニック・パウエルですね	Editional	
端島	高島町立端島小学校・中学校ですね	Editional	
高島	高島町立端島小学校・中学校ですね	Editional	
町立	高島町立端島小学校・中学校ですね	Editional	
小学校	高島町立端島小学校・中学校ですね	Editional	
中学校	高島町立端島小学校・中学校ですね	Editional	
アンナ	アンナとロッテですね	Editional	
ロッテ	アンナとロッテですね	Editional	
オランダ	アンナとロッテですね	Editional	
映画	アンナとロッテですね	Editional	
ナチス	アンナとロッテですね	Editional	
高岡	高岡砺波スマートインターチェンジですね	Editional	
砺波	高岡砺波スマートインターチェンジですね	Editional	
スマート	高岡砺波スマートインターチェンジですね	Editional	
高速	高岡砺波スマートインターチェンジですね	Editional	
富山	高岡砺波スマートインターチェンジですね	Editional	
元子	藤原元子ですね	Editional	
月	藤原元子ですね	Editional	
藤原	藤原元子ですね	Editional	
堀河	藤原元子ですね	Editional	
頼	藤原元子ですね	Editional	
井岡	井岡一翔 対 八重樫東戦ですね	Editional	
月	井岡一翔 対 八重樫東戦ですね	Editional	
王者	井岡一翔 対 八重樫東戦ですね	Editional	
王座	井岡一翔 対 八重樫東戦ですね	Editional	
世界	井岡一翔 対 八重樫東戦ですね	Editional	
月	ジャン＝フランソワ・パロですね	Editional	
パリ	ジャン＝フランソワ・パロですね	Editional	
フランス	ジャン＝フランソワ・パロですね	Editional	
映画	ジャン＝フランソワ・パロですね	Editional	
警察	ジャン＝フランソワ・パロですね	Editional	
藤原	藤原延子ですね	Editional	
延子	藤原延子ですね	Editional	
番組	前川清の笑顔まんてんタビ好キですね	Editional	
前川	前川清の笑顔まんてんタビ好キですね	Editional	
ネット	前川清の笑顔まんてんタビ好キですね	Editional	
九州	前川清の笑顔まんてんタビ好キですね	Editional	
系列	前川清の笑顔まんてんタビ好キですね	Editional	
建	源通子ですね	Editional	
源	源通子ですね	Editional	
久	源通子ですね	Editional	
嵯峨天皇	源通子ですね	Editional	
保	源通子ですね	Editional	
源	源通宗ですね	Editional	
建	源通宗ですね	Editional	
通	源通宗ですね	Editional	
宗	源通宗ですね	Editional	
官位	源通宗ですね	Editional	
ディーン	DEAN/ディーンですね	Editional	
原題	DEAN/ディーンですね	Editional	
アメリカ合衆国	DEAN/ディーンですね	Editional	
テレビ	DEAN/ディーンですね	Editional	
映画	DEAN/ディーンですね	Editional	
蓮池	蓮池潭ですね	Editional	
清朝	蓮池潭ですね	Editional	
時代	蓮池潭ですね	Editional	
民	蓮池潭ですね	Editional	
寺院	蓮池潭ですね	Editional	
アーサー	アーサー・ピューティーは夜の魔女ですね	Editional	
魔女	アーサー・ピューティーは夜の魔女ですね	Editional	
世界	アーサー・ピューティーは夜の魔女ですね	Editional	
木々	アーサー・ピューティーは夜の魔女ですね	Editional	
津	アーサー・ピューティーは夜の魔女ですね	Editional	
信号	森信号所ですね	Editional	
森	森信号所ですね	Editional	
交野	森信号所ですね	Editional	
私市	森信号所ですね	Editional	
複線	森信号所ですね	Editional	
原画	片桐雛太ですね	Editional	
片桐	片桐雛太ですね	Editional	
雛	片桐雛太ですね	Editional	
イラストレーター	片桐雛太ですね	Editional	
太	片桐雛太ですね	Editional	
日本	石母田達ですね	Editional	
石母田	石母田達ですね	Editional	
共産党	石母田達ですね	Editional	
正	石母田達ですね	Editional	
委員	石母田達ですね	Editional	
月	本村康祐ですね	Editional	
西岡	本村康祐ですね	Editional	
本村	本村康祐ですね	Editional	
動画	本村康祐ですね	Editional	
康祐	本村康祐ですね	Editional	
韓国	呉載元ですね	Editional	
プロ	呉載元ですね	Editional	
野球	呉載元ですね	Editional	
呉	呉載元ですね	Editional	
月	呉載元ですね	Editional	
塩尻	塩尻市立図書館ですね	Editional	
図書館	塩尻市立図書館ですね	Editional	
市立	塩尻市立図書館ですね	Editional	
平成	塩尻市立図書館ですね	Editional	
昭和	塩尻市立図書館ですね	Editional	
吉田	吉田文憲ですね	Editional	
文	吉田文憲ですね	Editional	
憲	吉田文憲ですね	Editional	
賢治	吉田文憲ですね	Editional	
ふみ	吉田文憲ですね	Editional	
昭和	渡辺四郎ですね	Editional	
福岡	渡辺四郎ですね	Editional	
平成	渡辺四郎ですね	Editional	
渡辺	渡辺四郎ですね	Editional	
四郎	渡辺四郎ですね	Editional	
胆振	胆振幌別川ですね	Editional	
幌別川	胆振幌別川ですね	Editional	
室蘭	胆振幌別川ですね	Editional	
工業	胆振幌別川ですね	Editional	
用水	胆振幌別川ですね	Editional	
佐々木	佐々木和宏ですね	Editional	
和宏	佐々木和宏ですね	Editional	
コンサルタント	佐々木和宏ですね	Editional	
プランナー	佐々木和宏ですね	Editional	
政治	佐々木和宏ですね	Editional	
参院	山田俊昭ですね	Editional	
山田	山田俊昭ですね	Editional	
俊昭	山田俊昭ですね	Editional	
二院クラブ	山田俊昭ですね	Editional	
弁護士	山田俊昭ですね	Editional	
鈴木	鈴木秀香ですね	Editional	
秀	鈴木秀香ですね	Editional	
香	鈴木秀香ですね	Editional	
すずき	鈴木秀香ですね	Editional	
ひで	鈴木秀香ですね	Editional	
月	ブラッド・エルドレッドですね	Editional	
本塁打	ブラッド・エルドレッドですね	Editional	
打点	ブラッド・エルドレッドですね	Editional	
打率	ブラッド・エルドレッドですね	Editional	
野村	ブラッド・エルドレッドですね	Editional	
杉原	杉原光輪子ですね	Editional	
光輪子	杉原光輪子ですね	Editional	
女優	杉原光輪子ですね	Editional	
月	杉原光輪子ですね	Editional	
日本	杉原光輪子ですね	Editional	
政治	成瀬守重ですね	Editional	
理事	成瀬守重ですね	Editional	
成瀬	成瀬守重ですね	Editional	
守重	成瀬守重ですね	Editional	
参議院	成瀬守重ですね	Editional	
参議院	足立良平ですね	Editional	
議員	足立良平ですね	Editional	
会長	足立良平ですね	Editional	
足立	足立良平ですね	Editional	
良平	足立良平ですね	Editional	
笹川	事実 (笹川美和のアルバム)ですね	Editional	
美和	事実 (笹川美和のアルバム)ですね	Editional	
アルバム	事実 (笹川美和のアルバム)ですね	Editional	
スタジオ	事実 (笹川美和のアルバム)ですね	Editional	
林	事実 (笹川美和のアルバム)ですね	Editional	
月	寺崎昭久ですね	Editional	
参議院	寺崎昭久ですね	Editional	
議員	寺崎昭久ですね	Editional	
寺崎	寺崎昭久ですね	Editional	
昭久	寺崎昭久ですね	Editional	
岩橋	岩橋道子ですね	Editional	
道子	岩橋道子ですね	Editional	
はし	岩橋道子ですね	Editional	
みちこ	岩橋道子ですね	Editional	
月	岩橋道子ですね	Editional	
金澤	金澤美穂ですね	Editional	
美穂	金澤美穂ですね	Editional	
女優	金澤美穂ですね	Editional	
かな	金澤美穂ですね	Editional	
みほ	金澤美穂ですね	Editional	
参議院	日下部禧代子ですね	Editional	
議員	日下部禧代子ですね	Editional	
理事	日下部禧代子ですね	Editional	
社会民主党	日下部禧代子ですね	Editional	
大学	日下部禧代子ですね	Editional	
郡	ジャクソン郡 (テキサス州)ですね	Editional	
人口	ジャクソン郡 (テキサス州)ですね	Editional	
ジャクソン	ジャクソン郡 (テキサス州)ですね	Editional	
テキサス	ジャクソン郡 (テキサス州)ですね	Editional	
アメリカ合衆国	ジャクソン郡 (テキサス州)ですね	Editional	
月	山崎真実ですね	Editional	
山崎	山崎真実ですね	Editional	
真実	山崎真実ですね	Editional	
マガジン	山崎真実ですね	Editional	
番組	山崎真実ですね	Editional	
ヤング	池上紗理依ですね	Editional	
グラビア	池上紗理依ですね	Editional	
アイドル	池上紗理依ですね	Editional	
月	池上紗理依ですね	Editional	
チャンピオン	池上紗理依ですね	Editional	
委員	谷本巍ですね	Editional	
日本	谷本巍ですね	Editional	
参議院	谷本巍ですね	Editional	
議員	谷本巍ですね	Editional	
農民	谷本巍ですね	Editional	
参議院	三重野栄子ですね	Editional	
昭和	三重野栄子ですね	Editional	
月	三重野栄子ですね	Editional	
議員	三重野栄子ですね	Editional	
福岡	三重野栄子ですね	Editional	
アイドル	森実咲ですね	Editional	
月	森実咲ですね	Editional	
グループ	森実咲ですね	Editional	
森	森実咲ですね	Editional	
実咲	森実咲ですね	Editional	
月	ジョージ・マンク (初代アルベマール公)ですね	Editional	
イングランド	ジョージ・マンク (初代アルベマール公)ですね	Editional	
オランダ	ジョージ・マンク (初代アルベマール公)ですね	Editional	
チャールズ	ジョージ・マンク (初代アルベマール公)ですね	Editional	
スコットランド	ジョージ・マンク (初代アルベマール公)ですね	Editional	
月	永井里菜ですね	Editional	
アイドル	永井里菜ですね	Editional	
メンバー	永井里菜ですね	Editional	
グループ	永井里菜ですね	Editional	
永井	永井里菜ですね	Editional	
宮沢	宮沢くるみですね	Editional	
くるみ	宮沢くるみですね	Editional	
アイドル	宮沢くるみですね	Editional	
グループ	宮沢くるみですね	Editional	
月	宮沢くるみですね	Editional	
アイドル	吉田未来ですね	Editional	
月	吉田未来ですね	Editional	
グループ	吉田未来ですね	Editional	
吉田	吉田未来ですね	Editional	
未来	吉田未来ですね	Editional	
海軍	川島立男ですね	Editional	
川島	川島立男ですね	Editional	
月	川島立男ですね	Editional	
日本	川島立男ですね	Editional	
艦長	川島立男ですね	Editional	
映画	アンナ・カレーニナ (2012年の映画)ですね	Editional	
ジョー	アンナ・カレーニナ (2012年の映画)ですね	Editional	
ライト	アンナ・カレーニナ (2012年の映画)ですね	Editional	
舞台	アンナ・カレーニナ (2012年の映画)ですね	Editional	
振付	アンナ・カレーニナ (2012年の映画)ですね	Editional	
ウー	ウーロン島ですね	Editional	
ロン	ウーロン島ですね	Editional	
島	ウーロン島ですね	Editional	
水路	ウーロン島ですね	Editional	
パラオ	ウーロン島ですね	Editional	
選手権	今村元気ですね	Editional	
平泳ぎ	今村元気ですね	Editional	
日本	今村元気ですね	Editional	
月	今村元気ですね	Editional	
大会	今村元気ですね	Editional	
尾小屋	小松市立ポッポ汽車展示館ですね	Editional	
鉄道	小松市立ポッポ汽車展示館ですね	Editional	
鉱山	小松市立ポッポ汽車展示館ですね	Editional	
小松	小松市立ポッポ汽車展示館ですね	Editional	
ポッポ	小松市立ポッポ汽車展示館ですね	Editional	
佐	佐久川かおりですね	Editional	
久川	佐久川かおりですね	Editional	
月	佐久川かおりですね	Editional	
沖縄	佐久川かおりですね	Editional	
かおり	佐久川かおりですね	Editional	
庭園	旧齋藤家別邸ですね	Editional	
齋藤	旧齋藤家別邸ですね	Editional	
新潟	旧齋藤家別邸ですね	Editional	
別邸	旧齋藤家別邸ですね	Editional	
平成	旧齋藤家別邸ですね	Editional	
新潟	旧小澤家住宅ですね	Editional	
小澤	旧小澤家住宅ですね	Editional	
住宅	旧小澤家住宅ですね	Editional	
文化財	旧小澤家住宅ですね	Editional	
時代	旧小澤家住宅ですね	Editional	
月	成田緑夢ですね	Editional	
スノーボード	成田緑夢ですね	Editional	
成田	成田緑夢ですね	Editional	
夢	成田緑夢ですね	Editional	
障害	成田緑夢ですね	Editional	
パラリンピック	荒井のり子ですね	Editional	
大会	荒井のり子ですね	Editional	
金メダル	荒井のり子ですね	Editional	
銀メダル	荒井のり子ですね	Editional	
車椅子	荒井のり子ですね	Editional	
秋	秋島百合子ですね	Editional	
百合子	秋島百合子ですね	Editional	
東京	秋島百合子ですね	Editional	
ロンドン	秋島百合子ですね	Editional	
イギリス	秋島百合子ですね	Editional	
実利	林実利ですね	Editional	
月	林実利ですね	Editional	
祭礼	林実利ですね	Editional	
信者	林実利ですね	Editional	
修験	林実利ですね	Editional	
ステージ	ナセル・ブアニですね	Editional	
選手	ナセル・ブアニですね	Editional	
ビッグ	ナセル・ブアニですね	Editional	
マット	ナセル・ブアニですね	Editional	
プロ	ナセル・ブアニですね	Editional	
ブラウン	ジョン・ブラウン (医師)ですね	Editional	
カレン	ジョン・ブラウン (医師)ですね	Editional	
医療	ジョン・ブラウン (医師)ですね	Editional	
医学	ジョン・ブラウン (医師)ですね	Editional	
医師	ジョン・ブラウン (医師)ですね	Editional	
溝口	溝口貴紀ですね	Editional	
貴紀	溝口貴紀ですね	Editional	
月	溝口貴紀ですね	Editional	
小説	溝口貴紀ですね	Editional	
名義	溝口貴紀ですね	Editional	
エジプト	エリザベス・ピーターズですね	Editional	
名	エリザベス・ピーターズですね	Editional	
エリザベス	エリザベス・ピーターズですね	Editional	
月	エリザベス・ピーターズですね	Editional	
古代	エリザベス・ピーターズですね	Editional	
原田	原田和恵ですね	Editional	
和恵	原田和恵ですね	Editional	
かずえ	原田和恵ですね	Editional	
磯村	磯村春子ですね	Editional	
記者	磯村春子ですね	Editional	
明治	磯村春子ですね	Editional	
月	磯村春子ですね	Editional	
新聞	磯村春子ですね	Editional	
資格	原田和恵 (タレント)ですね	Editional	
原田	原田和恵 (タレント)ですね	Editional	
和恵	原田和恵 (タレント)ですね	Editional	
タレント	原田和恵 (タレント)ですね	Editional	
日本	原田和恵 (タレント)ですね	Editional	
月	ビリー・パイパーですね	Editional	
ドクター	ビリー・パイパーですね	Editional	
シングル	ビリー・パイパーですね	Editional	
シリーズ	ビリー・パイパーですね	Editional	
パイパー	ビリー・パイパーですね	Editional	
カンボジア	高田晴行ですね	Editional	
警察官	高田晴行ですね	Editional	
高田	高田晴行ですね	Editional	
文民	高田晴行ですね	Editional	
警察	高田晴行ですね	Editional	
俳優	志尊淳ですね	Editional	
志	志尊淳ですね	Editional	
尊	志尊淳ですね	Editional	
淳	志尊淳ですね	Editional	
月	志尊淳ですね	Editional	
喜	燕喜館ですね	Editional	
燕	燕喜館ですね	Editional	
新潟	燕喜館ですね	Editional	
白山	燕喜館ですね	Editional	
公園	燕喜館ですね	Editional	
新津	新津記念館ですね	Editional	
新潟	新津記念館ですね	Editional	
迎賓館	新津記念館ですね	Editional	
恒吉	新津記念館ですね	Editional	
石油	新津記念館ですね	Editional	
政権	ヤン・マリペトルですね	Editional	
月	ヤン・マリペトルですね	Editional	
下院	ヤン・マリペトルですね	Editional	
議長	ヤン・マリペトルですね	Editional	
政治	ヤン・マリペトルですね	Editional	
田中	田中宏樹ですね	Editional	
宏樹	田中宏樹ですね	Editional	
意	田沼意誠ですね	Editional	
田沼	田沼意誠ですね	Editional	
誠	田沼意誠ですね	Editional	
月	田沼意誠ですね	Editional	
意次	田沼意誠ですね	Editional	
音楽	大瀬戸千嶋ですね	Editional	
大瀬戸	大瀬戸千嶋ですね	Editional	
嶋	大瀬戸千嶋ですね	Editional	
広島	大瀬戸千嶋ですね	Editional	
ラジオ	大瀬戸千嶋ですね	Editional	
英文	佐々木徹 (英文学者)ですね	Editional	
京都大	佐々木徹 (英文学者)ですね	Editional	
佐々木	佐々木徹 (英文学者)ですね	Editional	
徹	佐々木徹 (英文学者)ですね	Editional	
学者	佐々木徹 (英文学者)ですね	Editional	
藤原	藤原是雄ですね	Editional	
是	藤原是雄ですね	Editional	
雄	藤原是雄ですね	Editional	
ふじ	藤原是雄ですね	Editional	
わら	藤原是雄ですね	Editional	
チーム	高円宮杯U-18サッカーリーグ 愛知県リーグですね	Editional	
リーグ	高円宮杯U-18サッカーリーグ 愛知県リーグですね	Editional	
通常	高円宮杯U-18サッカーリーグ 愛知県リーグですね	Editional	
下位	高円宮杯U-18サッカーリーグ 愛知県リーグですね	Editional	
サッカー	高円宮杯U-18サッカーリーグ 愛知県リーグですね	Editional	
月	モルガン・アマルフィターノですね	Editional	
シーズン	モルガン・アマルフィターノですね	Editional	
リーグ	モルガン・アマルフィターノですね	Editional	
選手	モルガン・アマルフィターノですね	Editional	
チーム	モルガン・アマルフィターノですね	Editional	
エドワード	エドワード・モンタギューですね	Editional	
ジョン	ジョン・モンタギューですね	Editional	
河合	河合洋美ですね	Editional	
洋美	河合洋美ですね	Editional	
ひろみ	河合洋美ですね	Editional	
月	河合洋美ですね	Editional	
日本	河合洋美ですね	Editional	
安吾	安吾 風の館ですね	Editional	
新潟	安吾 風の館ですね	Editional	
坂口	安吾 風の館ですね	Editional	
月	安吾 風の館ですね	Editional	
館	安吾 風の館ですね	Editional	
月	ジェームズ・パーチですね	Editional	
ポジション	ジェームズ・パーチですね	Editional	
ジェームズ	ジェームズ・パーチですね	Editional	
ロバート	ジェームズ・パーチですね	Editional	
出身	ジェームズ・パーチですね	Editional	
月	山蔭ヒーロですね	Editional	
山蔭	山蔭ヒーロですね	Editional	
ろ	山蔭ヒーロですね	Editional	
千葉	山蔭ヒーロですね	Editional	
船橋	山蔭ヒーロですね	Editional	
月	浅井未歩ですね	Editional	
旭川	浅井未歩ですね	Editional	
浅井	浅井未歩ですね	Editional	
歩	浅井未歩ですね	Editional	
札幌	浅井未歩ですね	Editional	
スタジオ	沢田研二 in 夜のヒットスタジオですね	Editional	
映像	沢田研二 in 夜のヒットスタジオですね	Editional	
沢田	沢田研二 in 夜のヒットスタジオですね	Editional	
研二	沢田研二 in 夜のヒットスタジオですね	Editional	
作品	沢田研二 in 夜のヒットスタジオですね	Editional	
月	永峯秀樹ですね	Editional	
永峯	永峯秀樹ですね	Editional	
秀樹	永峯秀樹ですね	Editional	
小野	永峯秀樹ですね	Editional	
父	永峯秀樹ですね	Editional	
伯爵	チャールズ・モンタギュー (初代ハリファックス伯爵)ですね	Editional	
党	チャールズ・モンタギュー (初代ハリファックス伯爵)ですね	Editional	
イギリス	チャールズ・モンタギュー (初代ハリファックス伯爵)ですね	Editional	
議会	チャールズ・モンタギュー (初代ハリファックス伯爵)ですね	Editional	
ジョージ	チャールズ・モンタギュー (初代ハリファックス伯爵)ですね	Editional	
教授	秦剛平ですね	Editional	
秦	秦剛平ですね	Editional	
剛	秦剛平ですね	Editional	
聖書	秦剛平ですね	Editional	
多摩美術大学	秦剛平ですね	Editional	
月	ライアン・クックですね	Editional	
右	ライアン・クックですね	Editional	
マリナーズ	ライアン・クックですね	Editional	
選手	ライアン・クックですね	Editional	
メジャー	ライアン・クックですね	Editional	
館山	館山航空隊ですね	Editional	
航空	館山航空隊ですね	Editional	
たて	館山航空隊ですね	Editional	
こうくう	館山航空隊ですね	Editional	
検事	木内曽益ですね	Editional	
東京	木内曽益ですね	Editional	
地裁	木内曽益ですね	Editional	
事件	木内曽益ですね	Editional	
木内	木内曽益ですね	Editional	
大村	大村航空隊ですね	Editional	
航空	大村航空隊ですね	Editional	
チャールズ	チャールズ・モンタギューですね	Editional	
安藤	安藤美保 (女優)ですね	Editional	
美保	安藤美保 (女優)ですね	Editional	
女優	安藤美保 (女優)ですね	Editional	
日本	安藤美保 (女優)ですね	Editional	
みほ	安藤美保 (女優)ですね	Editional	
文	周文育ですね	Editional	
育	周文育ですね	Editional	
周	周文育ですね	Editional	
陳	周文育ですね	Editional	
軍	周文育ですね	Editional	
美術	岩淵陽人ですね	Editional	
日本	岩淵陽人ですね	Editional	
祭り	岩淵陽人ですね	Editional	
岩淵	岩淵陽人ですね	Editional	
陽	岩淵陽人ですね	Editional	
文学	桜田佐ですね	Editional	
桜田	桜田佐ですね	Editional	
佐	桜田佐ですね	Editional	
児童	桜田佐ですね	Editional	
東京	桜田佐ですね	Editional	
ウィリアムズ	スキップ・ウィリアムズですね	Editional	
ゲーム	スキップ・ウィリアムズですね	Editional	
デザイナー	スキップ・ウィリアムズですね	Editional	
ウィスコンシン	スキップ・ウィリアムズですね	Editional	
コラム	スキップ・ウィリアムズですね	Editional	
岬	セント・ジョージ岬ですね	Editional	
セント	セント・ジョージ岬ですね	Editional	
ジョージ	セント・ジョージ岬ですね	Editional	
日本	セント・ジョージ岬ですね	Editional	
ソロモン	セント・ジョージ岬ですね	Editional	
野上	野上氏ですね	Editional	
家系	野上氏ですね	Editional	
義	野上氏ですね	Editional	
本姓	野上氏ですね	Editional	
常陸	野上氏ですね	Editional	
政治	松田憲忠ですね	Editional	
教授	松田憲忠ですね	Editional	
法学部	松田憲忠ですね	Editional	
松田	松田憲忠ですね	Editional	
憲忠	松田憲忠ですね	Editional	
脚本	小林竜雄 (脚本家)ですね	Editional	
小林	小林竜雄 (脚本家)ですね	Editional	
竜雄	小林竜雄 (脚本家)ですね	Editional	
こ	小林竜雄 (脚本家)ですね	Editional	
たつお	小林竜雄 (脚本家)ですね	Editional	
正弘	正弘ですね	Editional	
猿田	猿田氏ですね	Editional	
佐竹	猿田氏ですね	Editional	
秋田	猿田氏ですね	Editional	
氏族	猿田氏ですね	Editional	
下総	猿田氏ですね	Editional	
まみ	雨宮まみですね	Editional	
月	雨宮まみですね	Editional	
女子	雨宮まみですね	Editional	
雨宮	雨宮まみですね	Editional	
ライター	雨宮まみですね	Editional	
時点	羽後山田駅ですね	Editional	
平成	羽後山田駅ですね	Editional	
駅	羽後山田駅ですね	Editional	
湯沢	羽後山田駅ですね	Editional	
月	羽後山田駅ですね	Editional	
大学	ヒラリー・ウォーですね	Editional	
月	ヒラリー・ウォーですね	Editional	
作家	ヒラリー・ウォーですね	Editional	
アメリカ	ヒラリー・ウォーですね	Editional	
パイオニア	ヒラリー・ウォーですね	Editional	
志免	志免本通郵便局ですね	Editional	
郵便	志免本通郵便局ですね	Editional	
業務	志免本通郵便局ですね	Editional	
糟屋	志免本通郵便局ですね	Editional	
月	志免本通郵便局ですね	Editional	
音楽	リチャード・タラスキンですね	Editional	
ロシア	リチャード・タラスキンですね	Editional	
タラ	リチャード・タラスキンですね	Editional	
スキン	リチャード・タラスキンですね	Editional	
論文	リチャード・タラスキンですね	Editional	
郡	ウィルソン郡 (テキサス州)ですね	Editional	
ウィルソン	ウィルソン郡 (テキサス州)ですね	Editional	
地域	ウィルソン郡 (テキサス州)ですね	Editional	
テキサス	ウィルソン郡 (テキサス州)ですね	Editional	
アメリカ合衆国	ウィルソン郡 (テキサス州)ですね	Editional	
月	赤城丸 (特設巡洋艦)ですね	Editional	
赤	赤城丸 (特設巡洋艦)ですね	Editional	
城丸	赤城丸 (特設巡洋艦)ですね	Editional	
昭和	赤城丸 (特設巡洋艦)ですね	Editional	
日本	赤城丸 (特設巡洋艦)ですね	Editional	
アルバム	ジョー・ファレルですね	Editional	
ジョー	ジョー・ファレルですね	Editional	
月	ジョー・ファレルですね	Editional	
サックス	ジョー・ファレルですね	Editional	
アメリカ合衆国	ジョー・ファレルですね	Editional	
韓	韓庚ですね	Editional	
庚	韓庚ですね	Editional	
リーダー	韓庚ですね	Editional	
月	韓庚ですね	Editional	
中国	韓庚ですね	Editional	
シン	シンドンですね	Editional	
ドン	シンドンですね	Editional	
月	シンドンですね	Editional	
韓国	シンドンですね	Editional	
慶尚北道	シンドンですね	Editional	
原子力	近藤駿介 (工学者)ですね	Editional	
月	近藤駿介 (工学者)ですね	Editional	
東京大学	近藤駿介 (工学者)ですね	Editional	
委員	近藤駿介 (工学者)ですね	Editional	
工学	近藤駿介 (工学者)ですね	Editional	
月	キム・キボムですね	Editional	
スーパー	キム・キボムですね	Editional	
ジュニア	キム・キボムですね	Editional	
俳優	キム・キボムですね	Editional	
メンバー	キム・キボムですね	Editional	
山口	山口喜内ですね	Editional	
坂上	山口喜内ですね	Editional	
御殿	山口喜内ですね	Editional	
喜内	山口喜内ですね	Editional	
時代	山口喜内ですね	Editional	
車両	吹田総合車両所ですね	Editional	
電車	吹田総合車両所ですね	Editional	
東	吹田総合車両所ですね	Editional	
奈良	吹田総合車両所ですね	Editional	
修	吹田総合車両所ですね	Editional	
ヤン	ヤン・バールタですね	Editional	
月	ヤン・バールタですね	Editional	
チェコ	ヤン・バールタですね	Editional	
出身	ヤン・バールタですね	Editional	
自転車	ヤン・バールタですね	Editional	
蒼	蒼太の包丁 銀座・板前修業日記ですね	Editional	
太	蒼太の包丁 銀座・板前修業日記ですね	Editional	
漫画	蒼太の包丁 銀座・板前修業日記ですね	Editional	
包丁	蒼太の包丁 銀座・板前修業日記ですね	Editional	
銀座	蒼太の包丁 銀座・板前修業日記ですね	Editional	
秋田	館岡栗山ですね	Editional	
栗山	館岡栗山ですね	Editional	
日本	館岡栗山ですね	Editional	
五城目	館岡栗山ですね	Editional	
月	館岡栗山ですね	Editional	
北海道	河野広道ですね	Editional	
河野	河野広道ですね	Editional	
月	河野広道ですね	Editional	
大学	河野広道ですね	Editional	
アイヌ	河野広道ですね	Editional	
公園	岩山公園 (盛岡市)ですね	Editional	
岩山	岩山公園 (盛岡市)ですね	Editional	
盛岡	岩山公園 (盛岡市)ですね	Editional	
岩手	岩山公園 (盛岡市)ですね	Editional	
都市	岩山公園 (盛岡市)ですね	Editional	
広幡	盛子内親王ですね	Editional	
内親王	盛子内親王ですね	Editional	
月	盛子内親王ですね	Editional	
源	盛子内親王ですね	Editional	
盛子	盛子内親王ですね	Editional	
カメラ	藤田光学工業ですね	Editional	
レンズ	藤田光学工業ですね	Editional	
メーカー	藤田光学工業ですね	Editional	
月	藤田光学工業ですね	Editional	
眼	藤田光学工業ですね	Editional	
花	タケシマランですね	Editional	
タケシ	タケシマランですね	Editional	
マラン	タケシマランですね	Editional	
茎	タケシマランですね	Editional	
基部	タケシマランですね	Editional	
バッキンガム	ジョン・シェフィールド (初代バッキンガム＝ノーマンビー公)ですね	Editional	
公	ジョン・シェフィールド (初代バッキンガム＝ノーマンビー公)ですね	Editional	
ジェームズ	ジョン・シェフィールド (初代バッキンガム＝ノーマンビー公)ですね	Editional	
枢密院	ジョン・シェフィールド (初代バッキンガム＝ノーマンビー公)ですね	Editional	
ジョン	ジョン・シェフィールド (初代バッキンガム＝ノーマンビー公)ですね	Editional	
月	アレクサンダー・エドラー・フォン・ダニエルスですね	Editional	
連隊	アレクサンダー・エドラー・フォン・ダニエルスですね	Editional	
歩兵	アレクサンダー・エドラー・フォン・ダニエルスですね	Editional	
ドイツ	アレクサンダー・エドラー・フォン・ダニエルスですね	Editional	
大隊	アレクサンダー・エドラー・フォン・ダニエルスですね	Editional	
ノルウェー	アレクサンダー・クリストフですね	Editional	
スプリント	アレクサンダー・クリストフですね	Editional	
ロードレース	アレクサンダー・クリストフですね	Editional	
チーム	アレクサンダー・クリストフですね	Editional	
集団	アレクサンダー・クリストフですね	Editional	
ミサイル	ロナルド・レーガン弾道ミサイル防衛試験場ですね	Editional	
試験場	ロナルド・レーガン弾道ミサイル防衛試験場ですね	Editional	
環礁	ロナルド・レーガン弾道ミサイル防衛試験場ですね	Editional	
レーガン	ロナルド・レーガン弾道ミサイル防衛試験場ですね	Editional	
弾道	ロナルド・レーガン弾道ミサイル防衛試験場ですね	Editional	
経済	中条潮ですね	Editional	
公共	中条潮ですね	Editional	
中条	中条潮ですね	Editional	
潮	中条潮ですね	Editional	
学者	中条潮ですね	Editional	
環礁	ヘレン環礁ですね	Editional	
ヘレン	ヘレン環礁ですね	Editional	
トビ	ヘレン環礁ですね	Editional	
島	ヘレン環礁ですね	Editional	
面積	ヘレン環礁ですね	Editional	
芸妓	古町芸妓ですね	Editional	
新潟	古町芸妓ですね	Editional	
市川	古町芸妓ですね	Editional	
市山	古町芸妓ですね	Editional	
古町	古町芸妓ですね	Editional	
チャールズ	チャールズ・ネイピアですね	Editional	
ジョン	ジョン・シェフィールドですね	Editional	
シェフィールド	ジョン・シェフィールドですね	Editional	
委員	二村伸ですね	Editional	
二村	二村伸ですね	Editional	
伸	二村伸ですね	Editional	
長野	二村伸ですね	Editional	
松本	二村伸ですね	Editional	
結核	トーマス・ベドーズですね	Editional	
化学	トーマス・ベドーズですね	Editional	
気体	トーマス・ベドーズですね	Editional	
トーマス	トーマス・ベドーズですね	Editional	
月	トーマス・ベドーズですね	Editional	
テレビ	トニー・プラナですね	Editional	
シリーズ	トニー・プラナですね	Editional	
トニー	トニー・プラナですね	Editional	
月	トニー・プラナですね	Editional	
キューバ	トニー・プラナですね	Editional	
ハリソン	ハリソン駅 (ニューヨーク州)ですね	Editional	
ニューヨーク	ハリソン駅 (ニューヨーク州)ですね	Editional	
駅	ハリソン駅 (ニューヨーク州)ですね	Editional	
メトロ	ハリソン駅 (ニューヨーク州)ですね	Editional	
ノース	ハリソン駅 (ニューヨーク州)ですね	Editional	
アイドル	福嶋麻衣子ですね	Editional	
音楽	福嶋麻衣子ですね	Editional	
秋葉原	福嶋麻衣子ですね	Editional	
福嶋	福嶋麻衣子ですね	Editional	
メンバー	福嶋麻衣子ですね	Editional	
キューバ	トーマス・ミリアンですね	Editional	
トーマス	トーマス・ミリアンですね	Editional	
月	トーマス・ミリアンですね	Editional	
俳優	トーマス・ミリアンですね	Editional	
イタリア	トーマス・ミリアンですね	Editional	
公	マルゲリータ・ヴィオランテ・ディ・サヴォイアですね	Editional	
フランス	マルゲリータ・ヴィオランテ・ディ・サヴォイアですね	Editional	
王	マルゲリータ・ヴィオランテ・ディ・サヴォイアですね	Editional	
マルゲリータ	マルゲリータ・ヴィオランテ・ディ・サヴォイアですね	Editional	
月	マルゲリータ・ヴィオランテ・ディ・サヴォイアですね	Editional	
動労	目黒今朝次郎ですね	Editional	
月	目黒今朝次郎ですね	Editional	
日本	目黒今朝次郎ですね	Editional	
委員	目黒今朝次郎ですね	Editional	
組合	目黒今朝次郎ですね	Editional	
小西	小西昭之ですね	Editional	
新聞	小西昭之ですね	Editional	
昭之	小西昭之ですね	Editional	
月	小西昭之ですね	Editional	
長野	小西昭之ですね	Editional	
病院	バンコク・ハートヤイ病院ですね	Editional	
バンコク	バンコク・ハートヤイ病院ですね	Editional	
ハート	バンコク・ハートヤイ病院ですね	Editional	
ヤイ	バンコク・ハートヤイ病院ですね	Editional	
英語	バンコク・ハートヤイ病院ですね	Editional	
チェコ	ヤン・シュラーメクですね	Editional	
スロバキア	ヤン・シュラーメクですね	Editional	
月	ヤン・シュラーメクですね	Editional	
大臣	ヤン・シュラーメクですね	Editional	
党	ヤン・シュラーメクですね	Editional	
西東	西東清明ですね	Editional	
清明	西東清明ですね	Editional	
いとう	西東清明ですね	Editional	
きよ	西東清明ですね	Editional	
月	西東清明ですね	Editional	
アンドリュー	アンドリュー・ディヴォフですね	Editional	
ベネズエラ	アンドリュー・ディヴォフですね	Editional	
ロシア	アンドリュー・ディヴォフですね	Editional	
語学	アンドリュー・ディヴォフですね	Editional	
悪役	アンドリュー・ディヴォフですね	Editional	
飯島	飯島氏ですね	Editional	
飯嶋	飯島氏ですね	Editional	
祖	飯島氏ですね	Editional	
次男	飯島氏ですね	Editional	
佐竹	飯島氏ですね	Editional	
ジャズ	ケビン・ヘイズですね	Editional	
ケビン	ケビン・ヘイズですね	Editional	
メンバー	ケビン・ヘイズですね	Editional	
ブルー	ケビン・ヘイズですね	Editional	
ノート	ケビン・ヘイズですね	Editional	
音楽	藤原清登ですね	Editional	
ツアー	藤原清登ですね	Editional	
ベース	藤原清登ですね	Editional	
自己	藤原清登ですね	Editional	
ジャズ	藤原清登ですね	Editional	
教授	峰岸明ですね	Editional	
峰岸	峰岸明ですね	Editional	
明	峰岸明ですね	Editional	
月	峰岸明ですね	Editional	
国語	峰岸明ですね	Editional	
守	ケン仗ですね	Editional	
官	ケン仗ですね	Editional	
任	ケン仗ですね	Editional	
宰	ケン仗ですね	Editional	
陸奥	ケン仗ですね	Editional	
ゲーム	ランド・ホーですね	Editional	
ランド	ランド・ホーですね	Editional	
ホー	ランド・ホーですね	Editional	
セガ	ランド・ホーですね	Editional	
出身	ランド・ホーですね	Editional	
朴	朴慶植ですね	Editional	
慶	朴慶植ですね	Editional	
植	朴慶植ですね	Editional	
朝鮮	朴慶植ですね	Editional	
月	朴慶植ですね	Editional	
月	ダニエル・ナンスコーグですね	Editional	
シーズン	ダニエル・ナンスコーグですね	Editional	
クラブ	ダニエル・ナンスコーグですね	Editional	
サッカー	ダニエル・ナンスコーグですね	Editional	
選手	ダニエル・ナンスコーグですね	Editional	
新家	新家氏ですね	Editional	
名	新家氏ですね	Editional	
条	新家氏ですね	Editional	
連	新家氏ですね	Editional	
検非違使	新家氏ですね	Editional	
岡崎	岡崎市立形埜小学校ですね	Editional	
小学校	岡崎市立形埜小学校ですね	Editional	
市立	岡崎市立形埜小学校ですね	Editional	
学校	岡崎市立形埜小学校ですね	Editional	
学区	岡崎市立形埜小学校ですね	Editional	
長坂	長坂ですね	Editional	
ちょう	長坂ですね	Editional	
月	ジョナサン・ブルッキンズですね	Editional	
ジョナサン	ジョナサン・ブルッキンズですね	Editional	
ポートランド	ジョナサン・ブルッキンズですね	Editional	
王者	ジョナサン・ブルッキンズですね	Editional	
白人	ジョナサン・ブルッキンズですね	Editional	
月	宇田国栄ですね	Editional	
衆議院	宇田国栄ですね	Editional	
議員	宇田国栄ですね	Editional	
宇田	宇田国栄ですね	Editional	
国栄	宇田国栄ですね	Editional	
花	タケシマラン属ですね	Editional	
タケシ	タケシマラン属ですね	Editional	
マラン	タケシマラン属ですね	Editional	
茎	タケシマラン属ですね	Editional	
枝	タケシマラン属ですね	Editional	
久松	GOLDEN☆BEST 久松史奈 〜SINGLE COLLECTION〜ですね	Editional	
史奈	GOLDEN☆BEST 久松史奈 〜SINGLE COLLECTION〜ですね	Editional	
ベスト	GOLDEN☆BEST 久松史奈 〜SINGLE COLLECTION〜ですね	Editional	
シングル	GOLDEN☆BEST 久松史奈 〜SINGLE COLLECTION〜ですね	Editional	
アルバム	GOLDEN☆BEST 久松史奈 〜SINGLE COLLECTION〜ですね	Editional	
自由形	青木行義ですね	Editional	
青木	青木行義ですね	Editional	
オリンピック	青木行義ですね	Editional	
行義	青木行義ですね	Editional	
月	青木行義ですね	Editional	
小久保	小久保浩樹ですね	Editional	
選手	小久保浩樹ですね	Editional	
野手	小久保浩樹ですね	Editional	
浩樹	小久保浩樹ですね	Editional	
大阪	小久保浩樹ですね	Editional	
小説	マイケル・ギルバートですね	Editional	
マイケル	マイケル・ギルバートですね	Editional	
ギルバート	マイケル・ギルバートですね	Editional	
月	マイケル・ギルバートですね	Editional	
作家	マイケル・ギルバートですね	Editional	
サレハ	サレハですね	Editional	
科学	ジョン・ホーガンですね	Editional	
ホー	ジョン・ホーガンですね	Editional	
ガン	ジョン・ホーガンですね	Editional	
終焉	ジョン・ホーガンですね	Editional	
数学	ジョン・ホーガンですね	Editional	
桃	桃さんのしあわせですね	Editional	
タオ	桃さんのしあわせですね	Editional	
映画	桃さんのしあわせですね	Editional	
原題	桃さんのしあわせですね	Editional	
姐	桃さんのしあわせですね	Editional	
明治	杉山金太郎ですね	Editional	
月	杉山金太郎ですね	Editional	
長男	杉山金太郎ですね	Editional	
大正	杉山金太郎ですね	Editional	
杉山	杉山金太郎ですね	Editional	
ベトナム	大勝利の喜ばしい日にホーおじさんがいるようだですね	Editional	
ホー	大勝利の喜ばしい日にホーおじさんがいるようだですね	Editional	
おじさん	大勝利の喜ばしい日にホーおじさんがいるようだですね	Editional	
歌	大勝利の喜ばしい日にホーおじさんがいるようだですね	Editional	
曲	大勝利の喜ばしい日にホーおじさんがいるようだですね	Editional	
鎌倉	長谷川映太郎ですね	Editional	
月	長谷川映太郎ですね	Editional	
雑誌	長谷川映太郎ですね	Editional	
昭和	長谷川映太郎ですね	Editional	
書房	長谷川映太郎ですね	Editional	
望月	望月英ですね	Editional	
英	望月英ですね	Editional	
月	望月英ですね	Editional	
声優	望月英ですね	Editional	
もち	望月英ですね	Editional	
ローリー	ローリー・ペック賞ですね	Editional	
カメラマン	ローリー・ペック賞ですね	Editional	
賞	ローリー・ペック賞ですね	Editional	
生命	ローリー・ペック賞ですね	Editional	
危機	ローリー・ペック賞ですね	Editional	
片岡	片岡周子ですね	Editional	
周子	片岡周子ですね	Editional	
出身	片岡周子ですね	Editional	
月	片岡周子ですね	Editional	
日本	片岡周子ですね	Editional	
日本	荒田雪江ですね	Editional	
自由形	荒田雪江ですね	Editional	
荒田	荒田雪江ですね	Editional	
雪江	荒田雪江ですね	Editional	
ロサンゼルス	荒田雪江ですね	Editional	
翁	翁 (能)ですね	Editional	
能	翁 (能)ですね	Editional	
面	翁 (能)ですね	Editional	
舞台	翁 (能)ですね	Editional	
演目	翁 (能)ですね	Editional	
アレクサンドル	アレクサンドル・グリーンですね	Editional	
グリーン	アレクサンドル・グリーンですね	Editional	
月	アレクサンドル・グリーンですね	Editional	
ロシア	アレクサンドル・グリーンですね	Editional	
帆	アレクサンドル・グリーンですね	Editional	
ドン	ドン松五郎の大冒険ですね	Editional	
松五郎	ドン松五郎の大冒険ですね	Editional	
東和	ドン松五郎の大冒険ですね	Editional	
まつ	ドン松五郎の大冒険ですね	Editional	
いぼ	ドン松五郎の大冒険ですね	Editional	
ジェイ	ジェイ・O・サンダースですね	Editional	
月	ジェイ・O・サンダースですね	Editional	
アメリカ合衆国	ジェイ・O・サンダースですね	Editional	
俳優	ジェイ・O・サンダースですね	Editional	
テキサス	ジェイ・O・サンダースですね	Editional	
額田	額田晉ですね	Editional	
医学	額田晉ですね	Editional	
博士	額田晉ですね	Editional	
大学	額田晉ですね	Editional	
医師	額田晉ですね	Editional	
門屋	門屋氏ですね	Editional	
安島	門屋氏ですね	Editional	
衛門	門屋氏ですね	Editional	
右	門屋氏ですね	Editional	
藤原	門屋氏ですね	Editional	
桐原	桐原ですね	Editional	
きり	桐原ですね	Editional	
大学	額田豊ですね	Editional	
額田	額田豊ですね	Editional	
医学	額田豊ですね	Editional	
昭和	額田豊ですね	Editional	
日本	額田豊ですね	Editional	
騎手	原昌久ですね	Editional	
競馬	原昌久ですね	Editional	
原	原昌久ですね	Editional	
月	原昌久ですね	Editional	
日本	原昌久ですね	Editional	
ウェイン	ウェイン&ラニー クリスマスを守れ!ですね	Editional	
クリスマス	ウェイン&ラニー クリスマスを守れ!ですね	Editional	
アニメーション	ウェイン&ラニー クリスマスを守れ!ですね	Editional	
月	ウェイン&ラニー クリスマスを守れ!ですね	Editional	
アンド	ウェイン&ラニー クリスマスを守れ!ですね	Editional	
稲畑	稲畑勝太郎ですね	Editional	
京都	稲畑勝太郎ですね	Editional	
明治	稲畑勝太郎ですね	Editional	
日本	稲畑勝太郎ですね	Editional	
染料	稲畑勝太郎ですね	Editional	
一橋大学	中島由美ですね	Editional	
教授	中島由美ですね	Editional	
助教授	中島由美ですね	Editional	
中島	中島由美ですね	Editional	
由美	中島由美ですね	Editional	
深津	深津純子ですね	Editional	
純子	深津純子ですね	Editional	
オリジナル	深津純子ですね	Editional	
アルバム	深津純子ですね	Editional	
大学	深津純子ですね	Editional	
月	モハメド・アブデラウエですね	Editional	
ノルウェー	モハメド・アブデラウエですね	Editional	
クラブ	モハメド・アブデラウエですね	Editional	
選手	モハメド・アブデラウエですね	Editional	
最多	モハメド・アブデラウエですね	Editional	
月	パウロ・マシャドですね	Editional	
マシャド	パウロ・マシャドですね	Editional	
シーズン	パウロ・マシャドですね	Editional	
選手権	パウロ・マシャドですね	Editional	
パウロ	パウロ・マシャドですね	Editional	
教授	高橋康夫ですね	Editional	
日本	高橋康夫ですね	Editional	
京都大	高橋康夫ですね	Editional	
学会	高橋康夫ですね	Editional	
高橋	高橋康夫ですね	Editional	
芸人	宮地大介ですね	Editional	
役者	宮地大介ですね	Editional	
タイ	宮地大介ですね	Editional	
タン	宮地大介ですね	Editional	
宮地	宮地大介ですね	Editional	
大曾根	大曾根氏ですね	Editional	
安達	大曾根氏ですね	Editional	
藤原	大曾根氏ですね	Editional	
頼	大曾根氏ですね	Editional	
武蔵	大曾根氏ですね	Editional	
学会	中川理ですね	Editional	
中川	中川理ですね	Editional	
理	中川理ですね	Editional	
京都工芸繊維大学	中川理ですね	Editional	
教授	中川理ですね	Editional	
宗	武韋の禍ですね	Editional	
皇后	武韋の禍ですね	Editional	
武	武韋の禍ですね	Editional	
禍	武韋の禍ですね	Editional	
唐	武韋の禍ですね	Editional	
インディ	エド・カーペンターですね	Editional	
シリーズ	エド・カーペンターですね	Editional	
レース	エド・カーペンターですね	Editional	
最高	エド・カーペンターですね	Editional	
シーズン	エド・カーペンターですね	Editional	
月	浅香丸 (特設巡洋艦)ですね	Editional	
丸	浅香丸 (特設巡洋艦)ですね	Editional	
浅香	浅香丸 (特設巡洋艦)ですね	Editional	
船団	浅香丸 (特設巡洋艦)ですね	Editional	
昭和	浅香丸 (特設巡洋艦)ですね	Editional	
社会	渡辺尚志ですね	Editional	
歴史	渡辺尚志ですね	Editional	
日本	渡辺尚志ですね	Editional	
一橋大学	渡辺尚志ですね	Editional	
大学院	渡辺尚志ですね	Editional	
守屋	守屋純子ですね	Editional	
純子	守屋純子ですね	Editional	
じゅん	守屋純子ですね	Editional	
こ	守屋純子ですね	Editional	
月	守屋純子ですね	Editional	
小池	小池純子ですね	Editional	
純子	小池純子ですね	Editional	
じゅん	小池純子ですね	Editional	
こ	小池純子ですね	Editional	
日本	小池純子ですね	Editional	
洞	陸大漢ですね	Editional	
黎	陸大漢ですね	Editional	
平	陸大漢ですね	Editional	
陸	陸大漢ですね	Editional	
漢	陸大漢ですね	Editional	
東京大学	伊藤毅 (建築学者)ですね	Editional	
伊藤	伊藤毅 (建築学者)ですね	Editional	
毅	伊藤毅 (建築学者)ですね	Editional	
教授	伊藤毅 (建築学者)ですね	Editional	
博士	伊藤毅 (建築学者)ですね	Editional	
田名部	田名部七湊ですね	Editional	
湊	田名部七湊ですね	Editional	
下北	田名部七湊ですね	Editional	
七湊	田名部七湊ですね	Editional	
南部	田名部七湊ですね	Editional	
秋田	鳥井森鈴ですね	Editional	
民謡	鳥井森鈴ですね	Editional	
追分	鳥井森鈴ですね	Editional	
森	鳥井森鈴ですね	Editional	
鈴	鳥井森鈴ですね	Editional	
教授	森下徹ですね	Editional	
博士	森下徹ですね	Editional	
森下	森下徹ですね	Editional	
徹	森下徹ですね	Editional	
日本	森下徹ですね	Editional	
韓	韓 (西周)ですね	Editional	
周	韓 (西周)ですね	Editional	
晋	韓 (西周)ですね	Editional	
武子	韓 (西周)ですね	Editional	
西	韓 (西周)ですね	Editional	
教会	高山正治ですね	Editional	
牧師	高山正治ですね	Editional	
高山	高山正治ですね	Editional	
正治	高山正治ですね	Editional	
倉敷	高山正治ですね	Editional	
布袋	PROMISE (布袋寅泰の曲)ですね	Editional	
月	PROMISE (布袋寅泰の曲)ですね	Editional	
楽曲	PROMISE (布袋寅泰の曲)ですね	Editional	
寅泰	PROMISE (布袋寅泰の曲)ですね	Editional	
シングル	PROMISE (布袋寅泰の曲)ですね	Editional	
布袋	VAMPIRE (布袋寅泰の曲)ですね	Editional	
寅泰	VAMPIRE (布袋寅泰の曲)ですね	Editional	
シングル	VAMPIRE (布袋寅泰の曲)ですね	Editional	
ホーン	VAMPIRE (布袋寅泰の曲)ですね	Editional	
ニューオリンズ	VAMPIRE (布袋寅泰の曲)ですね	Editional	
布袋	BORN TO BE FREE (布袋寅泰の曲)ですね	Editional	
寅泰	BORN TO BE FREE (布袋寅泰の曲)ですね	Editional	
曲	BORN TO BE FREE (布袋寅泰の曲)ですね	Editional	
シングル	BORN TO BE FREE (布袋寅泰の曲)ですね	Editional	
映画	BORN TO BE FREE (布袋寅泰の曲)ですね	Editional	
布袋	さらば青春の光 (布袋寅泰の曲)ですね	Editional	
青春	さらば青春の光 (布袋寅泰の曲)ですね	Editional	
光	さらば青春の光 (布袋寅泰の曲)ですね	Editional	
楽曲	さらば青春の光 (布袋寅泰の曲)ですね	Editional	
寅泰	さらば青春の光 (布袋寅泰の曲)ですね	Editional	
アメリカ合衆国	スティーブ・ジャクソン・ゲームズ対アメリカ合衆国シークレットサービス事件ですね	Editional	
スティーブ	スティーブ・ジャクソン・ゲームズ対アメリカ合衆国シークレットサービス事件ですね	Editional	
事件	スティーブ・ジャクソン・ゲームズ対アメリカ合衆国シークレットサービス事件ですね	Editional	
電子	スティーブ・ジャクソン・ゲームズ対アメリカ合衆国シークレットサービス事件ですね	Editional	
オースティン	スティーブ・ジャクソン・ゲームズ対アメリカ合衆国シークレットサービス事件ですね	Editional	
ユニ	ユニクロ (曖昧さ回避)ですね	Editional	
クロ	ユニクロ (曖昧さ回避)ですね	Editional	
航空	宮沢与和ですね	Editional	
宇宙	宮沢与和ですね	Editional	
工学	宮沢与和ですね	Editional	
宮沢	宮沢与和ですね	Editional	
和	宮沢与和ですね	Editional	
小説	小杉英了ですね	Editional	
小杉	小杉英了ですね	Editional	
英	小杉英了ですね	Editional	
了	小杉英了ですね	Editional	
日本	小杉英了ですね	Editional	
文学	花輪莞爾ですね	Editional	
教授	花輪莞爾ですね	Editional	
花輪	花輪莞爾ですね	Editional	
莞爾	花輪莞爾ですね	Editional	
フランス	花輪莞爾ですね	Editional	
月	マイケル・マッシーですね	Editional	
映画	マイケル・マッシーですね	Editional	
弾頭	マイケル・マッシーですね	Editional	
マイケル	マイケル・マッシーですね	Editional	
空砲	マイケル・マッシーですね	Editional	
上久保	上久保氏ですね	Editional	
久保	上久保氏ですね	Editional	
信濃	上久保氏ですね	Editional	
本姓	上久保氏ですね	Editional	
源	上久保氏ですね	Editional	
教授	北山晴一ですね	Editional	
北山	北山晴一ですね	Editional	
晴一	北山晴一ですね	Editional	
フランス	北山晴一ですね	Editional	
立教大学	北山晴一ですね	Editional	
昭和	中尾是正ですね	Editional	
月	中尾是正ですね	Editional	
グラフ	中尾是正ですね	Editional	
東京	中尾是正ですね	Editional	
雑誌	中尾是正ですね	Editional	
カルロス	カルロス・オヤルスンですね	Editional	
月	カルロス・オヤルスンですね	Editional	
チリ	カルロス・オヤルスンですね	Editional	
サンティアゴ	カルロス・オヤルスンですね	Editional	
出身	カルロス・オヤルスンですね	Editional	
教授	酒井豊子ですね	Editional	
酒井	酒井豊子ですね	Editional	
豊子	酒井豊子ですね	Editional	
東京都立立川短期大学	酒井豊子ですね	Editional	
放送大学	酒井豊子ですね	Editional	
技術	森谷正規ですね	Editional	
教授	森谷正規ですね	Editional	
森谷	森谷正規ですね	Editional	
正規	森谷正規ですね	Editional	
日本	森谷正規ですね	Editional	
陸軍	崔栄喜ですね	Editional	
参謀	崔栄喜ですね	Editional	
月	崔栄喜ですね	Editional	
総長	崔栄喜ですね	Editional	
師団	崔栄喜ですね	Editional	
石田	石田兵衛ですね	Editional	
兵衛	石田兵衛ですね	Editional	
いしだ	石田兵衛ですね	Editional	
ひょう	石田兵衛ですね	Editional	
日本	石田兵衛ですね	Editional	
日本	武田麗子ですね	Editional	
武田	武田麗子ですね	Editional	
会長	武田麗子ですね	Editional	
麗子	武田麗子ですね	Editional	
月	武田麗子ですね	Editional	
鬼	十鬼の絆 〜関ヶ原奇譚〜ですね	Editional	
絆	十鬼の絆 〜関ヶ原奇譚〜ですね	Editional	
きずな	十鬼の絆 〜関ヶ原奇譚〜ですね	Editional	
月	十鬼の絆 〜関ヶ原奇譚〜ですね	Editional	
関ヶ原	十鬼の絆 〜関ヶ原奇譚〜ですね	Editional	
イングランド	チャールズ・ステュアート (初代レノックス伯)ですね	Editional	
チャールズ	チャールズ・ステュアート (初代レノックス伯)ですね	Editional	
ジェームズ	チャールズ・ステュアート (初代レノックス伯)ですね	Editional	
スコットランド	チャールズ・ステュアート (初代レノックス伯)ですね	Editional	
王	チャールズ・ステュアート (初代レノックス伯)ですね	Editional	
寅吉	中田寅吉ですね	Editional	
気球	中田寅吉ですね	Editional	
京都	中田寅吉ですね	Editional	
中田	中田寅吉ですね	Editional	
島津	中田寅吉ですね	Editional	
布袋	YOU (布袋寅泰の曲)ですね	Editional	
寅泰	YOU (布袋寅泰の曲)ですね	Editional	
シングル	YOU (布袋寅泰の曲)ですね	Editional	
アルバム	YOU (布袋寅泰の曲)ですね	Editional	
曲	YOU (布袋寅泰の曲)ですね	Editional	
婦人	マイライフ (雑誌)ですね	Editional	
雑誌	マイライフ (雑誌)ですね	Editional	
昭和	マイライフ (雑誌)ですね	Editional	
マイ	マイライフ (雑誌)ですね	Editional	
ライフ	マイライフ (雑誌)ですね	Editional	
教授	平井聖ですね	Editional	
日本	平井聖ですね	Editional	
平井	平井聖ですね	Editional	
聖	平井聖ですね	Editional	
東京工業大学	平井聖ですね	Editional	
ジャック	ジャック・アダムス賞ですね	Editional	
アダムス	ジャック・アダムス賞ですね	Editional	
賞	ジャック・アダムス賞ですね	Editional	
パット	ジャック・アダムス賞ですね	Editional	
チーム	ジャック・アダムス賞ですね	Editional	
写真	須崎祐次ですね	Editional	
祐次	須崎祐次ですね	Editional	
日本	須崎祐次ですね	Editional	
須崎	須崎祐次ですね	Editional	
すさ	須崎祐次ですね	Editional	
郵便	那珂川郵便局ですね	Editional	
那珂川	那珂川郵便局ですね	Editional	
業務	那珂川郵便局ですね	Editional	
後野	那珂川郵便局ですね	Editional	
福岡	那珂川郵便局ですね	Editional	
静岡	大井康暢ですね	Editional	
大井	大井康暢ですね	Editional	
康	大井康暢ですね	Editional	
暢	大井康暢ですね	Editional	
月	大井康暢ですね	Editional	
月	能代丸 (特設巡洋艦)ですね	Editional	
丸	能代丸 (特設巡洋艦)ですね	Editional	
能代	能代丸 (特設巡洋艦)ですね	Editional	
日本	能代丸 (特設巡洋艦)ですね	Editional	
昭和	能代丸 (特設巡洋艦)ですね	Editional	
伊	稲葉通宗ですね	Editional	
稲葉	稲葉通宗ですね	Editional	
艦長	稲葉通宗ですね	Editional	
月	稲葉通宗ですね	Editional	
空母	稲葉通宗ですね	Editional	
矢倉	矢倉早囲いですね	Editional	
急戦	矢倉早囲いですね	Editional	
玉	矢倉早囲いですね	Editional	
角	矢倉早囲いですね	Editional	
銀	矢倉早囲いですね	Editional	
郡	フリオ郡 (テキサス州)ですね	Editional	
フリオ	フリオ郡 (テキサス州)ですね	Editional	
人口	フリオ郡 (テキサス州)ですね	Editional	
国勢調査	フリオ郡 (テキサス州)ですね	Editional	
マイル	フリオ郡 (テキサス州)ですね	Editional	
陳	持明院陳子ですね	Editional	
月	持明院陳子ですね	Editional	
持明院	持明院陳子ですね	Editional	
牛	持明院陳子ですね	Editional	
子	持明院陳子ですね	Editional	
芝	芝櫻 (テレビドラマ)ですね	Editional	
櫻	芝櫻 (テレビドラマ)ですね	Editional	
テレビ	芝櫻 (テレビドラマ)ですね	Editional	
ドラマ	芝櫻 (テレビドラマ)ですね	Editional	
月	芝櫻 (テレビドラマ)ですね	Editional	
女性	三浦愛ですね	Editional	
レース	三浦愛ですね	Editional	
ドライバー	三浦愛ですね	Editional	
鈴鹿	三浦愛ですね	Editional	
全日本	三浦愛ですね	Editional	
シリーズ	ジェームズ・ジェイクスですね	Editional	
ジェイ	ジェームズ・ジェイクスですね	Editional	
クス	ジェームズ・ジェイクスですね	Editional	
ランキング	ジェームズ・ジェイクスですね	Editional	
イギリス	ジェームズ・ジェイクスですね	Editional	
名鉄	名鉄スカーレットですね	Editional	
スカーレット	名鉄スカーレットですね	Editional	
車両	名鉄スカーレットですね	Editional	
車体	名鉄スカーレットですね	Editional	
鉄道	名鉄スカーレットですね	Editional	
アルバム	川久保秀一ですね	Editional	
ゲスト	川久保秀一ですね	Editional	
ラジオ	川久保秀一ですね	Editional	
ミュージシャン	川久保秀一ですね	Editional	
パーソナリティ	川久保秀一ですね	Editional	
矢吹	矢吹シャルロッテですね	Editional	
月	矢吹シャルロッテですね	Editional	
東京	矢吹シャルロッテですね	Editional	
出身	矢吹シャルロッテですね	Editional	
グラビア	矢吹シャルロッテですね	Editional	
朝顔	団十郎朝顔ですね	Editional	
葉	団十郎朝顔ですね	Editional	
団	団十郎朝顔ですね	Editional	
十郎	団十郎朝顔ですね	Editional	
大輪	団十郎朝顔ですね	Editional	
ルカ	EXIT TUNES PRESENTS Megurhythm feat.巡音ルカですね	Editional	
音	EXIT TUNES PRESENTS Megurhythm feat.巡音ルカですね	Editional	
ボーカル	EXIT TUNES PRESENTS Megurhythm feat.巡音ルカですね	Editional	
メグ	EXIT TUNES PRESENTS Megurhythm feat.巡音ルカですね	Editional	
リズム	EXIT TUNES PRESENTS Megurhythm feat.巡音ルカですね	Editional	
月	鈴木敏郎 (外交官)ですね	Editional	
大使	鈴木敏郎 (外交官)ですね	Editional	
平成	鈴木敏郎 (外交官)ですね	Editional	
特命	鈴木敏郎 (外交官)ですね	Editional	
全権	鈴木敏郎 (外交官)ですね	Editional	
月	ブライアン・クロウソンですね	Editional	
スプリント	ブライアン・クロウソンですね	Editional	
シリーズ	ブライアン・クロウソンですね	Editional	
レース	ブライアン・クロウソンですね	Editional	
チーム	ブライアン・クロウソンですね	Editional	
シリーズ	ジョセフ・ニューガーデンですね	Editional	
ニュー	ジョセフ・ニューガーデンですね	Editional	
ガーデン	ジョセフ・ニューガーデンですね	Editional	
月	ジョセフ・ニューガーデンですね	Editional	
フォーミュラ	ジョセフ・ニューガーデンですね	Editional	
武藤	武藤禎夫ですね	Editional	
禎夫	武藤禎夫ですね	Editional	
日本	武藤禎夫ですね	Editional	
近世	武藤禎夫ですね	Editional	
国文学	武藤禎夫ですね	Editional	
始	始華湖ですね	Editional	
華	始華湖ですね	Editional	
湖	始華湖ですね	Editional	
水質	始華湖ですね	Editional	
海水	始華湖ですね	Editional	
永井	永井寺 (古河市)ですね	Editional	
古河	永井寺 (古河市)ですね	Editional	
寺	永井寺 (古河市)ですね	Editional	
えい	永井寺 (古河市)ですね	Editional	
茨城	永井寺 (古河市)ですね	Editional	
浜田	浜田義一郎ですね	Editional	
義一	浜田義一郎ですね	Editional	
郎	浜田義一郎ですね	Editional	
東京	浜田義一郎ですね	Editional	
教授	浜田義一郎ですね	Editional	
靴	モカシンですね	Editional	
革	モカシンですね	Editional	
モカ	モカシンですね	Editional	
シン	モカシンですね	Editional	
一種	モカシンですね	Editional	
自治体	エル・エスコリアルですね	Editional	
修道院	エル・エスコリアルですね	Editional	
マドリード	エル・エスコリアルですね	Editional	
王室	エル・エスコリアルですね	Editional	
用地	エル・エスコリアルですね	Editional	
大木	大木淳吉ですね	Editional	
淳	大木淳吉ですね	Editional	
プロデューサー	大木淳吉ですね	Editional	
本編	大木淳吉ですね	Editional	
恐竜	大木淳吉ですね	Editional	
軍平	軍平ナイトですね	Editional	
横井	軍平ナイトですね	Editional	
ナイト	軍平ナイトですね	Editional	
ゲーム	軍平ナイトですね	Editional	
仏	軍平ナイトですね	Editional	
王座	ブライアン・マギーですね	Editional	
月	ブライアン・マギーですね	Editional	
スーパー	ブライアン・マギーですね	Editional	
ミドル	ブライアン・マギーですね	Editional	
世界	ブライアン・マギーですね	Editional	
長崎	江藤泰彦ですね	Editional	
江藤	江藤泰彦ですね	Editional	
泰彦	江藤泰彦ですね	Editional	
月	江藤泰彦ですね	Editional	
長与	江藤泰彦ですね	Editional	
片岡	片岡しのぶですね	Editional	
しのぶ	片岡しのぶですね	Editional	
英語	片岡しのぶですね	Editional	
和歌山	片岡しのぶですね	Editional	
生まれ	片岡しのぶですね	Editional	
生徒	山田くんと7人の魔女ですね	Editional	
月	山田くんと7人の魔女ですね	Editional	
魔女	山田くんと7人の魔女ですね	Editional	
会長	山田くんと7人の魔女ですね	Editional	
山田	山田くんと7人の魔女ですね	Editional	
奨	奨忠壇公園ですね	Editional	
忠	奨忠壇公園ですね	Editional	
壇	奨忠壇公園ですね	Editional	
公園	奨忠壇公園ですね	Editional	
ソウル	奨忠壇公園ですね	Editional	
加	加藤木氏ですね	Editional	
藤木	加藤木氏ですね	Editional	
かとう	加藤木氏ですね	Editional	
日本	加藤木氏ですね	Editional	
氏族	加藤木氏ですね	Editional	
平取	平取町立平取中学校ですね	Editional	
中学校	平取町立平取中学校ですね	Editional	
町立	平取町立平取中学校ですね	Editional	
びら	平取町立平取中学校ですね	Editional	
ちょう	平取町立平取中学校ですね	Editional	
西丸	西丸氏ですね	Editional	
佐竹	西丸氏ですね	Editional	
源	西丸氏ですね	Editional	
水戸	西丸氏ですね	Editional	
義	西丸氏ですね	Editional	
ライブ	宗本康兵ですね	Editional	
サウンド	宗本康兵ですね	Editional	
楽曲	宗本康兵ですね	Editional	
宗	宗本康兵ですね	Editional	
本	宗本康兵ですね	Editional	
百貨店	豊島百貨店ですね	Editional	
土浦	豊島百貨店ですね	Editional	
昭和	豊島百貨店ですね	Editional	
豊島	豊島百貨店ですね	Editional	
茨城	豊島百貨店ですね	Editional	
堀江	堀江美都子 オリジナルベスト12ですね	Editional	
美都子	堀江美都子 オリジナルベスト12ですね	Editional	
ベスト	堀江美都子 オリジナルベスト12ですね	Editional	
オリジナル	堀江美都子 オリジナルベスト12ですね	Editional	
ほり	堀江美都子 オリジナルベスト12ですね	Editional	
西丸	西丸帯刀ですね	Editional	
郷士	西丸帯刀ですね	Editional	
野口	西丸帯刀ですね	Editional	
尊皇	西丸帯刀ですね	Editional	
水戸	西丸帯刀ですね	Editional	
群馬	寿志郎ですね	Editional	
利根	寿志郎ですね	Editional	
絵	寿志郎ですね	Editional	
キャラクター	寿志郎ですね	Editional	
寿	寿志郎ですね	Editional	
洪	洪範図ですね	Editional	
範	洪範図ですね	Editional	
月	洪範図ですね	Editional	
旧暦	洪範図ですね	Editional	
朝鮮	洪範図ですね	Editional	
社会	山口一男ですね	Editional	
シカゴ	山口一男ですね	Editional	
大学	山口一男ですね	Editional	
山口	山口一男ですね	Editional	
一男	山口一男ですね	Editional	
浮世絵	平木浮世絵美術館 UKIYO-e TOKYOですね	Editional	
コレクション	平木浮世絵美術館 UKIYO-e TOKYOですね	Editional	
美術館	平木浮世絵美術館 UKIYO-e TOKYOですね	Editional	
平木	平木浮世絵美術館 UKIYO-e TOKYOですね	Editional	
豊洲	平木浮世絵美術館 UKIYO-e TOKYOですね	Editional	
利根川	利根川放水路ですね	Editional	
船橋	利根川放水路ですね	Editional	
ルート	利根川放水路ですね	Editional	
水量	利根川放水路ですね	Editional	
事業	利根川放水路ですね	Editional	
金	金利光ですね	Editional	
利光	金利光ですね	Editional	
金利	金利光ですね	Editional	
キム	金利光ですね	Editional	
京都	金利光ですね	Editional	
市橋	市橋秀夫ですね	Editional	
秀夫	市橋秀夫ですね	Editional	
いち	市橋秀夫ですね	Editional	
ひで	市橋秀夫ですね	Editional	
俳優	山田圭介 (俳優)ですね	Editional	
山田	山田圭介 (俳優)ですね	Editional	
圭介	山田圭介 (俳優)ですね	Editional	
やまだ	山田圭介 (俳優)ですね	Editional	
けいすけ	山田圭介 (俳優)ですね	Editional	
月	ウォーレン・ベニスですね	Editional	
リーダーシップ	ウォーレン・ベニスですね	Editional	
アメリカ	ウォーレン・ベニスですね	Editional	
学者	ウォーレン・ベニスですね	Editional	
概念	ウォーレン・ベニスですね	Editional	
教授	傳田功ですね	Editional	
農学部	傳田功ですね	Editional	
傳田	傳田功ですね	Editional	
功	傳田功ですね	Editional	
日本	傳田功ですね	Editional	
教授	傳田章ですね	Editional	
中国	傳田章ですね	Editional	
長野	傳田章ですね	Editional	
傳田	傳田章ですね	Editional	
章	傳田章ですね	Editional	
金メダル	マヌエラ・ヘンケルですね	Editional	
クロスカントリー	マヌエラ・ヘンケルですね	Editional	
スキー	マヌエラ・ヘンケルですね	Editional	
スポーツ	マヌエラ・ヘンケルですね	Editional	
ドイツ	マヌエラ・ヘンケルですね	Editional	
民主	民主労總女組合員強姦未遂事件ですね	Editional	
組合	民主労總女組合員強姦未遂事件ですね	Editional	
労	民主労總女組合員強姦未遂事件ですね	Editional	
未遂	民主労總女組合員強姦未遂事件ですね	Editional	
事件	民主労總女組合員強姦未遂事件ですね	Editional	
教授	木山英雄ですね	Editional	
中国	木山英雄ですね	Editional	
文学	木山英雄ですね	Editional	
一橋大学	木山英雄ですね	Editional	
木山	木山英雄ですね	Editional	
オリンピック	リサ・シューネベルクですね	Editional	
選手	リサ・シューネベルクですね	Editional	
月	リサ・シューネベルクですね	Editional	
カーリング	リサ・シューネベルクですね	Editional	
カルガリー	リサ・シューネベルクですね	Editional	
川崎	川崎市立中原中学校ですね	Editional	
中原	川崎市立中原中学校ですね	Editional	
中学校	川崎市立中原中学校ですね	Editional	
市立	川崎市立中原中学校ですね	Editional	
神奈川	川崎市立中原中学校ですね	Editional	
ホームズ	三毛猫ホームズの危険な火遊びですね	Editional	
猫	三毛猫ホームズの危険な火遊びですね	Editional	
火遊び	三毛猫ホームズの危険な火遊びですね	Editional	
小説	三毛猫ホームズの危険な火遊びですね	Editional	
良二	三毛猫ホームズの危険な火遊びですね	Editional	
月	フランシス・デ・フレーフですね	Editional	
ベルギー	フランシス・デ・フレーフですね	Editional	
出身	フランシス・デ・フレーフですね	Editional	
自転車	フランシス・デ・フレーフですね	Editional	
ロードレース	フランシス・デ・フレーフですね	Editional	
オリンピック	スコット・ベアードですね	Editional	
月	スコット・ベアードですね	Editional	
選手権	スコット・ベアードですね	Editional	
スコット	スコット・ベアードですね	Editional	
ベアード	スコット・ベアードですね	Editional	
郡	ラサール郡 (テキサス州)ですね	Editional	
ラサール	ラサール郡 (テキサス州)ですね	Editional	
テキサス	ラサール郡 (テキサス州)ですね	Editional	
人口	ラサール郡 (テキサス州)ですね	Editional	
牧場	ラサール郡 (テキサス州)ですね	Editional	
玄淑姫	玄淑姫ですね	Editional	
柔道	玄淑姫ですね	Editional	
アジア	玄淑姫ですね	Editional	
選手権	玄淑姫ですね	Editional	
女子	玄淑姫ですね	Editional	
月	やすだの歩き方ですね	Editional	
番組	やすだの歩き方ですね	Editional	
やす	やすだの歩き方ですね	Editional	
安田	やすだの歩き方ですね	Editional	
パンサー	やすだの歩き方ですね	Editional	
アジア	鄭敬美ですね	Editional	
鄭	鄭敬美ですね	Editional	
敬	鄭敬美ですね	Editional	
月	鄭敬美ですね	Editional	
韓国	鄭敬美ですね	Editional	
小諸	小諸市立小山敬三美術館ですね	Editional	
小山	小諸市立小山敬三美術館ですね	Editional	
敬三	小諸市立小山敬三美術館ですね	Editional	
美術館	小諸市立小山敬三美術館ですね	Editional	
館	小諸市立小山敬三美術館ですね	Editional	
郭	郭大成ですね	Editional	
大成	郭大成ですね	Editional	
世界	郭大成ですね	Editional	
選手権	郭大成ですね	Editional	
決勝	郭大成ですね	Editional	
柔道	ジェームズ・ブレグマンですね	Editional	
中	ジェームズ・ブレグマンですね	Editional	
選手権	ジェームズ・ブレグマンですね	Editional	
連盟	ジェームズ・ブレグマンですね	Editional	
ジェームズ	ジェームズ・ブレグマンですね	Editional	
高田	高田正純ですね	Editional	
正純	高田正純ですね	Editional	
ジャーナリスト	高田正純ですね	Editional	
たか	高田正純ですね	Editional	
まさ	高田正純ですね	Editional	
月	四条貞子ですね	Editional	
貞子	四条貞子ですね	Editional	
西園寺	四条貞子ですね	Editional	
実	四条貞子ですね	Editional	
隆	四条貞子ですね	Editional	
光岡	光岡・キュートですね	Editional	
自動車	光岡・キュートですね	Editional	
日産	光岡・キュートですね	Editional	
マーチ	光岡・キュートですね	Editional	
ベース	光岡・キュートですね	Editional	
南	南泰嶺ですね	Editional	
泰	南泰嶺ですね	Editional	
嶺	南泰嶺ですね	Editional	
峠	南泰嶺ですね	Editional	
ソウル	南泰嶺ですね	Editional	
加賀	加賀市立錦城小学校ですね	Editional	
小学校	加賀市立錦城小学校ですね	Editional	
市立	加賀市立錦城小学校ですね	Editional	
錦城	加賀市立錦城小学校ですね	Editional	
りつ	加賀市立錦城小学校ですね	Editional	
民	徐梁ですね	Editional	
月	徐梁ですね	Editional	
騎兵	徐梁ですね	Editional	
陸軍	徐梁ですね	Editional	
委員	徐梁ですね	Editional	
亀岡	飯島希望ですね	Editional	
月	飯島希望ですね	Editional	
京都	飯島希望ですね	Editional	
市立	飯島希望ですね	Editional	
中学校	飯島希望ですね	Editional	
加賀	加賀市立錦城東小学校ですね	Editional	
小学校	加賀市立錦城東小学校ですね	Editional	
市立	加賀市立錦城東小学校ですね	Editional	
錦	加賀市立錦城東小学校ですね	Editional	
城東	加賀市立錦城東小学校ですね	Editional	
藤原	藤原扶幹ですね	Editional	
延喜	藤原扶幹ですね	Editional	
忠平	藤原扶幹ですね	Editional	
公卿	藤原扶幹ですね	Editional	
大納言	藤原扶幹ですね	Editional	
カーリング	西室淳子ですね	Editional	
選手権	西室淳子ですね	Editional	
日本	西室淳子ですね	Editional	
チーム	西室淳子ですね	Editional	
月	西室淳子ですね	Editional	
加賀	加賀市立緑丘小学校ですね	Editional	
小学校	加賀市立緑丘小学校ですね	Editional	
市立	加賀市立緑丘小学校ですね	Editional	
緑丘	加賀市立緑丘小学校ですね	Editional	
りつ	加賀市立緑丘小学校ですね	Editional	
アジア	桐山一憲ですね	Editional	
桐山	桐山一憲ですね	Editional	
一憲	桐山一憲ですね	Editional	
月	桐山一憲ですね	Editional	
プロクター	桐山一憲ですね	Editional	
寺	廣福寺 (玉名市)ですね	Editional	
菊池	廣福寺 (玉名市)ですね	Editional	
大智	廣福寺 (玉名市)ですね	Editional	
武	廣福寺 (玉名市)ですね	Editional	
澄	廣福寺 (玉名市)ですね	Editional	
アル	アル・シェアですね	Editional	
シェア	アル・シェアですね	Editional	
株式会社	アル・シェアですね	Editional	
月	アル・シェアですね	Editional	
日本	アル・シェアですね	Editional	
ジャパン	奥山真司 (経営者)ですね	Editional	
奥山	奥山真司 (経営者)ですね	Editional	
真司	奥山真司 (経営者)ですね	Editional	
取締役	奥山真司 (経営者)ですね	Editional	
社長	奥山真司 (経営者)ですね	Editional	
月	長濱裕幸ですね	Editional	
地震	長濱裕幸ですね	Editional	
長濱	長濱裕幸ですね	Editional	
裕幸	長濱裕幸ですね	Editional	
日本	長濱裕幸ですね	Editional	
社長	戸倉敏夫ですね	Editional	
戸倉	戸倉敏夫ですね	Editional	
敏夫	戸倉敏夫ですね	Editional	
シチズン	戸倉敏夫ですね	Editional	
ホールディングス	戸倉敏夫ですね	Editional	
ドラマ	梶原登城ですね	Editional	
梶原	梶原登城ですね	Editional	
番組	梶原登城ですね	Editional	
ディレクター	梶原登城ですね	Editional	
かじ	梶原登城ですね	Editional	
鉄道	日野原保ですね	Editional	
技術	日野原保ですね	Editional	
野原	日野原保ですね	Editional	
扉	日野原保ですね	Editional	
社長	日野原保ですね	Editional	
月	渡名喜忠信ですね	Editional	
渡名喜	渡名喜忠信ですね	Editional	
忠信	渡名喜忠信ですね	Editional	
のぶ	渡名喜忠信ですね	Editional	
日本	渡名喜忠信ですね	Editional	
鈴木	鈴木敏郎ですね	Editional	
敏郎	鈴木敏郎ですね	Editional	
すずき	鈴木敏郎ですね	Editional	
しろう	鈴木敏郎ですね	Editional	
日本	鈴木敏郎ですね	Editional	
事件	雅樹ちゃん誘拐殺人事件ですね	Editional	
月	雅樹ちゃん誘拐殺人事件ですね	Editional	
山田	雅樹ちゃん誘拐殺人事件ですね	Editional	
工員	雅樹ちゃん誘拐殺人事件ですね	Editional	
殺人	雅樹ちゃん誘拐殺人事件ですね	Editional	
丹羽	丹羽氏興ですね	Editional	
興	丹羽氏興ですね	Editional	
月	丹羽氏興ですね	Editional	
藤島	丹羽氏興ですね	Editional	
うじ	丹羽氏興ですね	Editional	
晃	顔晃ですね	Editional	
顔	顔晃ですね	Editional	
陳	顔晃ですね	Editional	
杜	顔晃ですね	Editional	
龕	顔晃ですね	Editional	
徳	江徳藻ですね	Editional	
藻	江徳藻ですね	Editional	
陳	江徳藻ですね	Editional	
江	江徳藻ですね	Editional	
侍	江徳藻ですね	Editional	
三重	津田勉ですね	Editional	
津田	津田勉ですね	Editional	
学校	津田勉ですね	Editional	
四日市	津田勉ですね	Editional	
小山田	津田勉ですね	Editional	
海水浴	須賀浦海水浴場ですね	Editional	
須賀	須賀浦海水浴場ですね	Editional	
浦	須賀浦海水浴場ですね	Editional	
三重	須賀浦海水浴場ですね	Editional	
す	須賀浦海水浴場ですね	Editional	
チーム	パトリック・グレチュですね	Editional	
パトリック	パトリック・グレチュですね	Editional	
月	パトリック・グレチュですね	Editional	
ドイツ	パトリック・グレチュですね	Editional	
出身	パトリック・グレチュですね	Editional	
ターミナル	セント・ジョージ・ターミナルですね	Editional	
フェリー	セント・ジョージ・ターミナルですね	Editional	
セント	セント・ジョージ・ターミナルですね	Editional	
ジョージ	セント・ジョージ・ターミナルですね	Editional	
駅	セント・ジョージ・ターミナルですね	Editional	
紅	紅羽真希ですね	Editional	
真希	紅羽真希ですね	Editional	
宝塚歌劇団	紅羽真希ですね	Editional	
花	紅羽真希ですね	Editional	
福岡	紅羽真希ですね	Editional	
月	中畑道子ですね	Editional	
京都	中畑道子ですね	Editional	
脚本	中畑道子ですね	Editional	
テレビ	中畑道子ですね	Editional	
中畑	中畑道子ですね	Editional	
スケート	深澤洋子ですね	Editional	
深澤	深澤洋子ですね	Editional	
洋子	深澤洋子ですね	Editional	
月	深澤洋子ですね	Editional	
石川	深澤洋子ですね	Editional	
教授	高木和子ですね	Editional	
源氏物語	高木和子ですね	Editional	
高木	高木和子ですね	Editional	
和子	高木和子ですね	Editional	
日本	高木和子ですね	Editional	
弁護士	北潟谷仁ですね	Editional	
精神	北潟谷仁ですね	Editional	
小樽	北潟谷仁ですね	Editional	
北潟	北潟谷仁ですね	Editional	
谷	北潟谷仁ですね	Editional	
ジュニア	谷岡あゆかですね	Editional	
あゆ	谷岡あゆかですね	Editional	
月	谷岡あゆかですね	Editional	
選手	谷岡あゆかですね	Editional	
オリンピック	谷岡あゆかですね	Editional	
郡	ケネディ郡 (テキサス州)ですね	Editional	
人口	ケネディ郡 (テキサス州)ですね	Editional	
ケネディ	ケネディ郡 (テキサス州)ですね	Editional	
テキサス	ケネディ郡 (テキサス州)ですね	Editional	
国勢調査	ケネディ郡 (テキサス州)ですね	Editional	
隆	四条隆衡ですね	Editional	
大納言	四条隆衡ですね	Editional	
建	四条隆衡ですね	Editional	
藤原	四条隆衡ですね	Editional	
月	四条隆衡ですね	Editional	
月	永嶺謙光ですね	Editional	
謙	永嶺謙光ですね	Editional	
機関	永嶺謙光ですね	Editional	
嶺	永嶺謙光ですね	Editional	
海軍	永嶺謙光ですね	Editional	
藤原	藤原福当麻呂ですね	Editional	
呂	藤原福当麻呂ですね	Editional	
弘	藤原福当麻呂ですね	Editional	
仁	藤原福当麻呂ですね	Editional	
福	藤原福当麻呂ですね	Editional	
哲学	飯野勝己ですね	Editional	
平凡社	飯野勝己ですね	Editional	
月	飯野勝己ですね	Editional	
東北大学	飯野勝己ですね	Editional	
新書	飯野勝己ですね	Editional	
大阪	田中楢一ですね	Editional	
田中	田中楢一ですね	Editional	
楢	田中楢一ですね	Editional	
月	田中楢一ですね	Editional	
日本	田中楢一ですね	Editional	
テコンドー	濱田真由ですね	Editional	
佐賀	濱田真由ですね	Editional	
月	濱田真由ですね	Editional	
選手	濱田真由ですね	Editional	
世界	濱田真由ですね	Editional	
ケン	ケン田島ですね	Editional	
田島	ケン田島ですね	Editional	
フリー	ケン田島ですね	Editional	
アナウンサー	ケン田島ですね	Editional	
ロンドン	ケン田島ですね	Editional	
みき	みき (飲料水)ですね	Editional	
ミキ	みき (飲料水)ですね	Editional	
奄美	みき (飲料水)ですね	Editional	
米	みき (飲料水)ですね	Editional	
沖縄	みき (飲料水)ですね	Editional	
月	コステル・パンティリモンですね	Editional	
リーグ	コステル・パンティリモンですね	Editional	
カップ	コステル・パンティリモンですね	Editional	
マンチェスター	コステル・パンティリモンですね	Editional	
シーズン	コステル・パンティリモンですね	Editional	
フランス	ミシェル・サルダビーですね	Editional	
パリ	ミシェル・サルダビーですね	Editional	
ミシェル	ミシェル・サルダビーですね	Editional	
月	ミシェル・サルダビーですね	Editional	
ジャズ	ミシェル・サルダビーですね	Editional	
小林	小林久晃ですね	Editional	
久	小林久晃ですね	Editional	
晃	小林久晃ですね	Editional	
こ	小林久晃ですね	Editional	
あき	小林久晃ですね	Editional	
鄭	鄭灼ですね	Editional	
儒学	鄭灼ですね	Editional	
侍	鄭灼ですね	Editional	
郎	鄭灼ですね	Editional	
梁	鄭灼ですね	Editional	
道路	広瀬道路ですね	Editional	
広瀬	広瀬道路ですね	Editional	
ひろ	広瀬道路ですね	Editional	
ろ	広瀬道路ですね	Editional	
鹿児島	広瀬道路ですね	Editional	
スギ	小貫諏訪社の大スギですね	Editional	
小貫	小貫諏訪社の大スギですね	Editional	
諏訪	小貫諏訪社の大スギですね	Editional	
集落	小貫諏訪社の大スギですね	Editional	
境内	小貫諏訪社の大スギですね	Editional	
一休	えなりかずきの一休さんですね	Editional	
なり	えなりかずきの一休さんですね	Editional	
かずき	えなりかずきの一休さんですね	Editional	
テレビ	えなりかずきの一休さんですね	Editional	
ドラマ	えなりかずきの一休さんですね	Editional	
女子	若松育美ですね	Editional	
マラソン	若松育美ですね	Editional	
鹿児島	若松育美ですね	Editional	
国際	若松育美ですね	Editional	
若松	若松育美ですね	Editional	
長与	長与町立長与小学校ですね	Editional	
小学校	長与町立長与小学校ですね	Editional	
町立	長与町立長与小学校ですね	Editional	
ちょう	長与町立長与小学校ですね	Editional	
りつ	長与町立長与小学校ですね	Editional	
女子	伊藤舞 (陸上選手)ですね	Editional	
マラソン	伊藤舞 (陸上選手)ですね	Editional	
月	伊藤舞 (陸上選手)ですね	Editional	
陸上	伊藤舞 (陸上選手)ですね	Editional	
日本	伊藤舞 (陸上選手)ですね	Editional	
学校	大阪薫英女学院中学校・高等学校ですね	Editional	
大阪	大阪薫英女学院中学校・高等学校ですね	Editional	
薫	大阪薫英女学院中学校・高等学校ですね	Editional	
中学校	大阪薫英女学院中学校・高等学校ですね	Editional	
英	大阪薫英女学院中学校・高等学校ですね	Editional	
シューベルト	弦楽四重奏曲第11番 (シューベルト)ですね	Editional	
弦楽	弦楽四重奏曲第11番 (シューベルト)ですね	Editional	
作品	弦楽四重奏曲第11番 (シューベルト)ですね	Editional	
家庭	弦楽四重奏曲第11番 (シューベルト)ですね	Editional	
四重奏	弦楽四重奏曲第11番 (シューベルト)ですね	Editional	
神社	住吉神社 (京都市下京区醒ヶ井)ですね	Editional	
住吉	住吉神社 (京都市下京区醒ヶ井)ですね	Editional	
俊成	住吉神社 (京都市下京区醒ヶ井)ですね	Editional	
神	住吉神社 (京都市下京区醒ヶ井)ですね	Editional	
和歌	住吉神社 (京都市下京区醒ヶ井)ですね	Editional	
オーディション	中里亜美ですね	Editional	
中里	中里亜美ですね	Editional	
亜美	中里亜美ですね	Editional	
月	中里亜美ですね	Editional	
日本	中里亜美ですね	Editional	
ヤマダ電機	森唯我ですね	Editional	
月	森唯我ですね	Editional	
陸上	森唯我ですね	Editional	
佛	森唯我ですね	Editional	
教	森唯我ですね	Editional	
千葉	千葉夏実ですね	Editional	
夏実	千葉夏実ですね	Editional	
日本	千葉夏実ですね	Editional	
アイドル	千葉夏実ですね	Editional	
メンバー	千葉夏実ですね	Editional	
ジョージ	ジョージ・シェルドンですね	Editional	
シェル	ジョージ・シェルドンですね	Editional	
ドン	ジョージ・シェルドンですね	Editional	
ミハイル	ミハイル2世・アセンですね	Editional	
ブルガリア	ミハイル2世・アセンですね	Editional	
地方	ミハイル2世・アセンですね	Editional	
和平	ミハイル2世・アセンですね	Editional	
帝国	ミハイル2世・アセンですね	Editional	
菅原	菅原雅芳ですね	Editional	
雅芳	菅原雅芳ですね	Editional	
す	菅原雅芳ですね	Editional	
まさよ	菅原雅芳ですね	Editional	
月	菅原雅芳ですね	Editional	
田中	田中奈々絵ですね	Editional	
奈々絵	田中奈々絵ですね	Editional	
エペ	田中奈々絵ですね	Editional	
月	田中奈々絵ですね	Editional	
日本	田中奈々絵ですね	Editional	
ミニ	爆走兄弟レッツ&ゴー!!WGP 暴走ミニ四駆大追跡!ですね	Editional	
アニメ	爆走兄弟レッツ&ゴー!!WGP 暴走ミニ四駆大追跡!ですね	Editional	
豪	爆走兄弟レッツ&ゴー!!WGP 暴走ミニ四駆大追跡!ですね	Editional	
兄弟	爆走兄弟レッツ&ゴー!!WGP 暴走ミニ四駆大追跡!ですね	Editional	
レッツ	爆走兄弟レッツ&ゴー!!WGP 暴走ミニ四駆大追跡!ですね	Editional	
大阪	沢田昭宏ですね	Editional	
沢田	沢田昭宏ですね	Editional	
昭宏	沢田昭宏ですね	Editional	
さわ	沢田昭宏ですね	Editional	
あき	沢田昭宏ですね	Editional	
フェンシング	久保紀子ですね	Editional	
鹿児島	久保紀子ですね	Editional	
団体	久保紀子ですね	Editional	
久保	久保紀子ですね	Editional	
紀子	久保紀子ですね	Editional	
自由形	奈良恵里加ですね	Editional	
パラリンピック	奈良恵里加ですね	Editional	
金メダル	奈良恵里加ですね	Editional	
銅メダル	奈良恵里加ですね	Editional	
障害	奈良恵里加ですね	Editional	
鴨	鴨南蛮ですね	Editional	
南蛮	鴨南蛮ですね	Editional	
ネギ	鴨南蛮ですね	Editional	
肉	鴨南蛮ですね	Editional	
そば	鴨南蛮ですね	Editional	
西岡	西岡和哉ですね	Editional	
和哉	西岡和哉ですね	Editional	
スタジオ	スタジオ・ハードですね	Editional	
ハード	スタジオ・ハードですね	Editional	
ゲーム	スタジオ・ハードですね	Editional	
プロダクション	スタジオ・ハードですね	Editional	
アニメ	スタジオ・ハードですね	Editional	
大会	西岡和哉 (スピードスケート選手)ですね	Editional	
月	西岡和哉 (スピードスケート選手)ですね	Editional	
スピード	西岡和哉 (スピードスケート選手)ですね	Editional	
スケート	西岡和哉 (スピードスケート選手)ですね	Editional	
選手	西岡和哉 (スピードスケート選手)ですね	Editional	
代地	深川元町代地ですね	Editional	
深川	深川元町代地ですね	Editional	
元町	深川元町代地ですね	Editional	
本所	深川元町代地ですね	Editional	
東京	深川元町代地ですね	Editional	
映画	浜辺美波ですね	Editional	
月	浜辺美波ですね	Editional	
東宝	浜辺美波ですね	Editional	
芸能	浜辺美波ですね	Editional	
ドラマ	浜辺美波ですね	Editional	
歴史	北原進ですね	Editional	
立正大学	北原進ですね	Editional	
教授	北原進ですね	Editional	
北原	北原進ですね	Editional	
進	北原進ですね	Editional	
北山	J'J Kis-My-Ft2 北山宏光 ひとりぼっちインド横断 バックパックの旅ですね	Editional	
インド	J'J Kis-My-Ft2 北山宏光 ひとりぼっちインド横断 バックパックの旅ですね	Editional	
宏光	J'J Kis-My-Ft2 北山宏光 ひとりぼっちインド横断 バックパックの旅ですね	Editional	
ひとり	J'J Kis-My-Ft2 北山宏光 ひとりぼっちインド横断 バックパックの旅ですね	Editional	
パック	J'J Kis-My-Ft2 北山宏光 ひとりぼっちインド横断 バックパックの旅ですね	Editional	
ビル	ビル・ロジャースですね	Editional	
ロジャース	ビル・ロジャースですね	Editional	
大阪	伊藤喜智ですね	Editional	
伊藤	伊藤喜智ですね	Editional	
喜	伊藤喜智ですね	Editional	
智	伊藤喜智ですね	Editional	
いとう	伊藤喜智ですね	Editional	
皇帝	フランク・ローマ皇帝ですね	Editional	
ローマ	フランク・ローマ皇帝ですね	Editional	
イタリア	フランク・ローマ皇帝ですね	Editional	
フランク	フランク・ローマ皇帝ですね	Editional	
戴冠	フランク・ローマ皇帝ですね	Editional	
高安	高安氏ですね	Editional	
姓	高安氏ですね	Editional	
河内	高安氏ですね	Editional	
一族	高安氏ですね	Editional	
漢	高安氏ですね	Editional	
月	メグたんって魔法つかえるの?ですね	Editional	
メグ	メグたんって魔法つかえるの?ですね	Editional	
魔法	メグたんって魔法つかえるの?ですね	Editional	
たん	メグたんって魔法つかえるの?ですね	Editional	
魔法使い	メグたんって魔法つかえるの?ですね	Editional	
山田	山田創一ですね	Editional	
創	山田創一ですね	Editional	
民法	山田創一ですね	Editional	
教授	山田創一ですね	Editional	
やまだ	山田創一ですね	Editional	
民法	中川敏宏ですね	Editional	
学者	中川敏宏ですね	Editional	
法学	中川敏宏ですね	Editional	
一橋大学	中川敏宏ですね	Editional	
大学院	中川敏宏ですね	Editional	
トンネル	北山トンネルですね	Editional	
北山	北山トンネルですね	Editional	
児童	保永貞夫ですね	Editional	
文学	保永貞夫ですね	Editional	
保永	保永貞夫ですね	Editional	
貞夫	保永貞夫ですね	Editional	
日本	保永貞夫ですね	Editional	
東京	遠藤雅古ですね	Editional	
藝	遠藤雅古ですね	Editional	
大学	遠藤雅古ですね	Editional	
遠藤	遠藤雅古ですね	Editional	
雅	遠藤雅古ですね	Editional	
落合	落合兼行ですね	Editional	
今井	落合兼行ですね	Editional	
樋口	落合兼行ですね	Editional	
兼光	落合兼行ですね	Editional	
兼平	落合兼行ですね	Editional	
女子	狩野倫久ですね	Editional	
狩野	狩野倫久ですね	Editional	
月	狩野倫久ですね	Editional	
関西	狩野倫久ですね	Editional	
チーム	狩野倫久ですね	Editional	
小山	小山勉 (曖昧さ回避)ですね	Editional	
勉	小山勉 (曖昧さ回避)ですね	Editional	
こやま	小山勉 (曖昧さ回避)ですね	Editional	
月	スティーヴン・コールドウェルですね	Editional	
リーグ	スティーヴン・コールドウェルですね	Editional	
シーズン	スティーヴン・コールドウェルですね	Editional	
スコットランド	スティーヴン・コールドウェルですね	Editional	
シティ	スティーヴン・コールドウェルですね	Editional	
月	ルイ＝ベルナール・ギトン・ド・モルボーですね	Editional	
化学	ルイ＝ベルナール・ギトン・ド・モルボーですね	Editional	
気球	ルイ＝ベルナール・ギトン・ド・モルボーですね	Editional	
ルイ	ルイ＝ベルナール・ギトン・ド・モルボーですね	Editional	
フランス	ルイ＝ベルナール・ギトン・ド・モルボーですね	Editional	
八幡	陸奥介景綱ですね	Editional	
景	陸奥介景綱ですね	Editional	
陸奥	陸奥介景綱ですね	Editional	
景綱	陸奥介景綱ですね	Editional	
荘	陸奥介景綱ですね	Editional	
訳詞	山本安見ですね	Editional	
ビートルズ	山本安見ですね	Editional	
山本	山本安見ですね	Editional	
安見	山本安見ですね	Editional	
父	山本安見ですね	Editional	
国際	宇佐美滋ですね	Editional	
月	宇佐美滋ですね	Editional	
日本	宇佐美滋ですね	Editional	
教授	宇佐美滋ですね	Editional	
大学	宇佐美滋ですね	Editional	
月	島野りーみんですね	Editional	
競輪	島野りーみんですね	Editional	
選手	島野りーみんですね	Editional	
プロ	島野りーみんですね	Editional	
時代	島野りーみんですね	Editional	
松元	松元弘毅ですね	Editional	
弘毅	松元弘毅ですね	Editional	
まつ	松元弘毅ですね	Editional	
こうき	松元弘毅ですね	Editional	
シナリオライター	松元弘毅ですね	Editional	
川島	川島圭司ですね	Editional	
圭	川島圭司ですね	Editional	
司	川島圭司ですね	Editional	
滋賀	川島圭司ですね	Editional	
けい	川島圭司ですね	Editional	
地理	阿部和俊ですね	Editional	
愛知教育大学	阿部和俊ですね	Editional	
教授	阿部和俊ですね	Editional	
名古屋大学	阿部和俊ですね	Editional	
阿部	阿部和俊ですね	Editional	
教授	原口庄輔ですね	Editional	
英語	原口庄輔ですね	Editional	
原口	原口庄輔ですね	Editional	
庄	原口庄輔ですね	Editional	
日本	原口庄輔ですね	Editional	
フィリップ	フィリップ・ド・ロレーヌですね	Editional	
フランス	フィリップ・ド・ロレーヌですね	Editional	
ルイ	フィリップ・ド・ロレーヌですね	Editional	
庶子	フィリップ・ド・ロレーヌですね	Editional	
ド	フィリップ・ド・ロレーヌですね	Editional	
江	パラ江ですね	Editional	
日本	パラ江ですね	Editional	
東京	パラ江ですね	Editional	
足立	パラ江ですね	Editional	
出身	パラ江ですね	Editional	
ゲーム	西遊降魔録 流棒妖技ノ章ですね	Editional	
塔	西遊降魔録 流棒妖技ノ章ですね	Editional	
降魔	西遊降魔録 流棒妖技ノ章ですね	Editional	
棒	西遊降魔録 流棒妖技ノ章ですね	Editional	
章	西遊降魔録 流棒妖技ノ章ですね	Editional	
佐藤	佐藤円治ですね	Editional	
俳優	佐藤円治ですね	Editional	
円治	佐藤円治ですね	Editional	
月	佐藤円治ですね	Editional	
昭和	佐藤円治ですね	Editional	
映画	ウルフクリーク/猟奇殺人谷ですね	Editional	
ウルフ	ウルフクリーク/猟奇殺人谷ですね	Editional	
クリーク	ウルフクリーク/猟奇殺人谷ですね	Editional	
猟奇	ウルフクリーク/猟奇殺人谷ですね	Editional	
殺人	ウルフクリーク/猟奇殺人谷ですね	Editional	
カード	遊☆戯☆王デュエルモンスターズII 闇界決闘記ですね	Editional	
ゲーム	遊☆戯☆王デュエルモンスターズII 闇界決闘記ですね	Editional	
王	遊☆戯☆王デュエルモンスターズII 闇界決闘記ですね	Editional	
ボーイ	遊☆戯☆王デュエルモンスターズII 闇界決闘記ですね	Editional	
闇	遊☆戯☆王デュエルモンスターズII 闇界決闘記ですね	Editional	
長与	長与町立長与中学校ですね	Editional	
中学校	長与町立長与中学校ですね	Editional	
町立	長与町立長与中学校ですね	Editional	
ちょう	長与町立長与中学校ですね	Editional	
りつ	長与町立長与中学校ですね	Editional	
座	嵐小六 (5代目)ですね	Editional	
嵐	嵐小六 (5代目)ですね	Editional	
江戸	嵐小六 (5代目)ですね	Editional	
上方	嵐小六 (5代目)ですね	Editional	
叶	嵐小六 (5代目)ですね	Editional	
葉月	ひとりみ葉月さんと。ですね	Editional	
ひとり	ひとりみ葉月さんと。ですね	Editional	
月	ひとりみ葉月さんと。ですね	Editional	
日本	ひとりみ葉月さんと。ですね	Editional	
漫画	ひとりみ葉月さんと。ですね	Editional	
チャールズ	エドワード・モンタギュー (第2代マンチェスター伯爵)ですね	Editional	
王	エドワード・モンタギュー (第2代マンチェスター伯爵)ですね	Editional	
マンチェスター	エドワード・モンタギュー (第2代マンチェスター伯爵)ですね	Editional	
伯爵	エドワード・モンタギュー (第2代マンチェスター伯爵)ですね	Editional	
議会	エドワード・モンタギュー (第2代マンチェスター伯爵)ですね	Editional	
小篠	小篠菊雄ですね	Editional	
菊雄	小篠菊雄ですね	Editional	
フジテレビ	小篠菊雄ですね	Editional	
スポーツ	小篠菊雄ですね	Editional	
アナウンサー	小篠菊雄ですね	Editional	
名古屋	名古屋市立豊臣小学校ですね	Editional	
豊臣	名古屋市立豊臣小学校ですね	Editional	
小学校	名古屋市立豊臣小学校ですね	Editional	
市立	名古屋市立豊臣小学校ですね	Editional	
なごや	名古屋市立豊臣小学校ですね	Editional	
競輪	中村由香里 (競輪選手)ですね	Editional	
月	中村由香里 (競輪選手)ですね	Editional	
選手	中村由香里 (競輪選手)ですね	Editional	
学校	中村由香里 (競輪選手)ですね	Editional	
中村	中村由香里 (競輪選手)ですね	Editional	
ジョージ	ジョージ・シェルドン (飛込選手)ですね	Editional	
シェル	ジョージ・シェルドン (飛込選手)ですね	Editional	
ドン	ジョージ・シェルドン (飛込選手)ですね	Editional	
飛	ジョージ・シェルドン (飛込選手)ですね	Editional	
込	ジョージ・シェルドン (飛込選手)ですね	Editional	
寺	永秀寺 (熊本県高森町)ですね	Editional	
熊本	永秀寺 (熊本県高森町)ですね	Editional	
高森	永秀寺 (熊本県高森町)ですね	Editional	
後藤	永秀寺 (熊本県高森町)ですね	Editional	
住職	永秀寺 (熊本県高森町)ですね	Editional	
劉	劉旺ですね	Editional	
宇宙	劉旺ですね	Editional	
パイロット	劉旺ですね	Editional	
神	劉旺ですね	Editional	
舟	劉旺ですね	Editional	
宇宙	劉洋ですね	Editional	
女性	劉洋ですね	Editional	
劉	劉洋ですね	Editional	
洋	劉洋ですね	Editional	
神	劉洋ですね	Editional	
宇宙	王亜平ですね	Editional	
中国	王亜平ですね	Editional	
王	王亜平ですね	Editional	
月	王亜平ですね	Editional	
女性	王亜平ですね	Editional	
原田	原田健一ですね	Editional	
健一	原田健一ですね	Editional	
新潟大学	原田健一ですね	Editional	
教授	原田健一ですね	Editional	
熊楠	原田健一ですね	Editional	
リーグ	狩野新ですね	Editional	
全日本	狩野新ですね	Editional	
選手権	狩野新ですね	Editional	
サッカー	狩野新ですね	Editional	
ベスト	狩野新ですね	Editional	
長野	吉田總一郎ですね	Editional	
吉田	吉田總一郎ですね	Editional	
總一郎	吉田總一郎ですね	Editional	
環境	吉田總一郎ですね	Editional	
日本	吉田總一郎ですね	Editional	
議会	ジェームズ・スタンリー (第7代ダービー伯爵)ですね	Editional	
チャールズ	ジェームズ・スタンリー (第7代ダービー伯爵)ですね	Editional	
月	ジェームズ・スタンリー (第7代ダービー伯爵)ですね	Editional	
王	ジェームズ・スタンリー (第7代ダービー伯爵)ですね	Editional	
イングランド	ジェームズ・スタンリー (第7代ダービー伯爵)ですね	Editional	
名古屋大学	神尾美津雄ですね	Editional	
文学	神尾美津雄ですね	Editional	
教授	神尾美津雄ですね	Editional	
東北大学	神尾美津雄ですね	Editional	
文学部	神尾美津雄ですね	Editional	
宏	風間宏矢ですね	Editional	
月	風間宏矢ですね	Editional	
風間	風間宏矢ですね	Editional	
選手	風間宏矢ですね	Editional	
矢	風間宏矢ですね	Editional	
かずえ	靜村かずえですね	Editional	
広島	靜村かずえですね	Editional	
靜	靜村かずえですね	Editional	
むら	靜村かずえですね	Editional	
月	靜村かずえですね	Editional	
教授	笠井清ですね	Editional	
笠井	笠井清ですね	Editional	
清	笠井清ですね	Editional	
月	笠井清ですね	Editional	
甲南大学	笠井清ですね	Editional	
友	石川武美ですね	Editional	
主婦	石川武美ですね	Editional	
月	石川武美ですね	Editional	
社長	石川武美ですね	Editional	
昭和	石川武美ですね	Editional	
映画	ヘンリー・シルヴァですね	Editional	
中心	ヘンリー・シルヴァですね	Editional	
月	ヘンリー・シルヴァですね	Editional	
アメリカ合衆国	ヘンリー・シルヴァですね	Editional	
俳優	ヘンリー・シルヴァですね	Editional	
文化	江淵一公ですね	Editional	
教授	江淵一公ですね	Editional	
人類	江淵一公ですね	Editional	
大学	江淵一公ですね	Editional	
江	江淵一公ですね	Editional	
闘士	聖闘士星矢戦記ですね	Editional	
聖	聖闘士星矢戦記ですね	Editional	
キャラクター	聖闘士星矢戦記ですね	Editional	
矢	聖闘士星矢戦記ですね	Editional	
ストーリー	聖闘士星矢戦記ですね	Editional	
宇宙	古川聡ですね	Editional	
古川	古川聡ですね	Editional	
聡	古川聡ですね	Editional	
月	古川聡ですね	Editional	
医学部	古川聡ですね	Editional	
松田	松田芳子ですね	Editional	
芳子	松田芳子ですね	Editional	
まつ	松田芳子ですね	Editional	
しこ	松田芳子ですね	Editional	
暴力団	松田芳子ですね	Editional	
高木	高木進ですね	Editional	
進	高木進ですね	Editional	
仏文	高木進ですね	Editional	
かぎ	高木進ですね	Editional	
月	高木進ですね	Editional	
リーグ	クリント・ボルトンですね	Editional	
クリーン	クリント・ボルトンですね	Editional	
シート	クリント・ボルトンですね	Editional	
クラブ	クリント・ボルトンですね	Editional	
月	クリント・ボルトンですね	Editional	
川澄	川澄氏ですね	Editional	
水戸	川澄氏ですね	Editional	
安島	川澄氏ですね	Editional	
河	川澄氏ですね	Editional	
澄	川澄氏ですね	Editional	
播磨	本荘 (播磨町)ですね	Editional	
本荘	本荘 (播磨町)ですね	Editional	
加古	本荘 (播磨町)ですね	Editional	
大字	本荘 (播磨町)ですね	Editional	
ほん	本荘 (播磨町)ですね	Editional	
歴史	村上信夫のosaka歴史ロマン〜歴史を知れば今がわかる〜ですね	Editional	
大阪	村上信夫のosaka歴史ロマン〜歴史を知れば今がわかる〜ですね	Editional	
村上	村上信夫のosaka歴史ロマン〜歴史を知れば今がわかる〜ですね	Editional	
信夫	村上信夫のosaka歴史ロマン〜歴史を知れば今がわかる〜ですね	Editional	
ロマン	村上信夫のosaka歴史ロマン〜歴史を知れば今がわかる〜ですね	Editional	
魔法	魔法少女まどか☆マギカのキャラクター一覧ですね	Editional	
少女	魔法少女まどか☆マギカのキャラクター一覧ですね	Editional	
魔女	魔法少女まどか☆マギカのキャラクター一覧ですね	Editional	
まどか	魔法少女まどか☆マギカのキャラクター一覧ですね	Editional	
キャラクター	魔法少女まどか☆マギカのキャラクター一覧ですね	Editional	
田原	Mr. BIG (田原俊彦の曲)ですね	Editional	
俊彦	Mr. BIG (田原俊彦の曲)ですね	Editional	
曲	Mr. BIG (田原俊彦の曲)ですね	Editional	
ミスター	Mr. BIG (田原俊彦の曲)ですね	Editional	
ビッグ	Mr. BIG (田原俊彦の曲)ですね	Editional	
吉田	吉田山田ですね	Editional	
山田	吉田山田ですね	Editional	
やまだ	吉田山田ですね	Editional	
結	吉田山田ですね	Editional	
威	吉田山田ですね	Editional	
政治	倉島隆ですね	Editional	
機構	倉島隆ですね	Editional	
倉島	倉島隆ですね	Editional	
隆	倉島隆ですね	Editional	
月	倉島隆ですね	Editional	
駅	ドンガン・ヒルズ駅ですね	Editional	
ドン	ドンガン・ヒルズ駅ですね	Editional	
ガン	ドンガン・ヒルズ駅ですね	Editional	
ヒルズ	ドンガン・ヒルズ駅ですね	Editional	
英語	ドンガン・ヒルズ駅ですね	Editional	
伊	横田稔 (海軍軍人)ですね	Editional	
月	横田稔 (海軍軍人)ですね	Editional	
艦長	横田稔 (海軍軍人)ですね	Editional	
横田	横田稔 (海軍軍人)ですね	Editional	
米	横田稔 (海軍軍人)ですね	Editional	
競輪	小林莉子ですね	Editional	
学校	小林莉子ですね	Editional	
月	小林莉子ですね	Editional	
選手	小林莉子ですね	Editional	
女子	小林莉子ですね	Editional	
聖	聖マルコ大聖堂 (アレクサンドリア)ですね	Editional	
マルコ	聖マルコ大聖堂 (アレクサンドリア)ですね	Editional	
聖堂	聖マルコ大聖堂 (アレクサンドリア)ですね	Editional	
アレクサンドリア	聖マルコ大聖堂 (アレクサンドリア)ですね	Editional	
アレキサンドリア	聖マルコ大聖堂 (アレクサンドリア)ですね	Editional	
サッカー	町田也真人ですね	Editional	
町田	町田也真人ですね	Editional	
月	町田也真人ですね	Editional	
埼玉	町田也真人ですね	Editional	
選手	町田也真人ですね	Editional	
長与	長与町立洗切小学校ですね	Editional	
小学校	長与町立洗切小学校ですね	Editional	
町立	長与町立洗切小学校ですね	Editional	
洗切	長与町立洗切小学校ですね	Editional	
ちょう	長与町立洗切小学校ですね	Editional	
海老沢	海老沢氏ですね	Editional	
常陸	海老沢氏ですね	Editional	
名	海老沢氏ですね	Editional	
江戸	海老沢氏ですね	Editional	
土佐	海老沢氏ですね	Editional	
国境	集安鴨緑江国境鉄道大橋ですね	Editional	
鴨	集安鴨緑江国境鉄道大橋ですね	Editional	
緑	集安鴨緑江国境鉄道大橋ですね	Editional	
江	集安鴨緑江国境鉄道大橋ですね	Editional	
鉄道	集安鴨緑江国境鉄道大橋ですね	Editional	
選手権	高橋宏明 (柔道家)ですね	Editional	
全日本	高橋宏明 (柔道家)ですね	Editional	
高橋	高橋宏明 (柔道家)ですね	Editional	
柔道	高橋宏明 (柔道家)ですね	Editional	
講道館	高橋宏明 (柔道家)ですね	Editional	
バス	鳩山町内循環バスですね	Editional	
鳩山	鳩山町内循環バスですね	Editional	
町内	鳩山町内循環バスですね	Editional	
祝日	鳩山町内循環バスですね	Editional	
年末年始	鳩山町内循環バスですね	Editional	
月	近藤治ですね	Editional	
歴史	近藤治ですね	Editional	
大学	近藤治ですね	Editional	
学科	近藤治ですね	Editional	
教授	近藤治ですね	Editional	
毛利	毛利氏 (曖昧さ回避)ですね	Editional	
日本	毛利氏 (曖昧さ回避)ですね	Editional	
氏族	毛利氏 (曖昧さ回避)ですね	Editional	
曽根	To You (曽根由希江のアルバム)ですね	Editional	
由希	To You (曽根由希江のアルバム)ですね	Editional	
江	To You (曽根由希江のアルバム)ですね	Editional	
アルバム	To You (曽根由希江のアルバム)ですね	Editional	
初回	To You (曽根由希江のアルバム)ですね	Editional	
ジェームズ	ジェームズ・スタンリーですね	Editional	
日本	福間知之ですね	Editional	
参議院	福間知之ですね	Editional	
議員	福間知之ですね	Editional	
社会党	福間知之ですね	Editional	
福間	福間知之ですね	Editional	
吉澤	佐野市立吉澤記念美術館ですね	Editional	
美術館	佐野市立吉澤記念美術館ですね	Editional	
佐野	佐野市立吉澤記念美術館ですね	Editional	
葛生	佐野市立吉澤記念美術館ですね	Editional	
市立	佐野市立吉澤記念美術館ですね	Editional	
坂田	坂田記一ですね	Editional	
サッカー	坂田記一ですね	Editional	
新潟	坂田記一ですね	Editional	
シンガポール	坂田記一ですね	Editional	
りか	坂田記一ですね	Editional	
鴨	臨江鴨緑江大橋ですね	Editional	
緑	臨江鴨緑江大橋ですね	Editional	
江	臨江鴨緑江大橋ですね	Editional	
国境	臨江鴨緑江大橋ですね	Editional	
大橋	臨江鴨緑江大橋ですね	Editional	
インドネシア	カハルディン・ナスティオン・スポーツセンター・ルンバイ・スタジアムですね	Editional	
ハル	カハルディン・ナスティオン・スポーツセンター・ルンバイ・スタジアムですね	Editional	
ディン	カハルディン・ナスティオン・スポーツセンター・ルンバイ・スタジアムですね	Editional	
ナス	カハルディン・ナスティオン・スポーツセンター・ルンバイ・スタジアムですね	Editional	
スタジアム	カハルディン・ナスティオン・スポーツセンター・ルンバイ・スタジアムですね	Editional	
ニューヨーク	モリス・ハイツ駅ですね	Editional	
駅	モリス・ハイツ駅ですね	Editional	
ホーム	モリス・ハイツ駅ですね	Editional	
メトロ	モリス・ハイツ駅ですね	Editional	
ノース	モリス・ハイツ駅ですね	Editional	
洞山	洞山良价ですね	Editional	
人	洞山良价ですね	Editional	
良	洞山良价ですね	Editional	
中国	洞山良价ですね	Editional	
宗	洞山良价ですね	Editional	
駅	グレンウッド駅ですね	Editional	
ニューヨーク	グレンウッド駅ですね	Editional	
メトロ	グレンウッド駅ですね	Editional	
ノース	グレンウッド駅ですね	Editional	
鉄道	グレンウッド駅ですね	Editional	
ニューヨーク	グレーストーン駅 (ニューヨーク州)ですね	Editional	
駅	グレーストーン駅 (ニューヨーク州)ですね	Editional	
グレー	グレーストーン駅 (ニューヨーク州)ですね	Editional	
ストーン	グレーストーン駅 (ニューヨーク州)ですね	Editional	
メトロ	グレーストーン駅 (ニューヨーク州)ですね	Editional	
駅	アーズリー＝オン＝ハドソン駅ですね	Editional	
ハドソン	アーズリー＝オン＝ハドソン駅ですね	Editional	
オン	アーズリー＝オン＝ハドソン駅ですね	Editional	
ニューヨーク	アーズリー＝オン＝ハドソン駅ですね	Editional	
メトロ	アーズリー＝オン＝ハドソン駅ですね	Editional	
鞄	村瀬鞄行ですね	Editional	
村瀬	村瀬鞄行ですね	Editional	
行	村瀬鞄行ですね	Editional	
株式会社	村瀬鞄行ですね	Editional	
かばん	村瀬鞄行ですね	Editional	
月	ニクラス・モイサンデルですね	Editional	
フィンランド	ニクラス・モイサンデルですね	Editional	
シーズン	ニクラス・モイサンデルですね	Editional	
ゴール	ニクラス・モイサンデルですね	Editional	
選手	ニクラス・モイサンデルですね	Editional	
駅	コス・コブ駅ですね	Editional	
メトロ	コス・コブ駅ですね	Editional	
ノース	コス・コブ駅ですね	Editional	
鉄道	コス・コブ駅ですね	Editional	
コス	コス・コブ駅ですね	Editional	
矢部	矢部金太郎ですね	Editional	
金太郎	矢部金太郎ですね	Editional	
きん	矢部金太郎ですね	Editional	
生年	矢部金太郎ですね	Editional	
日本	矢部金太郎ですね	Editional	
原	原実ですね	Editional	
実	原実ですね	Editional	
恵	長恵国際大橋ですね	Editional	
国際	長恵国際大橋ですね	Editional	
大橋	長恵国際大橋ですね	Editional	
橋	長恵国際大橋ですね	Editional	
長	長恵国際大橋ですね	Editional	
月	尾崎一夫ですね	Editional	
日本語	尾崎一夫ですね	Editional	
尾崎	尾崎一夫ですね	Editional	
エクアドル	尾崎一夫ですね	Editional	
教会	尾崎一夫ですね	Editional	
月	ミゲル・ロケ・ファレーロですね	Editional	
スペイン	ミゲル・ロケ・ファレーロですね	Editional	
シーズン	ミゲル・ロケ・ファレーロですね	Editional	
ミキ	ミゲル・ロケ・ファレーロですね	Editional	
ロケ	ミゲル・ロケ・ファレーロですね	Editional	
支局	小倉孝保ですね	Editional	
小倉	小倉孝保ですね	Editional	
孝	小倉孝保ですね	Editional	
保	小倉孝保ですね	Editional	
ノンフィクション	小倉孝保ですね	Editional	
大高	大高氏ですね	Editional	
多賀	大高氏ですね	Editional	
那珂	大高氏ですね	Editional	
日本	大高氏ですね	Editional	
氏族	大高氏ですね	Editional	
月	マイケル・ホーダーンですね	Editional	
俳優	マイケル・ホーダーンですね	Editional	
舞台	マイケル・ホーダーンですね	Editional	
映画	マイケル・ホーダーンですね	Editional	
シェイクスピア	マイケル・ホーダーンですね	Editional	
野球	星野武男ですね	Editional	
星野	星野武男ですね	Editional	
武男	星野武男ですね	Editional	
愛知	星野武男ですね	Editional	
投手	星野武男ですね	Editional	
逸見	逸見友惠ですね	Editional	
友	逸見友惠ですね	Editional	
惠	逸見友惠ですね	Editional	
へん	逸見友惠ですね	Editional	
ともえ	逸見友惠ですね	Editional	
日本	尼崎博正ですね	Editional	
京都	尼崎博正ですね	Editional	
芸術	尼崎博正ですね	Editional	
教授	尼崎博正ですね	Editional	
尼崎	尼崎博正ですね	Editional	
長坂	長坂衛ですね	Editional	
衛	長坂衛ですね	Editional	
月	長坂衛ですね	Editional	
プロ	長坂衛ですね	Editional	
投手	長坂衛ですね	Editional	
月	ジャネット・イエレンですね	Editional	
議長	ジャネット・イエレンですね	Editional	
金融	ジャネット・イエレンですね	Editional	
政策	ジャネット・イエレンですね	Editional	
経済	ジャネット・イエレンですね	Editional	
スタイリスト	大澤美樹ですね	Editional	
ボディ	大澤美樹ですね	Editional	
大澤	大澤美樹ですね	Editional	
美樹	大澤美樹ですね	Editional	
日本	大澤美樹ですね	Editional	
松平	松平信博ですね	Editional	
昭和	松平信博ですね	Editional	
月	松平信博ですね	Editional	
映画	松平信博ですね	Editional	
音楽	松平信博ですね	Editional	
ジャズ	奥田弦ですね	Editional	
奥田	奥田弦ですね	Editional	
弦	奥田弦ですね	Editional	
月	奥田弦ですね	Editional	
ピアノ	奥田弦ですね	Editional	
すみれ	神田すみれですね	Editional	
神田	神田すみれですね	Editional	
講談	神田すみれですね	Editional	
怪談	神田すみれですね	Editional	
本名	神田すみれですね	Editional	
林	呉法憲ですね	Editional	
彪	呉法憲ですね	Editional	
月	呉法憲ですね	Editional	
中国	呉法憲ですね	Editional	
中国共産党	呉法憲ですね	Editional	
大学	フレデリック・ワイズマンですね	Editional	
映画	フレデリック・ワイズマンですね	Editional	
ボストン	フレデリック・ワイズマンですね	Editional	
弁護士	フレデリック・ワイズマンですね	Editional	
フレデリック	フレデリック・ワイズマンですね	Editional	
駅	ジェファーソン・アベニュー駅ですね	Editional	
ジェファーソン	ジェファーソン・アベニュー駅ですね	Editional	
アベニュー	ジェファーソン・アベニュー駅ですね	Editional	
ホーム	ジェファーソン・アベニュー駅ですね	Editional	
線路	ジェファーソン・アベニュー駅ですね	Editional	
月	フランツ・ホーファーですね	Editional	
チロル	フランツ・ホーファーですね	Editional	
国家	フランツ・ホーファーですね	Editional	
管区	フランツ・ホーファーですね	Editional	
ドイツ	フランツ・ホーファーですね	Editional	
シャー	シャーウッドの森ですね	Editional	
ウッド	シャーウッドの森ですね	Editional	
森	シャーウッドの森ですね	Editional	
ノッティンガム	シャーウッドの森ですね	Editional	
世紀	シャーウッドの森ですね	Editional	
大学	秋山正幸ですね	Editional	
日本	秋山正幸ですね	Editional	
国際	秋山正幸ですね	Editional	
教授	秋山正幸ですね	Editional	
大学院	秋山正幸ですね	Editional	
花島	花島鎮公園ですね	Editional	
仁川	花島鎮公園ですね	Editional	
東	花島鎮公園ですね	Editional	
広域	花島鎮公園ですね	Editional	
花水	花島鎮公園ですね	Editional	
ウッド	シャーウッド (曖昧さ回避)ですね	Editional	
シャー	シャーウッド (曖昧さ回避)ですね	Editional	
シェア	シャーウッド (曖昧さ回避)ですね	Editional	
原音	シャーウッド (曖昧さ回避)ですね	Editional	
森	シャーウッド (曖昧さ回避)ですね	Editional	
映画	アンディ・グリフィスですね	Editional	
テレビ	アンディ・グリフィスですね	Editional	
ノースカロライナ	アンディ・グリフィスですね	Editional	
月	アンディ・グリフィスですね	Editional	
マトロック	アンディ・グリフィスですね	Editional	
アンドリュース	マーク・アンドリュースですね	Editional	
映画	マーク・アンドリュースですね	Editional	
ストーリー	マーク・アンドリュースですね	Editional	
短編	マーク・アンドリュースですね	Editional	
ワンマン	マーク・アンドリュースですね	Editional	
長与	長与町立高田小学校ですね	Editional	
小学校	長与町立高田小学校ですね	Editional	
町立	長与町立高田小学校ですね	Editional	
高田	長与町立高田小学校ですね	Editional	
ちょう	長与町立高田小学校ですね	Editional	
京都	ドクター長谷川ですね	Editional	
音楽	ドクター長谷川ですね	Editional	
作品	ドクター長谷川ですね	Editional	
ドクター	ドクター長谷川ですね	Editional	
長谷川	ドクター長谷川ですね	Editional	
バーバー	ジュリアン・バーバーですね	Editional	
科学	ジュリアン・バーバーですね	Editional	
論文	ジュリアン・バーバーですね	Editional	
ジュリアン	ジュリアン・バーバーですね	Editional	
理論	ジュリアン・バーバーですね	Editional	
映画	押田興将ですね	Editional	
押田	押田興将ですね	Editional	
興	押田興将ですね	Editional	
プロデューサー	押田興将ですね	Editional	
将	押田興将ですね	Editional	
俳優	図師光博ですね	Editional	
図師	図師光博ですね	Editional	
光博	図師光博ですね	Editional	
舞台	図師光博ですね	Editional	
大学	図師光博ですね	Editional	
中谷	中谷竜ですね	Editional	
竜	中谷竜ですね	Editional	
なか	中谷竜ですね	Editional	
りゅう	中谷竜ですね	Editional	
月	中谷竜ですね	Editional	
月	平山允ですね	Editional	
映画	平山允ですね	Editional	
ラジオ	平山允ですね	Editional	
番組	平山允ですね	Editional	
アナウンサー	平山允ですね	Editional	
ピート	ピートのペットあれこれですね	Editional	
ペット	ピートのペットあれこれですね	Editional	
あれこれ	ピートのペットあれこれですね	Editional	
原題	ピートのペットあれこれですね	Editional	
ディズニー	ピートのペットあれこれですね	Editional	
平田	宗村完治ですね	Editional	
宗村	宗村完治ですね	Editional	
紡績	宗村完治ですね	Editional	
昭和	宗村完治ですね	Editional	
月	宗村完治ですね	Editional	
マイ	マイキーとアル マナーをおぼえようですね	Editional	
キー	マイキーとアル マナーをおぼえようですね	Editional	
アル	マイキーとアル マナーをおぼえようですね	Editional	
マナー	マイキーとアル マナーをおぼえようですね	Editional	
平治	平治 (犬)ですね	Editional	
荏隈	平治 (犬)ですね	Editional	
犬	平治 (犬)ですね	Editional	
山	平治 (犬)ですね	Editional	
客	平治 (犬)ですね	Editional	
ポール	ポール・キャメロンですね	Editional	
ニューヨーク	ポール・キャメロンですね	Editional	
月	ポール・キャメロンですね	Editional	
カナダ	ポール・キャメロンですね	Editional	
モントリオール	ポール・キャメロンですね	Editional	
教授	高橋実 (歴史学者)ですね	Editional	
高橋	高橋実 (歴史学者)ですね	Editional	
実	高橋実 (歴史学者)ですね	Editional	
歴史	高橋実 (歴史学者)ですね	Editional	
学者	高橋実 (歴史学者)ですね	Editional	
月	アダム・マシューズですね	Editional	
チーム	アダム・マシューズですね	Editional	
選手	アダム・マシューズですね	Editional	
ユース	アダム・マシューズですね	Editional	
ベンチ	アダム・マシューズですね	Editional	
文化	抱井尚子ですね	Editional	
コミュニケーション	抱井尚子ですね	Editional	
心理	抱井尚子ですね	Editional	
国際	抱井尚子ですね	Editional	
大学	抱井尚子ですね	Editional	
音楽	マリー＝ルイーズ・ノイネッカーですね	Editional	
奏者	マリー＝ルイーズ・ノイネッカーですね	Editional	
マリー	マリー＝ルイーズ・ノイネッカーですね	Editional	
月	マリー＝ルイーズ・ノイネッカーですね	Editional	
ドイツ	マリー＝ルイーズ・ノイネッカーですね	Editional	
住職	白川密成ですね	Editional	
坊さん	白川密成ですね	Editional	
映画	白川密成ですね	Editional	
白川	白川密成ですね	Editional	
密	白川密成ですね	Editional	
尹	尹雄烈ですね	Editional	
雄	尹雄烈ですね	Editional	
烈	尹雄烈ですね	Editional	
月	尹雄烈ですね	Editional	
れつ	尹雄烈ですね	Editional	
オーク	オークウッド・ハイツ駅ですね	Editional	
駅	オークウッド・ハイツ駅ですね	Editional	
ホーム	オークウッド・ハイツ駅ですね	Editional	
ウッド	オークウッド・ハイツ駅ですね	Editional	
ハイツ	オークウッド・ハイツ駅ですね	Editional	
姿	姿憲子ですね	Editional	
郎	姿憲子ですね	Editional	
日本	姿憲子ですね	Editional	
主題歌	姿憲子ですね	Editional	
平成	姿憲子ですね	Editional	
空手	福地勇人ですね	Editional	
大会	福地勇人ですね	Editional	
全日本	福地勇人ですね	Editional	
月	福地勇人ですね	Editional	
白蓮	福地勇人ですね	Editional	
水野	水野稔ですね	Editional	
稔	水野稔ですね	Editional	
近世	水野稔ですね	Editional	
文学	水野稔ですね	Editional	
月	水野稔ですね	Editional	
聖	聖闘士星矢 ギャラクシーカードバトルですね	Editional	
闘士	聖闘士星矢 ギャラクシーカードバトルですね	Editional	
矢	聖闘士星矢 ギャラクシーカードバトルですね	Editional	
月	聖闘士星矢 ギャラクシーカードバトルですね	Editional	
カード	聖闘士星矢 ギャラクシーカードバトルですね	Editional	
柔術	渡辺孝真ですね	Editional	
渡辺	渡辺孝真ですね	Editional	
日本	渡辺孝真ですね	Editional	
アカデミー	渡辺孝真ですね	Editional	
孝	渡辺孝真ですね	Editional	
高松	國東照太ですね	Editional	
月	國東照太ですね	Editional	
市長	國東照太ですね	Editional	
政治	國東照太ですね	Editional	
官選	國東照太ですね	Editional	
竹内	竹内正浩ですね	Editional	
正浩	竹内正浩ですね	Editional	
たけ	竹内正浩ですね	Editional	
まさ	竹内正浩ですね	Editional	
ひろ	竹内正浩ですね	Editional	
駿河	駿河問いですね	Editional	
問い	駿河問いですね	Editional	
江戸	駿河問いですね	Editional	
時代	駿河問いですね	Editional	
問	駿河問いですね	Editional	
千春	紺野千春ですね	Editional	
紺野	紺野千春ですね	Editional	
女優	紺野千春ですね	Editional	
佐々木	紺野千春ですね	Editional	
こん	紺野千春ですね	Editional	
長与	長与町立長与南小学校ですね	Editional	
小学校	長与町立長与南小学校ですね	Editional	
町立	長与町立長与南小学校ですね	Editional	
南	長与町立長与南小学校ですね	Editional	
ちょう	長与町立長与南小学校ですね	Editional	
長与	長与町立長与第二中学校ですね	Editional	
中学校	長与町立長与第二中学校ですね	Editional	
町立	長与町立長与第二中学校ですね	Editional	
ちょう	長与町立長与第二中学校ですね	Editional	
りつ	長与町立長与第二中学校ですね	Editional	
鷲尾	鷲尾英彰ですね	Editional	
英彰	鷲尾英彰ですね	Editional	
日本	鷲尾英彰ですね	Editional	
俳優	鷲尾英彰ですね	Editional	
わし	鷲尾英彰ですね	Editional	
鳳	鳳龍弐号ですね	Editional	
龍	鳳龍弐号ですね	Editional	
衛星	鳳龍弐号ですね	Editional	
月	鳳龍弐号ですね	Editional	
九州工業大学	鳳龍弐号ですね	Editional	
政治	西川賢 (政治学者)ですね	Editional	
教授	西川賢 (政治学者)ですね	Editional	
国際	西川賢 (政治学者)ですね	Editional	
学科	西川賢 (政治学者)ですね	Editional	
西川	西川賢 (政治学者)ですね	Editional	
脩	藤原脩範ですね	Editional	
保	藤原脩範ですね	Editional	
藤原	藤原脩範ですね	Editional	
範	藤原脩範ですね	Editional	
乱	藤原脩範ですね	Editional	
平井	平井弥之助ですね	Editional	
津波	平井弥之助ですね	Editional	
技術	平井弥之助ですね	Editional	
地震	平井弥之助ですね	Editional	
月	平井弥之助ですね	Editional	
日本	佐藤至子ですね	Editional	
文学	佐藤至子ですね	Editional	
東京大学	佐藤至子ですね	Editional	
准	佐藤至子ですね	Editional	
教授	佐藤至子ですね	Editional	
医学	春日雅人ですね	Editional	
春日	春日雅人ですね	Editional	
雅人	春日雅人ですね	Editional	
東京大学	春日雅人ですね	Editional	
医学部	春日雅人ですね	Editional	
丸	玉津丸ですね	Editional	
玉津	玉津丸ですね	Editional	
陸軍	玉津丸ですね	Editional	
月	玉津丸ですね	Editional	
船団	玉津丸ですね	Editional	
土浦	土浦市立図書館ですね	Editional	
図書館	土浦市立図書館ですね	Editional	
月	土浦市立図書館ですね	Editional	
平成	土浦市立図書館ですね	Editional	
昭和	土浦市立図書館ですね	Editional	
声優	花江夏樹ですね	Editional	
月	花江夏樹ですね	Editional	
アニメ	花江夏樹ですね	Editional	
花江	花江夏樹ですね	Editional	
夏樹	花江夏樹ですね	Editional	
サッカー	ウラジーミル・アスタポフスキーですね	Editional	
月	ウラジーミル・アスタポフスキーですね	Editional	
クラブ	ウラジーミル・アスタポフスキーですね	Editional	
モスクワ	ウラジーミル・アスタポフスキーですね	Editional	
ウラジーミル	ウラジーミル・アスタポフスキーですね	Editional	
景山	石景山体育場ですね	Editional	
北京	石景山体育場ですね	Editional	
サッカー	石景山体育場ですね	Editional	
石	石景山体育場ですね	Editional	
体育	石景山体育場ですね	Editional	
委員	林徹 (経営学者)ですね	Editional	
厚生	林徹 (経営学者)ですね	Editional	
労働省	林徹 (経営学者)ですね	Editional	
林	林徹 (経営学者)ですね	Editional	
徹	林徹 (経営学者)ですね	Editional	
鶴田	鶴田郵便局 (青森県)ですね	Editional	
郵便	鶴田郵便局 (青森県)ですね	Editional	
青森	鶴田郵便局 (青森県)ですね	Editional	
北津軽	鶴田郵便局 (青森県)ですね	Editional	
つる	鶴田郵便局 (青森県)ですね	Editional	
法律	渥美博夫ですね	Editional	
渥美	渥美博夫ですね	Editional	
弁護士	渥美博夫ですね	Editional	
事務所	渥美博夫ですね	Editional	
外国	渥美博夫ですね	Editional	
江口	江口摩吏介ですね	Editional	
キャラクター	江口摩吏介ですね	Editional	
グループ	江口摩吏介ですね	Editional	
タック	江口摩吏介ですね	Editional	
長編	江口摩吏介ですね	Editional	
ジョン	ジョン・コキロンですね	Editional	
月	ジョン・コキロンですね	Editional	
映画	ジョン・コキロンですね	Editional	
カナダ	ジョン・コキロンですね	Editional	
オランダ	ジョン・コキロンですね	Editional	
大樹	阿部大樹ですね	Editional	
阿部	阿部大樹ですね	Editional	
太	阿部大樹ですね	Editional	
芸名	阿部大樹ですね	Editional	
字	阿部大樹ですね	Editional	
本部	小幡利城ですね	Editional	
戸山	小幡利城ですね	Editional	
小幡	小幡利城ですね	Editional	
昭和	小幡利城ですね	Editional	
武道	小幡利城ですね	Editional	
徳也	中村徳也ですね	Editional	
秋田	中村徳也ですね	Editional	
短歌	中村徳也ですね	Editional	
栗山	中村徳也ですね	Editional	
五城目	中村徳也ですね	Editional	
笑	福田笑迎ですね	Editional	
迎	福田笑迎ですね	Editional	
秋田	福田笑迎ですね	Editional	
生家	福田笑迎ですね	Editional	
地元	福田笑迎ですね	Editional	
短歌	松本典子 (歌人)ですね	Editional	
歌人	松本典子 (歌人)ですね	Editional	
松本	松本典子 (歌人)ですね	Editional	
典子	松本典子 (歌人)ですね	Editional	
千葉	松本典子 (歌人)ですね	Editional	
韓	韓ですね	Editional	
ハン	韓ですね	Editional	
かん	韓ですね	Editional	
和訓	韓ですね	Editional	
朝鮮	韓ですね	Editional	
ヘンリー	ヘンリー・ジャックマンですね	Editional	
ジャック	ヘンリー・ジャックマンですね	Editional	
マン	ヘンリー・ジャックマンですね	Editional	
イギリス	ヘンリー・ジャックマンですね	Editional	
映画	ヘンリー・ジャックマンですね	Editional	
月	パトリック・マッコートですね	Editional	
ゴール	パトリック・マッコートですね	Editional	
リーグ	パトリック・マッコートですね	Editional	
シティ	パトリック・マッコートですね	Editional	
選手	パトリック・マッコートですね	Editional	
共産党	グレートブリテン共産党 (マルクス・レーニン主義)ですね	Editional	
主義	グレートブリテン共産党 (マルクス・レーニン主義)ですね	Editional	
イギリス	グレートブリテン共産党 (マルクス・レーニン主義)ですね	Editional	
マルクス	グレートブリテン共産党 (マルクス・レーニン主義)ですね	Editional	
レーニン	グレートブリテン共産党 (マルクス・レーニン主義)ですね	Editional	
月	アルベール・ユスタンですね	Editional	
ベルギー	アルベール・ユスタンですね	Editional	
血液	アルベール・ユスタンですね	Editional	
方法	アルベール・ユスタンですね	Editional	
ブリュッセル	アルベール・ユスタンですね	Editional	
劉	劉智容ですね	Editional	
斉	劉智容ですね	Editional	
皇后	劉智容ですね	Editional	
智	劉智容ですね	Editional	
容	劉智容ですね	Editional	
月	アンソニー・スミス (ディフェンシブエンド)ですね	Editional	
サック	アンソニー・スミス (ディフェンシブエンド)ですね	Editional	
男性	アンソニー・スミス (ディフェンシブエンド)ですね	Editional	
アン	アンソニー・スミス (ディフェンシブエンド)ですね	Editional	
ソニー	アンソニー・スミス (ディフェンシブエンド)ですね	Editional	
魂	出口光ですね	Editional	
大学	出口光ですね	Editional	
出口	出口光ですね	Editional	
人間	出口光ですね	Editional	
科学	出口光ですね	Editional	
晩翠	晩翠草堂ですね	Editional	
仙台	晩翠草堂ですね	Editional	
草堂	晩翠草堂ですね	Editional	
土井	晩翠草堂ですね	Editional	
月	晩翠草堂ですね	Editional	
重量	キース・レムフリーですね	Editional	
月	キース・レムフリーですね	Editional	
世界	キース・レムフリーですね	Editional	
選手権	キース・レムフリーですね	Editional	
崩	キース・レムフリーですね	Editional	
王	王宝明ですね	Editional	
明	王宝明ですね	Editional	
宝	王宝明ですね	Editional	
建	王宝明ですね	Editional	
斉	王宝明ですね	Editional	
永田	永田紅ですね	Editional	
歌人	永田紅ですね	Editional	
京都大	永田紅ですね	Editional	
紅	永田紅ですね	Editional	
教	永田紅ですね	Editional	
短歌	石川美南ですね	Editional	
石川	石川美南ですね	Editional	
美南	石川美南ですね	Editional	
神奈川	石川美南ですね	Editional	
同人	石川美南ですね	Editional	
映画	柳めぐみですね	Editional	
月	柳めぐみですね	Editional	
ソロ	柳めぐみですね	Editional	
めぐみ	柳めぐみですね	Editional	
主題歌	柳めぐみですね	Editional	
小説	柳実冬貴ですね	Editional	
作品	柳実冬貴ですね	Editional	
柳	柳実冬貴ですね	Editional	
冬	柳実冬貴ですね	Editional	
時代	柳実冬貴ですね	Editional	
短歌	生沼義朗ですね	Editional	
歌人	生沼義朗ですね	Editional	
委員	生沼義朗ですね	Editional	
日本	生沼義朗ですね	Editional	
沼	生沼義朗ですね	Editional	
つぐみ	真鳳つぐみですね	Editional	
出身	真鳳つぐみですね	Editional	
学校	真鳳つぐみですね	Editional	
鳳	真鳳つぐみですね	Editional	
宝塚歌劇団	真鳳つぐみですね	Editional	
短歌	松野志保ですね	Editional	
松野	松野志保ですね	Editional	
志保	松野志保ですね	Editional	
山梨	松野志保ですね	Editional	
まつ	松野志保ですね	Editional	
水木	Dear Friend (水木一郎と堀江美都子のアルバム)ですね	Editional	
堀江	Dear Friend (水木一郎と堀江美都子のアルバム)ですね	Editional	
一郎	Dear Friend (水木一郎と堀江美都子のアルバム)ですね	Editional	
美都子	Dear Friend (水木一郎と堀江美都子のアルバム)ですね	Editional	
デュエット	Dear Friend (水木一郎と堀江美都子のアルバム)ですね	Editional	
今橋	今橋愛ですね	Editional	
愛	今橋愛ですね	Editional	
大阪	今橋愛ですね	Editional	
短歌	今橋愛ですね	Editional	
歌人	今橋愛ですね	Editional	
競輪	片山彰ですね	Editional	
月	片山彰ですね	Editional	
学校	片山彰ですね	Editional	
小倉	片山彰ですね	Editional	
片山	片山彰ですね	Editional	
スペイン	ミノルカ島の占領ですね	Editional	
イギリス	ミノルカ島の占領ですね	Editional	
月	ミノルカ島の占領ですね	Editional	
地中海	ミノルカ島の占領ですね	Editional	
ジブラルタル	ミノルカ島の占領ですね	Editional	
宗像	宗像氏頼ですね	Editional	
氏頼	宗像氏頼ですね	Editional	
一色	宗像氏頼ですね	Editional	
子	宗像氏頼ですね	Editional	
俊	宗像氏頼ですね	Editional	
森川	森川浩恵ですね	Editional	
浩恵	森川浩恵ですね	Editional	
月	森川浩恵ですね	Editional	
箏	森川浩恵ですね	Editional	
音楽	森川浩恵ですね	Editional	
そば	丹道夫ですね	Editional	
丹	丹道夫ですね	Editional	
昭和	丹道夫ですね	Editional	
富士	丹道夫ですね	Editional	
道夫	丹道夫ですね	Editional	
熊本	坂口恭平ですね	Editional	
坂口	坂口恭平ですね	Editional	
恭平	坂口恭平ですね	Editional	
月	坂口恭平ですね	Editional	
市立	坂口恭平ですね	Editional	
月	アンソニー・スミス (セイフティ)ですね	Editional	
チーム	アンソニー・スミス (セイフティ)ですね	Editional	
スーパーボウル	アンソニー・スミス (セイフティ)ですね	Editional	
年	アンソニー・スミス (セイフティ)ですね	Editional	
クラーク	アンソニー・スミス (セイフティ)ですね	Editional	
五明	五明ですね	Editional	
仏教	五明ですね	Editional	
内	五明ですね	Editional	
外	五明ですね	Editional	
古代	五明ですね	Editional	
久住	久住ですね	Editional	
くじゅう	久住ですね	Editional	
くず	久住ですね	Editional	
ひさ	久住ですね	Editional	
月	門脇真由美ですね	Editional	
競輪	門脇真由美ですね	Editional	
選手	門脇真由美ですね	Editional	
学校	門脇真由美ですね	Editional	
自転車	門脇真由美ですね	Editional	
奥原	奥原好幸ですね	Editional	
好幸	奥原好幸ですね	Editional	
日活	奥原好幸ですね	Editional	
日本	奥原好幸ですね	Editional	
映画	奥原好幸ですね	Editional	
月	チャールズ・マルグルーですね	Editional	
シーズン	チャールズ・マルグルーですね	Editional	
選手	チャールズ・マルグルーですね	Editional	
リーグ	チャールズ・マルグルーですね	Editional	
フリー	チャールズ・マルグルーですね	Editional	
天川	天川恵三郎ですね	Editional	
アイヌ	天川恵三郎ですね	Editional	
近文	天川恵三郎ですね	Editional	
旭川	天川恵三郎ですね	Editional	
月	天川恵三郎ですね	Editional	
浜益	浜益神社ですね	Editional	
神社	浜益神社ですね	Editional	
北海道	浜益神社ですね	Editional	
石狩	浜益神社ですね	Editional	
はま	浜益神社ですね	Editional	
講師	末田清子ですね	Editional	
コミュニケーション	末田清子ですね	Editional	
社会	末田清子ですね	Editional	
非常勤	末田清子ですね	Editional	
末田	末田清子ですね	Editional	
アンカラ	アンカラ・アリーナですね	Editional	
アリーナ	アンカラ・アリーナですね	Editional	
バスケ	アンカラ・アリーナですね	Editional	
トルコ	アンカラ・アリーナですね	Editional	
共和	アンカラ・アリーナですね	Editional	
温泉	浜益温泉ですね	Editional	
浜益	浜益温泉ですね	Editional	
はま	浜益温泉ですね	Editional	
石狩	浜益温泉ですね	Editional	
国道	浜益温泉ですね	Editional	
詩人	会田綱雄ですね	Editional	
詩集	会田綱雄ですね	Editional	
会田	会田綱雄ですね	Editional	
綱雄	会田綱雄ですね	Editional	
月	会田綱雄ですね	Editional	
大田	大田区立大森第十中学校ですね	Editional	
中学校	大田区立大森第十中学校ですね	Editional	
区立	大田区立大森第十中学校ですね	Editional	
大森	大田区立大森第十中学校ですね	Editional	
東京	大田区立大森第十中学校ですね	Editional	
丸	丸純子ですね	Editional	
純子	丸純子ですね	Editional	
女優	丸純子ですね	Editional	
じゅん	丸純子ですね	Editional	
こ	丸純子ですね	Editional	
月	アル・ヘイグですね	Editional	
アメリカ	アル・ヘイグですね	Editional	
アルバム	アル・ヘイグですね	Editional	
レーベル	アル・ヘイグですね	Editional	
ジャズ	アル・ヘイグですね	Editional	
藤原	藤原為頼ですね	Editional	
為頼	藤原為頼ですね	Editional	
寛和	藤原為頼ですね	Editional	
歌人	藤原為頼ですね	Editional	
安和	藤原為頼ですね	Editional	
トヨタ	パスカル・バセロンですね	Editional	
部門	パスカル・バセロンですね	Editional	
責任	パスカル・バセロンですね	Editional	
フランス	パスカル・バセロンですね	Editional	
技術	パスカル・バセロンですね	Editional	
シュミット	カール・シュミット＝ロットルフですね	Editional	
カール	カール・シュミット＝ロットルフですね	Editional	
月	カール・シュミット＝ロットルフですね	Editional	
ドイツ	カール・シュミット＝ロットルフですね	Editional	
作風	カール・シュミット＝ロットルフですね	Editional	
週刊	鈴木雅久 (フリーライター)ですね	Editional	
風俗	鈴木雅久 (フリーライター)ですね	Editional	
鈴木	鈴木雅久 (フリーライター)ですね	Editional	
雅久	鈴木雅久 (フリーライター)ですね	Editional	
フリーライター	鈴木雅久 (フリーライター)ですね	Editional	
白山	白山修ですね	Editional	
修	白山修ですね	Editional	
しら	白山修ですね	Editional	
月	白山修ですね	Editional	
日本	白山修ですね	Editional	
隆	四条隆親ですね	Editional	
大納言	四条隆親ですね	Editional	
四条	四条隆親ですね	Editional	
親	四条隆親ですね	Editional	
天皇	四条隆親ですね	Editional	
月	庄野数馬ですね	Editional	
庄野	庄野数馬ですね	Editional	
テレビ大阪	庄野数馬ですね	Editional	
アナウンサー	庄野数馬ですね	Editional	
スポーツ	庄野数馬ですね	Editional	
不破	不破氏ですね	Editional	
美濃	不破氏ですね	Editional	
土岐	不破氏ですね	Editional	
子	不破氏ですね	Editional	
乱	不破氏ですね	Editional	
大槌	大槌街道ですね	Editional	
街道	大槌街道ですね	Editional	
閉伊	大槌街道ですね	Editional	
岩手	大槌街道ですね	Editional	
遠野	大槌街道ですね	Editional	
高橋	心の翼 (高橋洋子の曲)ですね	Editional	
心	心の翼 (高橋洋子の曲)ですね	Editional	
翼	心の翼 (高橋洋子の曲)ですね	Editional	
洋子	心の翼 (高橋洋子の曲)ですね	Editional	
迷宮	心の翼 (高橋洋子の曲)ですね	Editional	
バレエ	島田廣ですね	Editional	
島田	島田廣ですね	Editional	
日本	島田廣ですね	Editional	
服部	島田廣ですね	Editional	
月	島田廣ですね	Editional	
成績	ジミー・コンツェルマンですね	Editional	
チーム	ジミー・コンツェルマンですね	Editional	
シーズン	ジミー・コンツェルマンですね	Editional	
ヘッドコーチ	ジミー・コンツェルマンですね	Editional	
月	ジミー・コンツェルマンですね	Editional	
月	ボビー・クレイマーですね	Editional	
メジャー	ボビー・クレイマーですね	Editional	
野球	ボビー・クレイマーですね	Editional	
シアトル	ボビー・クレイマーですね	Editional	
マリナーズ	ボビー・クレイマーですね	Editional	
斎	平井顕斎ですね	Editional	
江戸	平井顕斎ですね	Editional	
崋山	平井顕斎ですね	Editional	
香	平井顕斎ですね	Editional	
平井	平井顕斎ですね	Editional	
岸本	岸本周也ですね	Editional	
周	岸本周也ですね	Editional	
しゅう	岸本周也ですね	Editional	
月	岸本周也ですね	Editional	
日本	岸本周也ですね	Editional	
金	金照寺山ですね	Editional	
秋田	金照寺山ですね	Editional	
照	金照寺山ですね	Editional	
楢山	金照寺山ですね	Editional	
寺山	金照寺山ですね	Editional	
広島	広島市立東野小学校ですね	Editional	
東野	広島市立東野小学校ですね	Editional	
小学校	広島市立東野小学校ですね	Editional	
市立	広島市立東野小学校ですね	Editional	
安佐南	広島市立東野小学校ですね	Editional	
海軍	ジョン・リークですね	Editional	
バルセロナ	ジョン・リークですね	Editional	
イギリス	ジョン・リークですね	Editional	
海戦	ジョン・リークですね	Editional	
スペイン	ジョン・リークですね	Editional	
短歌	藤原龍一郎ですね	Editional	
藤原	藤原龍一郎ですね	Editional	
早稲田大学	藤原龍一郎ですね	Editional	
龍一	藤原龍一郎ですね	Editional	
郎	藤原龍一郎ですね	Editional	
中山	中山街道ですね	Editional	
街道	中山街道ですね	Editional	
中国	中山街道ですね	Editional	
行政	中山街道ですね	Editional	
なか	中山街道ですね	Editional	
化学	西村肇ですね	Editional	
教授	西村肇ですね	Editional	
工学科	西村肇ですね	Editional	
西村	西村肇ですね	Editional	
肇	西村肇ですね	Editional	
チッソ	岡本達明ですね	Editional	
水俣病	岡本達明ですね	Editional	
岡本	岡本達明ですね	Editional	
達	岡本達明ですね	Editional	
明	岡本達明ですね	Editional	
ユリウス	ユリウス・フチークですね	Editional	
洪	洪承疇ですね	Editional	
月	洪承疇ですね	Editional	
明	洪承疇ですね	Editional	
崇	洪承疇ですね	Editional	
禎	洪承疇ですね	Editional	
学校	松本生太ですね	Editional	
松本	松本生太ですね	Editional	
日本	松本生太ですね	Editional	
鎌倉	松本生太ですね	Editional	
女子大	松本生太ですね	Editional	
ニンニク	ジャンボニンニクですね	Editional	
鱗片	ジャンボニンニクですね	Editional	
鱗茎	ジャンボニンニクですね	Editional	
ジャンボ	ジャンボニンニクですね	Editional	
植物	ジャンボニンニクですね	Editional	
哲学	福井一光ですね	Editional	
鎌倉	福井一光ですね	Editional	
女子大	福井一光ですね	Editional	
福井	福井一光ですね	Editional	
一光	福井一光ですね	Editional	
歌舞伎	松尾塾子供歌舞伎ですね	Editional	
松尾	松尾塾子供歌舞伎ですね	Editional	
子供	松尾塾子供歌舞伎ですね	Editional	
財団	松尾塾子供歌舞伎ですね	Editional	
塾	松尾塾子供歌舞伎ですね	Editional	
日本	大澤繁男ですね	Editional	
栄養	大澤繁男ですね	Editional	
大澤	大澤繁男ですね	Editional	
繁男	大澤繁男ですね	Editional	
理事	大澤繁男ですね	Editional	
中谷	中谷弥栄子ですね	Editional	
弥栄子	中谷弥栄子ですね	Editional	
鎌倉	中谷弥栄子ですね	Editional	
栄養士	中谷弥栄子ですね	Editional	
なか	中谷弥栄子ですね	Editional	
月	牧野結美ですね	Editional	
静岡朝日テレビ	牧野結美ですね	Editional	
アナウンサー	牧野結美ですね	Editional	
同志社大学	牧野結美ですね	Editional	
同志社	牧野結美ですね	Editional	
駅伝	設楽悠太ですね	Editional	
区間	設楽悠太ですね	Editional	
兄	設楽悠太ですね	Editional	
大学	設楽悠太ですね	Editional	
月	設楽悠太ですね	Editional	
委員	小泉裕子ですね	Editional	
小泉	小泉裕子ですね	Editional	
裕子	小泉裕子ですね	Editional	
鎌倉	小泉裕子ですね	Editional	
児童	小泉裕子ですね	Editional	
鎌倉	佐藤淑子ですね	Editional	
女子大	佐藤淑子ですね	Editional	
児童	佐藤淑子ですね	Editional	
大学	佐藤淑子ですね	Editional	
佐藤	佐藤淑子ですね	Editional	
設楽	設楽啓太ですね	Editional	
陸上	設楽啓太ですね	Editional	
啓	設楽啓太ですね	Editional	
太	設楽啓太ですね	Editional	
日本	設楽啓太ですね	Editional	
秋田放送	八重樫葵ですね	Editional	
時代	八重樫葵ですね	Editional	
八重樫	八重樫葵ですね	Editional	
葵	八重樫葵ですね	Editional	
宮城	八重樫葵ですね	Editional	
月	奥仲麻琴ですね	Editional	
グループ	奥仲麻琴ですね	Editional	
奥	奥仲麻琴ですね	Editional	
仲	奥仲麻琴ですね	Editional	
麻琴	奥仲麻琴ですね	Editional	
無双	無双大介ですね	Editional	
大介	無双大介ですね	Editional	
東京	無双大介ですね	Editional	
劇団	無双大介ですね	Editional	
若草	無双大介ですね	Editional	
日本	佐々木徹 (哲学・美術評論家)ですね	Editional	
哲学	佐々木徹 (哲学・美術評論家)ですね	Editional	
文化	佐々木徹 (哲学・美術評論家)ですね	Editional	
教授	佐々木徹 (哲学・美術評論家)ですね	Editional	
国際	佐々木徹 (哲学・美術評論家)ですね	Editional	
月	リカルド・サ・ピントですね	Editional	
ポルトガル	リカルド・サ・ピントですね	Editional	
シーズン	リカルド・サ・ピントですね	Editional	
リーグ	リカルド・サ・ピントですね	Editional	
クラブ	リカルド・サ・ピントですね	Editional	
競輪	坂本照雄ですね	Editional	
月	坂本照雄ですね	Editional	
学校	坂本照雄ですね	Editional	
選手	坂本照雄ですね	Editional	
坂本	坂本照雄ですね	Editional	
月	長友千代治ですね	Editional	
貸本	長友千代治ですね	Editional	
近世	長友千代治ですね	Editional	
資料	長友千代治ですね	Editional	
本屋	長友千代治ですね	Editional	
マイケル	マイケル・ムッサですね	Editional	
月	マイケル・ムッサですね	Editional	
経済	マイケル・ムッサですね	Editional	
国際	マイケル・ムッサですね	Editional	
ロサンゼルス	マイケル・ムッサですね	Editional	
赤井	赤井鬼介ですね	Editional	
鬼	赤井鬼介ですね	Editional	
脚本	赤井鬼介ですね	Editional	
東宝	赤井鬼介ですね	Editional	
ウルトラ	赤井鬼介ですね	Editional	
教授	森修ですね	Editional	
森	森修ですね	Editional	
修	森修ですね	Editional	
大阪市立大学	森修ですね	Editional	
しゅう	森修ですね	Editional	
延喜	藤原邦基ですね	Editional	
藤原	藤原邦基ですね	Editional	
邦	藤原邦基ですね	Editional	
基	藤原邦基ですね	Editional	
中期	藤原邦基ですね	Editional	
永	永寧門駅ですね	Editional	
寧	永寧門駅ですね	Editional	
門	永寧門駅ですね	Editional	
西安	永寧門駅ですね	Editional	
いね	永寧門駅ですね	Editional	
長崎	長崎市立小島小学校ですね	Editional	
小学校	長崎市立小島小学校ですね	Editional	
市立	長崎市立小島小学校ですね	Editional	
小島	長崎市立小島小学校ですね	Editional	
愛宕	長崎市立小島小学校ですね	Editional	
ショパン	ショパン 愛と哀しみの旋律ですね	Editional	
サンド	ショパン 愛と哀しみの旋律ですね	Editional	
ポーランド	ショパン 愛と哀しみの旋律ですね	Editional	
パリ	ショパン 愛と哀しみの旋律ですね	Editional	
愛	ショパン 愛と哀しみの旋律ですね	Editional	
月	玉木碧ですね	Editional	
玉木	玉木碧ですね	Editional	
キャスター	玉木碧ですね	Editional	
分社	玉木碧ですね	Editional	
碧	玉木碧ですね	Editional	
小学校	長崎市立佐古小学校ですね	Editional	
長崎	長崎市立佐古小学校ですね	Editional	
佐古	長崎市立佐古小学校ですね	Editional	
市立	長崎市立佐古小学校ですね	Editional	
仁田	長崎市立佐古小学校ですね	Editional	
博物館	大久保純一ですね	Editional	
教授	大久保純一ですね	Editional	
美術	大久保純一ですね	Editional	
国立	大久保純一ですね	Editional	
文学部	大久保純一ですね	Editional	
事件	殿岡駿星ですね	Editional	
殿岡	殿岡駿星ですね	Editional	
駿	殿岡駿星ですね	Editional	
東京	殿岡駿星ですね	Editional	
明治大学	殿岡駿星ですね	Editional	
坂井	坂井氏ですね	Editional	
織田	坂井氏ですね	Editional	
尾張	坂井氏ですね	Editional	
名	坂井氏ですね	Editional	
守山	坂井氏ですね	Editional	
成	丹塀門成ですね	Editional	
大和	丹塀門成ですね	Editional	
門	丹塀門成ですね	Editional	
丹	丹塀門成ですね	Editional	
多治比	丹塀門成ですね	Editional	
ケンプ	ジェフ・ケンプですね	Editional	
シーズン	ジェフ・ケンプですね	Editional	
成績	ジェフ・ケンプですね	Editional	
年	ジェフ・ケンプですね	Editional	
アメリカ合衆国	ジェフ・ケンプですね	Editional	
柴田	柴田球場ですね	Editional	
球場	柴田球場ですね	Editional	
宮城	柴田球場ですね	Editional	
野球	柴田球場ですね	Editional	
全国	柴田球場ですね	Editional	
大井	大井行光ですね	Editional	
行光	大井行光ですね	Editional	
光長	大井行光ですね	Editional	
時	大井行光ですね	Editional	
光	大井行光ですね	Editional	
新体操	松原梨恵ですね	Editional	
団体	松原梨恵ですね	Editional	
月	松原梨恵ですね	Editional	
オリンピック	松原梨恵ですね	Editional	
日本	松原梨恵ですね	Editional	
奈良	小巻敏雄ですね	Editional	
巻	小巻敏雄ですね	Editional	
敏雄	小巻敏雄ですね	Editional	
月	小巻敏雄ですね	Editional	
日本	小巻敏雄ですね	Editional	
新体操	サイード横田仁奈ですね	Editional	
横田	サイード横田仁奈ですね	Editional	
仁	サイード横田仁奈ですね	Editional	
月	サイード横田仁奈ですね	Editional	
団体	サイード横田仁奈ですね	Editional	
新体操	深瀬菜月ですね	Editional	
団体	深瀬菜月ですね	Editional	
深瀬	深瀬菜月ですね	Editional	
菜月	深瀬菜月ですね	Editional	
月	深瀬菜月ですね	Editional	
日本	増本一彦ですね	Editional	
弁護士	増本一彦ですね	Editional	
神奈川	増本一彦ですね	Editional	
共産党	増本一彦ですね	Editional	
増本	増本一彦ですね	Editional	
新体操	三浦莉奈ですね	Editional	
団体	三浦莉奈ですね	Editional	
三浦	三浦莉奈ですね	Editional	
莉奈	三浦莉奈ですね	Editional	
月	三浦莉奈ですね	Editional	
畠山	畠山愛理ですね	Editional	
愛理	畠山愛理ですね	Editional	
日本	畠山愛理ですね	Editional	
新体操	畠山愛理ですね	Editional	
オリンピック	畠山愛理ですね	Editional	
山下	指田郁也ですね	Editional	
ワーナーミュージック・ジャパン	指田郁也ですね	Editional	
指田	指田郁也ですね	Editional	
フミヤ	指田郁也ですね	Editional	
月	指田郁也ですね	Editional	
日本	平田藤吉ですね	Editional	
共産党	平田藤吉ですね	Editional	
委員	平田藤吉ですね	Editional	
埼玉	平田藤吉ですね	Editional	
平田	平田藤吉ですね	Editional	
刈谷	刈谷市立朝日小学校ですね	Editional	
市立	刈谷市立朝日小学校ですね	Editional	
小学校	刈谷市立朝日小学校ですね	Editional	
朝日	刈谷市立朝日小学校ですね	Editional	
りつ	刈谷市立朝日小学校ですね	Editional	
大井	大井光泰ですね	Editional	
長土呂	大井光泰ですね	Editional	
弘安	大井光泰ですね	Editional	
将軍	大井光泰ですね	Editional	
光	大井光泰ですね	Editional	
俳優	コリン・レッドグレイヴですね	Editional	
月	コリン・レッドグレイヴですね	Editional	
女優	コリン・レッドグレイヴですね	Editional	
姉	コリン・レッドグレイヴですね	Editional	
映画	コリン・レッドグレイヴですね	Editional	
映画	山下治 (映画監督)ですね	Editional	
山下	山下治 (映画監督)ですね	Editional	
月	山下治 (映画監督)ですね	Editional	
昭和	山下治 (映画監督)ですね	Editional	
治	山下治 (映画監督)ですね	Editional	
山下	山下治ですね	Editional	
治	山下治ですね	Editional	
やました	山下治ですね	Editional	
体育	裕トウ国際体育中心ですね	Editional	
長安	裕トウ国際体育中心ですね	Editional	
サッカー	裕トウ国際体育中心ですね	Editional	
中国	裕トウ国際体育中心ですね	Editional	
河北	裕トウ国際体育中心ですね	Editional	
小学校	刈谷市立双葉小学校ですね	Editional	
佐美	刈谷市立双葉小学校ですね	Editional	
刈谷	刈谷市立双葉小学校ですね	Editional	
野田	刈谷市立双葉小学校ですね	Editional	
半	刈谷市立双葉小学校ですね	Editional	
消防署	麗水消防署ですね	Editional	
麗水	麗水消防署ですね	Editional	
南	麗水消防署ですね	Editional	
消防	麗水消防署ですね	Editional	
本部	麗水消防署ですね	Editional	
橘	橘清子ですね	Editional	
藤原	橘清子ですね	Editional	
三条	橘清子ですね	Editional	
天皇	橘清子ですね	Editional	
道隆	橘清子ですね	Editional	
歴史	山下昌也ですね	Editional	
山下	山下昌也ですね	Editional	
昌也	山下昌也ですね	Editional	
やました	山下昌也ですね	Editional	
まさ	山下昌也ですね	Editional	
河野	河野大星ですね	Editional	
大星	河野大星ですね	Editional	
現役	河野大星ですね	Editional	
月	河野大星ですね	Editional	
大阪	河野大星ですね	Editional	
選手	J・T・トーマス (ディフェンシブバック)ですね	Editional	
プロ	J・T・トーマス (ディフェンシブバック)ですね	Editional	
シーズン	J・T・トーマス (ディフェンシブバック)ですね	Editional	
トーマス	J・T・トーマス (ディフェンシブバック)ですね	Editional	
ディフェンス	J・T・トーマス (ディフェンシブバック)ですね	Editional	
金	金コロイドですね	Editional	
コロイド	金コロイドですね	Editional	
微粒子	金コロイドですね	Editional	
方法	金コロイドですね	Editional	
酸	金コロイドですね	Editional	
民	鄭道儒ですね	Editional	
政府	鄭道儒ですね	Editional	
鄭	鄭道儒ですね	Editional	
月	鄭道儒ですね	Editional	
道	鄭道儒ですね	Editional	
片瀬	片瀬チヲルですね	Editional	
山田	片瀬チヲルですね	Editional	
詠美	片瀬チヲルですね	Editional	
月	片瀬チヲルですね	Editional	
日本	片瀬チヲルですね	Editional	
両親	志和堀村両親殺害事件ですね	Editional	
月	志和堀村両親殺害事件ですね	Editional	
犯行	志和堀村両親殺害事件ですね	Editional	
志和	志和堀村両親殺害事件ですね	Editional	
警察	志和堀村両親殺害事件ですね	Editional	
西	西寧西門体育場ですね	Editional	
寧	西寧西門体育場ですね	Editional	
青海	西寧西門体育場ですね	Editional	
西門	西寧西門体育場ですね	Editional	
体育	西寧西門体育場ですね	Editional	
本多	本多未季ですね	Editional	
未季	本多未季ですね	Editional	
月	本多未季ですね	Editional	
ほん	本多未季ですね	Editional	
みき	本多未季ですね	Editional	
くま	くまたかつみですね	Editional	
かつみ	くまたかつみですね	Editional	
月	くまたかつみですね	Editional	
日本	くまたかつみですね	Editional	
漫画	くまたかつみですね	Editional	
公園	秋葉公園ですね	Editional	
秋葉	秋葉公園ですね	Editional	
新潟	秋葉公園ですね	Editional	
あき	秋葉公園ですね	Editional	
新津	秋葉公園ですね	Editional	
歴史	宮澤知之ですね	Editional	
月	宮澤知之ですね	Editional	
佛	宮澤知之ですね	Editional	
教	宮澤知之ですね	Editional	
大学	宮澤知之ですね	Editional	
映画	瀧川治水ですね	Editional	
瀧川	瀧川治水ですね	Editional	
兵庫	瀧川治水ですね	Editional	
神戸	瀧川治水ですね	Editional	
垂水	瀧川治水ですね	Editional	
内田	内田流果ですね	Editional	
果	内田流果ですね	Editional	
月	内田流果ですね	Editional	
日本	内田流果ですね	Editional	
子役	内田流果ですね	Editional	
雨宮	タオの月ですね	Editional	
角行	タオの月ですね	Editional	
作品	タオの月ですね	Editional	
酔狂	タオの月ですね	Editional	
疾風	タオの月ですね	Editional	
永楽	永楽屋 (手ぬぐい)ですね	Editional	
伊兵衛	永楽屋 (手ぬぐい)ですね	Editional	
専門	永楽屋 (手ぬぐい)ですね	Editional	
手ぬぐい	永楽屋 (手ぬぐい)ですね	Editional	
京都	永楽屋 (手ぬぐい)ですね	Editional	
みなみ	綾瀬みなみですね	Editional	
月	綾瀬みなみですね	Editional	
女優	綾瀬みなみですね	Editional	
綾瀬	綾瀬みなみですね	Editional	
龍	綾瀬みなみですね	Editional	
管弦楽	ジョージ・ペーリヴァニアンですね	Editional	
フィルハーモニー	ジョージ・ペーリヴァニアンですね	Editional	
音楽	ジョージ・ペーリヴァニアンですね	Editional	
交響	ジョージ・ペーリヴァニアンですね	Editional	
楽団	ジョージ・ペーリヴァニアンですね	Editional	
教授	外崎光広ですね	Editional	
外崎	外崎光広ですね	Editional	
光広	外崎光広ですね	Editional	
高知短期大学	外崎光広ですね	Editional	
みつ	外崎光広ですね	Editional	
岡田	岡田隆夫ですね	Editional	
隆夫	岡田隆夫ですね	Editional	
歯科	岡田隆夫ですね	Editional	
かお	岡田隆夫ですね	Editional	
月	岡田隆夫ですね	Editional	
血液	ルイス・アゴーテですね	Editional	
方法	ルイス・アゴーテですね	Editional	
月	ルイス・アゴーテですね	Editional	
医学	ルイス・アゴーテですね	Editional	
患者	ルイス・アゴーテですね	Editional	
村山	村山又三郎ですね	Editional	
三郎	村山又三郎ですね	Editional	
むら	村山又三郎ですね	Editional	
歌舞伎	村山又三郎ですね	Editional	
役者	村山又三郎ですね	Editional	
蘇	蘇莱浦口駅ですね	Editional	
浦口	蘇莱浦口駅ですね	Editional	
洞	蘇莱浦口駅ですね	Editional	
駅	蘇莱浦口駅ですね	Editional	
大韓民国	蘇莱浦口駅ですね	Editional	
アルバム	MILESTONE (小林太郎のアルバム)ですね	Editional	
小林	MILESTONE (小林太郎のアルバム)ですね	Editional	
太郎	MILESTONE (小林太郎のアルバム)ですね	Editional	
メジャー	MILESTONE (小林太郎のアルバム)ですね	Editional	
作品	MILESTONE (小林太郎のアルバム)ですね	Editional	
仁川	仁川論ヒョン駅ですね	Editional	
洞	仁川論ヒョン駅ですね	Editional	
駅	仁川論ヒョン駅ですね	Editional	
大韓民国	仁川論ヒョン駅ですね	Editional	
広域	仁川論ヒョン駅ですね	Editional	
松島	松島駅 (仁川広域市)ですね	Editional	
仁川	松島駅 (仁川広域市)ですね	Editional	
広域	松島駅 (仁川広域市)ですね	Editional	
駅	松島駅 (仁川広域市)ですね	Editional	
大韓民国	松島駅 (仁川広域市)ですね	Editional	
教授	重友毅ですね	Editional	
文学	重友毅ですね	Editional	
重友	重友毅ですね	Editional	
毅	重友毅ですね	Editional	
月	重友毅ですね	Editional	
金沢	佐口透ですね	Editional	
大学	佐口透ですね	Editional	
教授	佐口透ですね	Editional	
東	佐口透ですね	Editional	
佐	佐口透ですね	Editional	
文学	高橋俊夫ですね	Editional	
東京	高橋俊夫ですね	Editional	
高橋	高橋俊夫ですね	Editional	
俊夫	高橋俊夫ですね	Editional	
日本	高橋俊夫ですね	Editional	
韓国	金宏明ですね	Editional	
名前	金宏明ですね	Editional	
漢字	金宏明ですね	Editional	
金	金宏明ですね	Editional	
宏明	金宏明ですね	Editional	
科学	桑原厚和ですね	Editional	
静岡県立大学	桑原厚和ですね	Editional	
環境	桑原厚和ですね	Editional	
大学院	桑原厚和ですね	Editional	
教授	桑原厚和ですね	Editional	
日本	村田林藏ですね	Editional	
村田	村田林藏ですね	Editional	
林	村田林藏ですね	Editional	
藏	村田林藏ですね	Editional	
むら	村田林藏ですね	Editional	
大学	河北大学ですね	Editional	
河北	河北大学ですね	Editional	
学院	河北大学ですね	Editional	
天津	河北大学ですね	Editional	
政府	河北大学ですね	Editional	
教授	豊田利幸ですね	Editional	
豊田	豊田利幸ですね	Editional	
利幸	豊田利幸ですね	Editional	
月	豊田利幸ですね	Editional	
理学部	豊田利幸ですね	Editional	
黄石	黄石市体育場ですね	Editional	
体育	黄石市体育場ですね	Editional	
湖北	黄石市体育場ですね	Editional	
サッカー	黄石市体育場ですね	Editional	
中国	黄石市体育場ですね	Editional	
月	武智志穂ですね	Editional	
武智	武智志穂ですね	Editional	
志穂	武智志穂ですね	Editional	
モデル	武智志穂ですね	Editional	
自身	武智志穂ですね	Editional	
多賀	多賀郷ですね	Editional	
郷	多賀郷ですね	Editional	
時代	多賀郷ですね	Editional	
宮城	多賀郷ですね	Editional	
八幡	多賀郷ですね	Editional	
教授	岩井弘融ですね	Editional	
社会	岩井弘融ですね	Editional	
月	岩井弘融ですね	Editional	
岩井	岩井弘融ですね	Editional	
弘	岩井弘融ですね	Editional	
河津	河津太郎ですね	Editional	
太郎	河津太郎ですね	Editional	
武蔵野美術大学	河津太郎ですね	Editional	
佐藤	河津太郎ですね	Editional	
日本	河津太郎ですね	Editional	
秋山	秋山駿 (曖昧さ回避)ですね	Editional	
駿	秋山駿 (曖昧さ回避)ですね	Editional	
しゅん	秋山駿 (曖昧さ回避)ですね	Editional	
講談	田辺凌鶴ですね	Editional	
田辺	田辺凌鶴ですね	Editional	
鶴	田辺凌鶴ですね	Editional	
凌	田辺凌鶴ですね	Editional	
高校	田辺凌鶴ですね	Editional	
宝	宝安スタジアムですね	Editional	
スタジアム	宝安スタジアムですね	Editional	
安	宝安スタジアムですね	Editional	
サッカー	宝安スタジアムですね	Editional	
中華人民共和国	宝安スタジアムですね	Editional	
金芝河	室謙二ですね	Editional	
室	室謙二ですね	Editional	
謙二	室謙二ですね	Editional	
日本	室謙二ですね	Editional	
東京	室謙二ですね	Editional	
ミュージカル	深沢桂子ですね	Editional	
音楽	深沢桂子ですね	Editional	
深沢	深沢桂子ですね	Editional	
桂子	深沢桂子ですね	Editional	
月	深沢桂子ですね	Editional	
脚本	宇田学ですね	Editional	
宇田	宇田学ですね	Editional	
学	宇田学ですね	Editional	
日本	宇田学ですね	Editional	
劇	宇田学ですね	Editional	
生徒	ケン・カーターですね	Editional	
バスケットボール	ケン・カーターですね	Editional	
高校	ケン・カーターですね	Editional	
大学	ケン・カーターですね	Editional	
カーター	ケン・カーターですね	Editional	
選手権	アンネ・マルグレーテ・ハウスケンですね	Editional	
世界	アンネ・マルグレーテ・ハウスケンですね	Editional	
スプリント	アンネ・マルグレーテ・ハウスケンですね	Editional	
銀メダル	アンネ・マルグレーテ・ハウスケンですね	Editional	
金メダル	アンネ・マルグレーテ・ハウスケンですね	Editional	
昭和	川合信水ですね	Editional	
明治	川合信水ですね	Editional	
基督	川合信水ですね	Editional	
川合	川合信水ですね	Editional	
日本	川合信水ですね	Editional	
汗	郁久閭トウ叔子ですね	Editional	
西	郁久閭トウ叔子ですね	Editional	
魏	郁久閭トウ叔子ですね	Editional	
北	郁久閭トウ叔子ですね	Editional	
柔	郁久閭トウ叔子ですね	Editional	
小諸	小諸・藤村文学賞ですね	Editional	
藤村	小諸・藤村文学賞ですね	Editional	
部	小諸・藤村文学賞ですね	Editional	
文学	小諸・藤村文学賞ですね	Editional	
長野	小諸・藤村文学賞ですね	Editional	
グレン	グレン・マクファーソンですね	Editional	
カナダ	グレン・マクファーソンですね	Editional	
協会	グレン・マクファーソンですね	Editional	
月	グレン・マクファーソンですね	Editional	
モントリオール	グレン・マクファーソンですね	Editional	
ヒロシ	ヒロシ・ドットですね	Editional	
ドット	ヒロシ・ドットですね	Editional	
豚	ヒロシ・ドットですね	Editional	
山崎	ヒロシ・ドットですね	Editional	
弘	ヒロシ・ドットですね	Editional	
月	麻生希ですね	Editional	
麻生	麻生希ですね	Editional	
女優	麻生希ですね	Editional	
希	麻生希ですね	Editional	
リン	麻生希ですね	Editional	
月	加藤玲奈 (AKB48)ですね	Editional	
チーム	加藤玲奈 (AKB48)ですね	Editional	
加藤	加藤玲奈 (AKB48)ですね	Editional	
メンバー	加藤玲奈 (AKB48)ですね	Editional	
シングル	加藤玲奈 (AKB48)ですね	Editional	
千住	千住文子ですね	Editional	
文子	千住文子ですね	Editional	
月	千住文子ですね	Editional	
鎮雄	千住文子ですね	Editional	
ふみこ	千住文子ですね	Editional	
中馬	中馬兼四ですね	Editional	
潜	中馬兼四ですね	Editional	
特	中馬兼四ですね	Editional	
月	中馬兼四ですね	Editional	
海軍	中馬兼四ですね	Editional	
肖像	清代学者像伝ですね	Editional	
学者	清代学者像伝ですね	Editional	
葉	清代学者像伝ですね	Editional	
清	清代学者像伝ですね	Editional	
恭	清代学者像伝ですね	Editional	
月	カール・フィーラーですね	Editional	
ミュンヘン	カール・フィーラーですね	Editional	
親衛隊	カール・フィーラーですね	Editional	
ドイツ	カール・フィーラーですね	Editional	
党	カール・フィーラーですね	Editional	
ラリー	ケン・ブロックですね	Editional	
アメリカ	ケン・ブロックですね	Editional	
世界	ケン・ブロックですね	Editional	
選手権	ケン・ブロックですね	Editional	
ケン	ケン・ブロックですね	Editional	
辻	辻秀一ですね	Editional	
秀一	辻秀一ですね	Editional	
月	辻秀一ですね	Editional	
日本	辻秀一ですね	Editional	
産業	辻秀一ですね	Editional	
森	嶋津の森ですね	Editional	
嶋津	嶋津の森ですね	Editional	
新宮	嶋津の森ですね	Editional	
熊野川	嶋津の森ですね	Editional	
洪水	嶋津の森ですね	Editional	
停留所	下藤野停留所ですね	Editional	
藤野	下藤野停留所ですね	Editional	
ふじの	下藤野停留所ですね	Editional	
北海道	下藤野停留所ですね	Editional	
札幌	下藤野停留所ですね	Editional	
月	ジャクソン・マルティネスですね	Editional	
リーグ	ジャクソン・マルティネスですね	Editional	
ジャクソン	ジャクソン・マルティネスですね	Editional	
シーズン	ジャクソン・マルティネスですね	Editional	
決勝	ジャクソン・マルティネスですね	Editional	
議員	武田一夫ですね	Editional	
公明党	武田一夫ですね	Editional	
衆議院	武田一夫ですね	Editional	
宮城	武田一夫ですね	Editional	
武田	武田一夫ですね	Editional	
停留所	豊滝停留所ですね	Editional	
月	豊滝停留所ですね	Editional	
豊滝	豊滝停留所ですね	Editional	
昭和	豊滝停留所ですね	Editional	
北海道	豊滝停留所ですね	Editional	
停留所	小金湯停留所ですね	Editional	
昭和	小金湯停留所ですね	Editional	
月	小金湯停留所ですね	Editional	
小金湯	小金湯停留所ですね	Editional	
こがね	小金湯停留所ですね	Editional	
仲間	仲間均ですね	Editional	
均	仲間均ですね	Editional	
石垣	仲間均ですね	Editional	
市議会	仲間均ですね	Editional	
議員	仲間均ですね	Editional	
当地	苅宿 (川崎市)ですね	Editional	
苅宿	苅宿 (川崎市)ですね	Editional	
川崎	苅宿 (川崎市)ですね	Editional	
神奈川	苅宿 (川崎市)ですね	Editional	
中原	苅宿 (川崎市)ですね	Editional	
大学	ユリウス・トレーガーですね	Editional	
月	ユリウス・トレーガーですね	Editional	
物質	ユリウス・トレーガーですね	Editional	
塩基	ユリウス・トレーガーですね	Editional	
構造	ユリウス・トレーガーですね	Editional	
オリンピック	川中香緒里ですね	Editional	
団体	川中香緒里ですね	Editional	
日本	川中香緒里ですね	Editional	
月	川中香緒里ですね	Editional	
女子	川中香緒里ですね	Editional	
月	マルコ・ポーロの冒険 (アルバム)ですね	Editional	
マルコ	マルコ・ポーロの冒険 (アルバム)ですね	Editional	
ポー	マルコ・ポーロの冒険 (アルバム)ですね	Editional	
ロ	マルコ・ポーロの冒険 (アルバム)ですね	Editional	
アルバム	マルコ・ポーロの冒険 (アルバム)ですね	Editional	
車	岡田鉄平ですね	Editional	
鉄平	岡田鉄平ですね	Editional	
動画	岡田鉄平ですね	Editional	
カー	岡田鉄平ですね	Editional	
岡田	岡田鉄平ですね	Editional	
荒井	荒井香織ですね	Editional	
香織	荒井香織ですね	Editional	
月	荒井香織ですね	Editional	
日本	荒井香織ですね	Editional	
舞台	荒井香織ですね	Editional	
アナウンサー	伊藤英一郎ですね	Editional	
早稲田	伊藤英一郎ですね	Editional	
セミナー	伊藤英一郎ですね	Editional	
マスコミ	伊藤英一郎ですね	Editional	
学生	伊藤英一郎ですね	Editional	
ピーター	ピーター・カッタネオですね	Editional	
イングランド	ピーター・カッタネオですね	Editional	
出身	ピーター・カッタネオですね	Editional	
映画	ピーター・カッタネオですね	Editional	
アカデミー	ピーター・カッタネオですね	Editional	
チャールズ	チャールズ・クライトンですね	Editional	
月	チャールズ・クライトンですね	Editional	
映画	チャールズ・クライトンですね	Editional	
イングランド	チャールズ・クライトンですね	Editional	
出身	チャールズ・クライトンですね	Editional	
月	ヤン・ホレンダですね	Editional	
チェコ	ヤン・ホレンダですね	Editional	
サッカー	ヤン・ホレンダですね	Editional	
プラハ	ヤン・ホレンダですね	Editional	
選手	ヤン・ホレンダですね	Editional	
ブロードウェイ	ブロードウェイのダニー・ローズですね	Editional	
ダニー	ブロードウェイのダニー・ローズですね	Editional	
ローズ	ブロードウェイのダニー・ローズですね	Editional	
脚本	ブロードウェイのダニー・ローズですね	Editional	
モノクロ	ブロードウェイのダニー・ローズですね	Editional	
日本	横山泰子ですね	Editional	
文化	横山泰子ですね	Editional	
東京	横山泰子ですね	Editional	
博士	横山泰子ですね	Editional	
横山	横山泰子ですね	Editional	
月	トム・ラティマーですね	Editional	
リング	トム・ラティマーですね	Editional	
リーマー	トム・ラティマーですね	Editional	
ネーム	トム・ラティマーですね	Editional	
ブラム	トム・ラティマーですね	Editional	
唐	唐澤昌子ですね	Editional	
澤	唐澤昌子ですね	Editional	
昌子	唐澤昌子ですね	Editional	
アナウンサー	唐澤昌子ですね	Editional	
まさこ	唐澤昌子ですね	Editional	
純	間宮純ですね	Editional	
間宮	間宮純ですね	Editional	
まみ	間宮純ですね	Editional	
じゅん	間宮純ですね	Editional	
月	間宮純ですね	Editional	
アナウンサー	吉田圭吾 (アナウンサー)ですね	Editional	
吉田	吉田圭吾 (アナウンサー)ですね	Editional	
圭吾	吉田圭吾 (アナウンサー)ですね	Editional	
月	吉田圭吾 (アナウンサー)ですね	Editional	
福井	吉田圭吾 (アナウンサー)ですね	Editional	
鉄道	原鉄道模型博物館ですね	Editional	
模型	原鉄道模型博物館ですね	Editional	
コレクション	原鉄道模型博物館ですね	Editional	
原	原鉄道模型博物館ですね	Editional	
博物館	原鉄道模型博物館ですね	Editional	
日本	マウロ・ファリーナですね	Editional	
マウロ	マウロ・ファリーナですね	Editional	
レーベル	マウロ・ファリーナですね	Editional	
自身	マウロ・ファリーナですね	Editional	
ユーロ	マウロ・ファリーナですね	Editional	
高木	高木典雄ですね	Editional	
典雄	高木典雄ですね	Editional	
のり	高木典雄ですね	Editional	
月	高木典雄ですね	Editional	
日本	高木典雄ですね	Editional	
麻雀	前原雄大ですね	Editional	
前原	前原雄大ですね	Editional	
雀	前原雄大ですね	Editional	
プロ	前原雄大ですね	Editional	
雄大	前原雄大ですね	Editional	
大賞	堀内公太郎ですね	Editional	
堀内	堀内公太郎ですね	Editional	
公	堀内公太郎ですね	Editional	
太郎	堀内公太郎ですね	Editional	
森	堀内公太郎ですね	Editional	
山下	山下健治ですね	Editional	
健治	山下健治ですね	Editional	
技師	山下健治ですね	Editional	
やました	山下健治ですね	Editional	
月	山下健治ですね	Editional	
松村	松村健吾ですね	Editional	
健吾	松村健吾ですね	Editional	
大東文化大学	松村健吾ですね	Editional	
教授	松村健吾ですね	Editional	
博士	松村健吾ですね	Editional	
月	橋本鐵彦ですね	Editional	
吉本興業	橋本鐵彦ですね	Editional	
吉本	橋本鐵彦ですね	Editional	
林	橋本鐵彦ですね	Editional	
橋本	橋本鐵彦ですね	Editional	
リー	Go!Go!Here We Go!ロック・リー/大人はわかってくれないですね	Editional	
初回	Go!Go!Here We Go!ロック・リー/大人はわかってくれないですね	Editional	
大人	Go!Go!Here We Go!ロック・リー/大人はわかってくれないですね	Editional	
ゴー	Go!Go!Here We Go!ロック・リー/大人はわかってくれないですね	Editional	
私立	Go!Go!Here We Go!ロック・リー/大人はわかってくれないですね	Editional	
藻	藻谷浩介ですね	Editional	
谷	藻谷浩介ですね	Editional	
日本	藻谷浩介ですね	Editional	
経済	藻谷浩介ですね	Editional	
地域	藻谷浩介ですね	Editional	
平成	石川元也ですね	Editional	
委員	石川元也ですね	Editional	
昭和	石川元也ですね	Editional	
松本	石川元也ですね	Editional	
弁護士	石川元也ですね	Editional	
ラジオ	グレン・ベックですね	Editional	
番組	グレン・ベックですね	Editional	
月	グレン・ベックですね	Editional	
ニュース	グレン・ベックですね	Editional	
グレン	グレン・ベックですね	Editional	
月	草野太郎ですね	Editional	
競馬	草野太郎ですね	Editional	
障害	草野太郎ですね	Editional	
騎手	草野太郎ですね	Editional	
草野	草野太郎ですね	Editional	
世界	張迪ですね	Editional	
階級	張迪ですね	Editional	
韓国	張迪ですね	Editional	
張	張迪ですね	Editional	
迪	張迪ですね	Editional	
スケート	小芝風花ですね	Editional	
フィギュア	小芝風花ですね	Editional	
小芝	小芝風花ですね	Editional	
女優	小芝風花ですね	Editional	
自身	小芝風花ですね	Editional	
文	王韶明ですね	Editional	
王	王韶明ですね	Editional	
皇后	王韶明ですね	Editional	
海	王韶明ですね	Editional	
王妃	王韶明ですね	Editional	
映画	六邦映画ですね	Editional	
作品	六邦映画ですね	Editional	
昭和	六邦映画ですね	Editional	
月	六邦映画ですね	Editional	
同社	六邦映画ですね	Editional	
アリス	アリスブルー (色名)ですね	Editional	
ブルー	アリスブルー (色名)ですね	Editional	
女性	アリスブルー (色名)ですね	Editional	
キャロル	アリスブルー (色名)ですね	Editional	
水色	アリスブルー (色名)ですね	Editional	
番組	有吉ジャポンですね	Editional	
本家	有吉ジャポンですね	Editional	
有吉	有吉ジャポンですね	Editional	
情報	有吉ジャポンですね	Editional	
月	有吉ジャポンですね	Editional	
関田	はいからさんが通る (関田昇介の曲)ですね	Editional	
昇	はいからさんが通る (関田昇介の曲)ですね	Editional	
テーマ	はいからさんが通る (関田昇介の曲)ですね	Editional	
曲	はいからさんが通る (関田昇介の曲)ですね	Editional	
シングル	はいからさんが通る (関田昇介の曲)ですね	Editional	
四日市	九鬼紋七ですね	Editional	
九鬼	九鬼紋七ですね	Editional	
紋	九鬼紋七ですね	Editional	
明治	九鬼紋七ですね	Editional	
月	九鬼紋七ですね	Editional	
教授	滝澤行雄ですね	Editional	
昭和	滝澤行雄ですね	Editional	
センター	滝澤行雄ですね	Editional	
委員	滝澤行雄ですね	Editional	
滝澤	滝澤行雄ですね	Editional	
工学	仙石正和ですね	Editional	
新潟大学	仙石正和ですね	Editional	
教授	仙石正和ですね	Editional	
情報	仙石正和ですね	Editional	
工学部	仙石正和ですね	Editional	
月	フランコ・コスタンソですね	Editional	
コス	フランコ・コスタンソですね	Editional	
タン	フランコ・コスタンソですね	Editional	
ソ	フランコ・コスタンソですね	Editional	
シーズン	フランコ・コスタンソですね	Editional	
陸軍	新井亀太郎ですね	Editional	
月	新井亀太郎ですね	Editional	
学校	新井亀太郎ですね	Editional	
歩兵	新井亀太郎ですね	Editional	
師団	新井亀太郎ですね	Editional	
昭	裴恵昭ですね	Editional	
恵	裴恵昭ですね	Editional	
建	裴恵昭ですね	Editional	
妻	裴恵昭ですね	Editional	
月	裴恵昭ですね	Editional	
劉	劉恵端ですね	Editional	
明	劉恵端ですね	Editional	
恵	劉恵端ですね	Editional	
帝	劉恵端ですね	Editional	
元年	劉恵端ですね	Editional	
月	蓮沼門三ですね	Editional	
蓮沼	蓮沼門三ですね	Editional	
社会	蓮沼門三ですね	Editional	
日本	蓮沼門三ですね	Editional	
明治	蓮沼門三ですね	Editional	
特撮	森喜弘ですね	Editional	
森	森喜弘ですね	Editional	
映画	森喜弘ですね	Editional	
ドラマ	森喜弘ですね	Editional	
特技	森喜弘ですね	Editional	
山崎	山崎久太郎ですね	Editional	
鋳鋼	山崎久太郎ですね	Editional	
住友	山崎久太郎ですね	Editional	
日本	山崎久太郎ですね	Editional	
明治	山崎久太郎ですね	Editional	
広島大学	横山邦治ですね	Editional	
横山	横山邦治ですね	Editional	
邦治	横山邦治ですね	Editional	
文学	横山邦治ですね	Editional	
広島文教女子大学	横山邦治ですね	Editional	
バイパス	五十里バイパスですね	Editional	
日光	五十里バイパスですね	Editional	
国道	五十里バイパスですね	Editional	
旧道	五十里バイパスですね	Editional	
地域	五十里バイパスですね	Editional	
藤原	藤原貞本ですね	Editional	
貞	藤原貞本ですね	Editional	
本	藤原貞本ですね	Editional	
薬	藤原貞本ですね	Editional	
大蔵	藤原貞本ですね	Editional	
バイパス	大桑バイパスですね	Editional	
日光	大桑バイパスですね	Editional	
国道	大桑バイパスですね	Editional	
大桑	大桑バイパスですね	Editional	
今市	大桑バイパスですね	Editional	
バイパス	清滝バイパスですね	Editional	
清滝	清滝バイパスですね	Editional	
栃木	清滝バイパスですね	Editional	
日光	清滝バイパスですね	Editional	
国道	清滝バイパスですね	Editional	
映画	ジョー・マンガニエロですね	Editional	
カーネギー	ジョー・マンガニエロですね	Editional	
メロン	ジョー・マンガニエロですね	Editional	
大学	ジョー・マンガニエロですね	Editional	
ピッツバーグ	ジョー・マンガニエロですね	Editional	
月	アントニオ・スカルパですね	Editional	
大学	アントニオ・スカルパですね	Editional	
イタリア	アントニオ・スカルパですね	Editional	
生徒	アントニオ・スカルパですね	Editional	
教授	アントニオ・スカルパですね	Editional	
バイパス	足尾バイパスですね	Editional	
足尾	足尾バイパスですね	Editional	
栃木	足尾バイパスですね	Editional	
日光	足尾バイパスですね	Editional	
国道	足尾バイパスですね	Editional	
映画	新藤孝衛ですね	Editional	
昭和	新藤孝衛ですね	Editional	
月	新藤孝衛ですね	Editional	
新藤	新藤孝衛ですね	Editional	
孝	新藤孝衛ですね	Editional	
藤原	藤原貞雄ですね	Editional	
天	藤原貞雄ですね	Editional	
貞雄	藤原貞雄ですね	Editional	
左	藤原貞雄ですね	Editional	
兵衛	藤原貞雄ですね	Editional	
一ノ瀬	一ノ瀬直二ですね	Editional	
直二	一ノ瀬直二ですね	Editional	
月	一ノ瀬直二ですね	Editional	
加島	一ノ瀬直二ですね	Editional	
いち	一ノ瀬直二ですね	Editional	
韓	韓哲ですね	Editional	
哲	韓哲ですね	Editional	
ドラマ	韓哲ですね	Editional	
ディレクター	韓哲ですね	Editional	
高校	韓哲ですね	Editional	
真岡	真岡バイパス (国道294号)ですね	Editional	
バイパス	真岡バイパス (国道294号)ですね	Editional	
栃木	真岡バイパス (国道294号)ですね	Editional	
交通	真岡バイパス (国道294号)ですね	Editional	
国道	真岡バイパス (国道294号)ですね	Editional	
月	佐々木将ですね	Editional	
佐々木	佐々木将ですね	Editional	
センター	佐々木将ですね	Editional	
部長	佐々木将ですね	Editional	
プロデューサー	佐々木将ですね	Editional	
月	ハンス・カール・フォン・ヴィンターフェルトですね	Editional	
大王	ハンス・カール・フォン・ヴィンターフェルトですね	Editional	
フリードリヒ	ハンス・カール・フォン・ヴィンターフェルトですね	Editional	
プロイセン	ハンス・カール・フォン・ヴィンターフェルトですね	Editional	
広場	ハンス・カール・フォン・ヴィンターフェルトですね	Editional	
蓮	金蓮山駅ですね	Editional	
釜山	金蓮山駅ですね	Editional	
駅	金蓮山駅ですね	Editional	
金	金蓮山駅ですね	Editional	
山	金蓮山駅ですね	Editional	
親権	常盤御前判決ですね	Editional	
常盤御前	常盤御前判決ですね	Editional	
大審院	常盤御前判決ですね	Editional	
夫	常盤御前判決ですね	Editional	
子	常盤御前判決ですね	Editional	
江原	江原地方警察庁ですね	Editional	
地方	江原地方警察庁ですね	Editional	
警察庁	江原地方警察庁ですね	Editional	
カン	江原地方警察庁ですね	Editional	
ウォン	江原地方警察庁ですね	Editional	
月	宮地由梨香ですね	Editional	
宮地	宮地由梨香ですね	Editional	
由梨	宮地由梨香ですね	Editional	
香	宮地由梨香ですね	Editional	
やじ	宮地由梨香ですね	Editional	
釜山	周礼駅 (釜山交通公社)ですね	Editional	
周	周礼駅 (釜山交通公社)ですね	Editional	
礼	周礼駅 (釜山交通公社)ですね	Editional	
駅	周礼駅 (釜山交通公社)ですね	Editional	
交通	周礼駅 (釜山交通公社)ですね	Editional	
月	秋吉泰佑ですね	Editional	
リーグ	秋吉泰佑ですね	Editional	
サッカー	秋吉泰佑ですね	Editional	
秋吉	秋吉泰佑ですね	Editional	
泰佑	秋吉泰佑ですね	Editional	
丁	丁皇后ですね	Editional	
皇后	丁皇后ですね	Editional	
てい	丁皇后ですね	Editional	
島	島和彦ですね	Editional	
和彦	島和彦ですね	Editional	
歌手	島和彦ですね	Editional	
紅白	島和彦ですね	Editional	
歌合戦	島和彦ですね	Editional	
張	張萱ですね	Editional	
萱	張萱ですね	Editional	
宮廷	張萱ですね	Editional	
女	張萱ですね	Editional	
人物	張萱ですね	Editional	
ハー	ハートレー変換ですね	Editional	
トレー	ハートレー変換ですね	Editional	
関数	ハートレー変換ですね	Editional	
フーリエ	ハートレー変換ですね	Editional	
数値	ハートレー変換ですね	Editional	
滋賀	横江豊ですね	Editional	
草津	横江豊ですね	Editional	
横江	横江豊ですね	Editional	
豊	横江豊ですね	Editional	
月	横江豊ですね	Editional	
渡邉	渡邉卓也ですね	Editional	
卓也	渡邉卓也ですね	Editional	
わ	渡邉卓也ですね	Editional	
なべ	渡邉卓也ですね	Editional	
たく	渡邉卓也ですね	Editional	
藤原	藤原師成ですね	Editional	
月	藤原師成ですね	Editional	
成	藤原師成ですね	Editional	
時代	藤原師成ですね	Editional	
参議	藤原師成ですね	Editional	
ジェームズ	ルイス・ド・デュラス (第2代フェヴァシャム伯)ですね	Editional	
公	ルイス・ド・デュラス (第2代フェヴァシャム伯)ですね	Editional	
伯	ルイス・ド・デュラス (第2代フェヴァシャム伯)ですね	Editional	
ロンドン	ルイス・ド・デュラス (第2代フェヴァシャム伯)ですね	Editional	
チャーチル	ルイス・ド・デュラス (第2代フェヴァシャム伯)ですね	Editional	
兄弟	ジェームズ・マクティーグですね	Editional	
映画	ジェームズ・マクティーグですね	Editional	
マトリックス	ジェームズ・マクティーグですね	Editional	
エピソード	ジェームズ・マクティーグですね	Editional	
アシスタント	ジェームズ・マクティーグですね	Editional	
ギター	パトリック・ヤンセンですね	Editional	
パトリック	パトリック・ヤンセンですね	Editional	
ギタリスト	パトリック・ヤンセンですね	Editional	
家族	パトリック・ヤンセンですね	Editional	
レッスン	パトリック・ヤンセンですね	Editional	
明	蕭子貞ですね	Editional	
貞	蕭子貞ですね	Editional	
永	蕭子貞ですね	Editional	
武	蕭子貞ですね	Editional	
帝	蕭子貞ですね	Editional	
峻	蕭子峻ですね	Editional	
武	蕭子峻ですね	Editional	
帝	蕭子峻ですね	Editional	
永	蕭子峻ですね	Editional	
明	蕭子峻ですね	Editional	
ポルトガル	リカルド・エスガイオですね	Editional	
チーム	リカルド・エスガイオですね	Editional	
月	リカルド・エスガイオですね	Editional	
出身	リカルド・エスガイオですね	Editional	
サッカー	リカルド・エスガイオですね	Editional	
立川	阿部行蔵ですね	Editional	
教会	阿部行蔵ですね	Editional	
日本	阿部行蔵ですね	Editional	
市長	阿部行蔵ですね	Editional	
阿部	阿部行蔵ですね	Editional	
円	円智ですね	Editional	
智	円智ですね	Editional	
伊東	伊東ちはやですね	Editional	
本名	伊東ちはやですね	Editional	
小説	伊東ちはやですね	Editional	
いとう	伊東ちはやですね	Editional	
佐藤	伊東ちはやですね	Editional	
月	フランツ・イェッツインガーですね	Editional	
ヒトラー	フランツ・イェッツインガーですね	Editional	
青年	フランツ・イェッツインガーですね	Editional	
時代	フランツ・イェッツインガーですね	Editional	
フランツ	フランツ・イェッツインガーですね	Editional	
国際	菊池努ですね	Editional	
日本	菊池努ですね	Editional	
政治	菊池努ですね	Editional	
大学	菊池努ですね	Editional	
アジア	菊池努ですね	Editional	
ジェブ	ジェブ・スチュアートですね	Editional	
スチュアート	ジェブ・スチュアートですね	Editional	
脚本	ジェブ・スチュアートですね	Editional	
月	ジェブ・スチュアートですね	Editional	
アメリカ合衆国	ジェブ・スチュアートですね	Editional	
丸山	丸山真由子ですね	Editional	
真由子	丸山真由子ですね	Editional	
音楽	丸山真由子ですね	Editional	
グループ	丸山真由子ですね	Editional	
まるや	丸山真由子ですね	Editional	
月	橋本満明ですね	Editional	
橋本	橋本満明ですね	Editional	
満明	橋本満明ですね	Editional	
ウルトラマン	橋本満明ですね	Editional	
ガン	橋本満明ですね	Editional	
長井	長井あやめ公園ですね	Editional	
あやめ	長井あやめ公園ですね	Editional	
公園	長井あやめ公園ですね	Editional	
品種	長井あやめ公園ですね	Editional	
種	長井あやめ公園ですね	Editional	
大阪	小林佐兵衛ですね	Editional	
明治	小林佐兵衛ですね	Editional	
万吉	小林佐兵衛ですね	Editional	
北	小林佐兵衛ですね	Editional	
小林	小林佐兵衛ですね	Editional	
五ヶ瀬川	北川 (五ヶ瀬川水系)ですね	Editional	
北川	北川 (五ヶ瀬川水系)ですね	Editional	
大分	北川 (五ヶ瀬川水系)ですね	Editional	
下流	北川 (五ヶ瀬川水系)ですね	Editional	
佐伯	北川 (五ヶ瀬川水系)ですね	Editional	
りさ	五十嵐りさですね	Editional	
五十嵐	五十嵐りさですね	Editional	
いが	五十嵐りさですね	Editional	
月	五十嵐りさですね	Editional	
日本	五十嵐りさですね	Editional	
経済	仙波憲一ですね	Editional	
青山学院大学	仙波憲一ですね	Editional	
国際	仙波憲一ですね	Editional	
経済学部	仙波憲一ですね	Editional	
仙波	仙波憲一ですね	Editional	
女性	ココロとカラダ満つる時間ですね	Editional	
番組	ココロとカラダ満つる時間ですね	Editional	
寺	ココロとカラダ満つる時間ですね	Editional	
月	ココロとカラダ満つる時間ですね	Editional	
宿坊	ココロとカラダ満つる時間ですね	Editional	
ロバート	ロバート・ホールですね	Editional	
ホール	ロバート・ホールですね	Editional	
大沢	大沢寛三ですね	Editional	
寛	大沢寛三ですね	Editional	
美術館	大沢寛三ですね	Editional	
館長	大沢寛三ですね	Editional	
ひろみ	大沢寛三ですね	Editional	
日本	五十嵐希 (モデル)ですね	Editional	
大会	五十嵐希 (モデル)ですね	Editional	
モデル	五十嵐希 (モデル)ですね	Editional	
世界	五十嵐希 (モデル)ですね	Editional	
月	五十嵐希 (モデル)ですね	Editional	
早稲田大学	稲田三吉ですね	Editional	
教授	稲田三吉ですね	Editional	
稲田	稲田三吉ですね	Editional	
三吉	稲田三吉ですね	Editional	
月	稲田三吉ですね	Editional	
郡	アイビーリア郡 (ルイジアナ州)ですね	Editional	
人口	アイビーリア郡 (ルイジアナ州)ですね	Editional	
国勢調査	アイビーリア郡 (ルイジアナ州)ですね	Editional	
マイル	アイビーリア郡 (ルイジアナ州)ですね	Editional	
アイビー	アイビーリア郡 (ルイジアナ州)ですね	Editional	
助教授	広田正敏ですね	Editional	
教授	広田正敏ですね	Editional	
広田	広田正敏ですね	Editional	
正敏	広田正敏ですね	Editional	
月	広田正敏ですね	Editional	
月	ロベルト・ゴメス・ボラーニョですね	Editional	
エル	ロベルト・ゴメス・ボラーニョですね	Editional	
ロベルト	ロベルト・ゴメス・ボラーニョですね	Editional	
メキシコ	ロベルト・ゴメス・ボラーニョですね	Editional	
コメディアン	ロベルト・ゴメス・ボラーニョですね	Editional	
毛	毛徳駅ですね	Editional	
徳	毛徳駅ですね	Editional	
釜山	毛徳駅ですね	Editional	
駅	毛徳駅ですね	Editional	
大韓民国	毛徳駅ですね	Editional	
駅	毛羅駅ですね	Editional	
毛	毛羅駅ですね	Editional	
羅	毛羅駅ですね	Editional	
釜山	毛羅駅ですね	Editional	
大韓民国	毛羅駅ですね	Editional	
美術	林文雄 (美術評論家)ですね	Editional	
林	林文雄 (美術評論家)ですね	Editional	
文雄	林文雄 (美術評論家)ですね	Editional	
日本	林文雄 (美術評論家)ですね	Editional	
月	林文雄 (美術評論家)ですね	Editional	
亀	亀明駅ですね	Editional	
明	亀明駅ですね	Editional	
釜山	亀明駅ですね	Editional	
駅	亀明駅ですね	Editional	
大韓民国	亀明駅ですね	Editional	
議員	三浦昇ですね	Editional	
衆議院	三浦昇ですね	Editional	
平成	三浦昇ですね	Editional	
月	三浦昇ですね	Editional	
大学	三浦昇ですね	Editional	
駒	肥後の駒下駄ですね	Editional	
平	肥後の駒下駄ですね	Editional	
肥後	肥後の駒下駄ですね	Editional	
秀太郎	肥後の駒下駄ですね	Editional	
中川	肥後の駒下駄ですね	Editional	
文学	井上泰至ですね	Editional	
教授	井上泰至ですね	Editional	
博士	井上泰至ですね	Editional	
井上	井上泰至ですね	Editional	
泰	井上泰至ですね	Editional	
ドラえもん	ドラえもん のび太のひみつ道具博物館ですね	Editional	
映画	ドラえもん のび太のひみつ道具博物館ですね	Editional	
道具	ドラえもん のび太のひみつ道具博物館ですね	Editional	
のび太	ドラえもん のび太のひみつ道具博物館ですね	Editional	
博物館	ドラえもん のび太のひみつ道具博物館ですね	Editional	
月	桜井彩ですね	Editional	
女優	桜井彩ですね	Editional	
社員	桜井彩ですね	Editional	
桜井	桜井彩ですね	Editional	
彩	桜井彩ですね	Editional	
文学	田中康二ですね	Editional	
教授	田中康二ですね	Editional	
神戸大学	田中康二ですね	Editional	
日本	田中康二ですね	Editional	
文学部	田中康二ですね	Editional	
三友	石井三友ですね	Editional	
秋田	石井三友ですね	Editional	
五城目	石井三友ですね	Editional	
著書	石井三友ですね	Editional	
石井	石井三友ですね	Editional	
秋田	小野源蔵ですね	Editional	
小学校	小野源蔵ですね	Editional	
源蔵	小野源蔵ですね	Editional	
学校	小野源蔵ですね	Editional	
小野	小野源蔵ですね	Editional	
アニメーション	池田宏 (映画監督)ですね	Editional	
池田	池田宏 (映画監督)ですね	Editional	
日本	池田宏 (映画監督)ですね	Editional	
東映動画	池田宏 (映画監督)ですね	Editional	
高畑	池田宏 (映画監督)ですね	Editional	
吉野	吉野 (ゲイバー)ですね	Editional	
ゲイ	吉野 (ゲイバー)ですね	Editional	
バー	吉野 (ゲイバー)ですね	Editional	
六本木	吉野 (ゲイバー)ですね	Editional	
ママ	吉野 (ゲイバー)ですね	Editional	
教授	川端康雄ですね	Editional	
川端	川端康雄ですね	Editional	
康雄	川端康雄ですね	Editional	
英文	川端康雄ですね	Editional	
日本女子大学	川端康雄ですね	Editional	
エリカ	小川エリカですね	Editional	
小川	小川エリカですね	Editional	
三木	加佐 (三木市)ですね	Editional	
兵庫	加佐 (三木市)ですね	Editional	
小字	加佐 (三木市)ですね	Editional	
草荷	加佐 (三木市)ですね	Editional	
野	加佐 (三木市)ですね	Editional	
野球	築地俊龍ですね	Editional	
秋田	築地俊龍ですね	Editional	
龍	築地俊龍ですね	Editional	
俊	築地俊龍ですね	Editional	
中学校	築地俊龍ですね	Editional	
カード	遊☆戯☆王デュエルモンスターズIII 三聖戦神降臨ですね	Editional	
王	遊☆戯☆王デュエルモンスターズIII 三聖戦神降臨ですね	Editional	
ゲーム	遊☆戯☆王デュエルモンスターズIII 三聖戦神降臨ですね	Editional	
聖戦	遊☆戯☆王デュエルモンスターズIII 三聖戦神降臨ですね	Editional	
月	遊☆戯☆王デュエルモンスターズIII 三聖戦神降臨ですね	Editional	
教授	鈴木照雄 (哲学者)ですね	Editional	
哲学	鈴木照雄 (哲学者)ですね	Editional	
大阪市立大学	鈴木照雄 (哲学者)ですね	Editional	
鈴木	鈴木照雄 (哲学者)ですね	Editional	
照雄	鈴木照雄 (哲学者)ですね	Editional	
母	P・J・トレイシーですね	Editional	
トレイシー	P・J・トレイシーですね	Editional	
娘	P・J・トレイシーですね	Editional	
パトリシア	P・J・トレイシーですね	Editional	
アメリカ	P・J・トレイシーですね	Editional	
丸	丸部明麻呂ですね	Editional	
明	丸部明麻呂ですね	Editional	
麻	丸部明麻呂ですね	Editional	
呂	丸部明麻呂ですね	Editional	
両親	丸部明麻呂ですね	Editional	
バレエ	米沢唯ですね	Editional	
米沢	米沢唯ですね	Editional	
月	米沢唯ですね	Editional	
東京	米沢唯ですね	Editional	
主役	米沢唯ですね	Editional	
稲葉	稲葉馨ですね	Editional	
馨	稲葉馨ですね	Editional	
い	稲葉馨ですね	Editional	
月	稲葉馨ですね	Editional	
日本	稲葉馨ですね	Editional	
昭和	真山くみ子ですね	Editional	
月	真山くみ子ですね	Editional	
映画	真山くみ子ですね	Editional	
真山	真山くみ子ですね	Editional	
東京	真山くみ子ですね	Editional	
細田	細田学園高等学校ですね	Editional	
学園	細田学園高等学校ですね	Editional	
学校	細田学園高等学校ですね	Editional	
志木	細田学園高等学校ですね	Editional	
女子	細田学園高等学校ですね	Editional	
取締役	久保田榮一ですね	Editional	
社長	久保田榮一ですね	Editional	
久保田	久保田榮一ですね	Editional	
榮一	久保田榮一ですね	Editional	
フジテレビジョン	久保田榮一ですね	Editional	
野球	藤原三枝子ですね	Editional	
藤原	藤原三枝子ですね	Editional	
女性	藤原三枝子ですね	Editional	
高校	藤原三枝子ですね	Editional	
学校	藤原三枝子ですね	Editional	
月	ケリー・ピックラーですね	Editional	
母親	ケリー・ピックラーですね	Editional	
アイドル	ケリー・ピックラーですね	Editional	
カントリー	ケリー・ピックラーですね	Editional	
アメリカン	ケリー・ピックラーですね	Editional	
月	ダニエル・カルバハルですね	Editional	
シーズン	ダニエル・カルバハルですね	Editional	
マドリード	ダニエル・カルバハルですね	Editional	
右	ダニエル・カルバハルですね	Editional	
サイドバック	ダニエル・カルバハルですね	Editional	
アナウンサー	小野澤玲奈ですね	Editional	
野澤	小野澤玲奈ですね	Editional	
玲奈	小野澤玲奈ですね	Editional	
おの	小野澤玲奈ですね	Editional	
れい	小野澤玲奈ですね	Editional	
月	デニス・レベデフですね	Editional	
王座	デニス・レベデフですね	Editional	
クルーザー	デニス・レベデフですね	Editional	
世界	デニス・レベデフですね	Editional	
王者	デニス・レベデフですね	Editional	
竹内	竹内文香ですね	Editional	
文香	竹内文香ですね	Editional	
たけ	竹内文香ですね	Editional	
月	竹内文香ですね	Editional	
日本	竹内文香ですね	Editional	
ジョー	ジョー・ジョナスですね	Editional	
ジョセフ	ジョー・ジョナスですね	Editional	
アダム	ジョー・ジョナスですね	Editional	
月	ジョー・ジョナスですね	Editional	
アメリカ合衆国	ジョー・ジョナスですね	Editional	
和気	和気貞臣ですね	Editional	
内記	和気貞臣ですね	Editional	
和	和気貞臣ですね	Editional	
貞	和気貞臣ですね	Editional	
臣	和気貞臣ですね	Editional	
ミドル	ハッサン・ヌダム・ヌジカムですね	Editional	
世界	ハッサン・ヌダム・ヌジカムですね	Editional	
月	ハッサン・ヌダム・ヌジカムですね	Editional	
王座	ハッサン・ヌダム・ヌジカムですね	Editional	
王者	ハッサン・ヌダム・ヌジカムですね	Editional	
バイパス	船生バイパスですね	Editional	
船生	船生バイパスですね	Editional	
国道	船生バイパスですね	Editional	
地域	船生バイパスですね	Editional	
栃木	船生バイパスですね	Editional	
砦	ナッシュワーク砦の戦いですね	Editional	
ナッシュ	ナッシュワーク砦の戦いですね	Editional	
ワーク	ナッシュワーク砦の戦いですね	Editional	
月	ナッシュワーク砦の戦いですね	Editional	
イングランド	ナッシュワーク砦の戦いですね	Editional	
映画	坂本晴哉ですね	Editional	
俳優	坂本晴哉ですね	Editional	
坂本	坂本晴哉ですね	Editional	
晴	坂本晴哉ですね	Editional	
月	坂本晴哉ですね	Editional	
青春	青春ミラー(キミを想う長い午後)ですね	Editional	
ミラー	青春ミラー(キミを想う長い午後)ですね	Editional	
アルバム	青春ミラー(キミを想う長い午後)ですね	Editional	
前作	青春ミラー(キミを想う長い午後)ですね	Editional	
東京	青春ミラー(キミを想う長い午後)ですね	Editional	
スペイン	ホセ・カンパーニャですね	Editional	
ホセ	ホセ・カンパーニャですね	Editional	
カンパーニャ	ホセ・カンパーニャですね	Editional	
月	ホセ・カンパーニャですね	Editional	
アンヘル	ホセ・カンパーニャですね	Editional	
外島	外島孝一ですね	Editional	
孝一	外島孝一ですね	Editional	
俳優	外島孝一ですね	Editional	
しま	外島孝一ですね	Editional	
こういち	外島孝一ですね	Editional	
梶	菅原梶成ですね	Editional	
成	菅原梶成ですね	Editional	
和	菅原梶成ですね	Editional	
月	菅原梶成ですね	Editional	
菅原	菅原梶成ですね	Editional	
長崎	長崎市立坂本小学校ですね	Editional	
坂本	長崎市立坂本小学校ですね	Editional	
小学校	長崎市立坂本小学校ですね	Editional	
市立	長崎市立坂本小学校ですね	Editional	
公立	長崎市立坂本小学校ですね	Editional	
月	吉田朱里ですね	Editional	
シングル	吉田朱里ですね	Editional	
吉田	吉田朱里ですね	Editional	
チーム	吉田朱里ですね	Editional	
朱里	吉田朱里ですね	Editional	
聖書	ジョン・ミルですね	Editional	
ミル	ジョン・ミルですね	Editional	
ギリシア	ジョン・ミルですね	Editional	
ジョン	ジョン・ミルですね	Editional	
新約	ジョン・ミルですね	Editional	
友杉	友杉芳正ですね	Editional	
芳正	友杉芳正ですね	Editional	
とも	友杉芳正ですね	Editional	
まさ	友杉芳正ですね	Editional	
月	友杉芳正ですね	Editional	
掛川	掛川市立第二小学校ですね	Editional	
小学校	掛川市立第二小学校ですね	Editional	
大池	掛川市立第二小学校ですね	Editional	
市立	掛川市立第二小学校ですね	Editional	
学区	掛川市立第二小学校ですね	Editional	
鄭	鄭斗彦ですね	Editional	
ソウル	鄭斗彦ですね	Editional	
斗	鄭斗彦ですね	Editional	
政治	鄭斗彦ですね	Editional	
市長	鄭斗彦ですね	Editional	
まち子	愛まち子ですね	Editional	
東京	愛まち子ですね	Editional	
愛	愛まち子ですね	Editional	
あい	愛まち子ですね	Editional	
まち	愛まち子ですね	Editional	
柳田	柳田城ですね	Editional	
城	柳田城ですね	Editional	
字	柳田城ですね	Editional	
畑	柳田城ですね	Editional	
カボチャ	柳田城ですね	Editional	
オリンピック	高谷惣亮ですね	Editional	
レスリング	高谷惣亮ですね	Editional	
高谷	高谷惣亮ですね	Editional	
選手権	高谷惣亮ですね	Editional	
選手	高谷惣亮ですね	Editional	
南	春木南華ですね	Editional	
春木	春木南華ですね	Editional	
華	春木南華ですね	Editional	
月	春木南華ですね	Editional	
慶応	春木南華ですね	Editional	
催眠	アーネスト・エイブラハム・ハートですね	Editional	
漱石	アーネスト・エイブラハム・ハートですね	Editional	
ハート	アーネスト・エイブラハム・ハートですね	Editional	
月	アーネスト・エイブラハム・ハートですね	Editional	
イギリス	アーネスト・エイブラハム・ハートですね	Editional	
青地	青地礼幹ですね	Editional	
竹島	青地礼幹ですね	Editional	
政	青地礼幹ですね	Editional	
家老	青地礼幹ですね	Editional	
兼山	青地礼幹ですね	Editional	
隆	蕭子隆ですね	Editional	
子	蕭子隆ですね	Editional	
永	蕭子隆ですね	Editional	
明	蕭子隆ですね	Editional	
将軍	蕭子隆ですね	Editional	
ユニット	上村真路ですね	Editional	
月	上村真路ですね	Editional	
メンバー	上村真路ですね	Editional	
アイドル	上村真路ですね	Editional	
帽子	上村真路ですね	Editional	
恩	広祥院ですね	Editional	
寺院	広祥院ですね	Editional	
寺	広祥院ですね	Editional	
岡崎	広祥院ですね	Editional	
總	広祥院ですね	Editional	
菅	菅澤紀行ですね	Editional	
澤	菅澤紀行ですね	Editional	
シーズン	菅澤紀行ですね	Editional	
選手	菅澤紀行ですね	Editional	
リーグ	菅澤紀行ですね	Editional	
松平	麻生城ですね	Editional	
麻生	麻生城ですね	Editional	
天野	麻生城ですね	Editional	
時代	麻生城ですね	Editional	
親忠	麻生城ですね	Editional	
赤	赤田和城ですね	Editional	
岡崎	赤田和城ですね	Editional	
間部	赤田和城ですね	Editional	
城主	赤田和城ですね	Editional	
赤田	赤田和城ですね	Editional	
松崎	松崎有理ですね	Editional	
有理	松崎有理ですね	Editional	
日本	松崎有理ですね	Editional	
大学	松崎有理ですね	Editional	
創	松崎有理ですね	Editional	
作家	ジョン・コナリー (作家)ですね	Editional	
ダブリン	ジョン・コナリー (作家)ですね	Editional	
ジョン	ジョン・コナリー (作家)ですね	Editional	
月	ジョン・コナリー (作家)ですね	Editional	
アイルランド	ジョン・コナリー (作家)ですね	Editional	
月	ニキ・ジムリングですね	Editional	
シーズン	ニキ・ジムリングですね	Editional	
デンマーク	ニキ・ジムリングですね	Editional	
ゴール	ニキ・ジムリングですね	Editional	
チーム	ニキ・ジムリングですね	Editional	
教授	山本満ですね	Editional	
政治	山本満ですね	Editional	
昭和	山本満ですね	Editional	
国際	山本満ですね	Editional	
日本	山本満ですね	Editional	
バイパス	馬頭バイパスですね	Editional	
馬頭	馬頭バイパスですね	Editional	
交通	馬頭バイパスですね	Editional	
交差点	馬頭バイパスですね	Editional	
栃木	馬頭バイパスですね	Editional	
リチャード	リチャード・アイオアディですね	Editional	
俳優	リチャード・アイオアディですね	Editional	
映画	リチャード・アイオアディですね	Editional	
作品	リチャード・アイオアディですね	Editional	
脚本	リチャード・アイオアディですね	Editional	
アルバム	本田ゆかですね	Editional	
本田	本田ゆかですね	Editional	
ニューヨーク	本田ゆかですね	Editional	
ミュージシャン	本田ゆかですね	Editional	
プロデューサー	本田ゆかですね	Editional	
デザイナー	萩野光宣ですね	Editional	
萩野	萩野光宣ですね	Editional	
光宣	萩野光宣ですね	Editional	
日本	萩野光宣ですね	Editional	
インダストリアル	萩野光宣ですね	Editional	
雲	鏑木雲潭ですね	Editional	
大村	鏑木雲潭ですね	Editional	
鏑木	鏑木雲潭ですね	Editional	
月	鏑木雲潭ですね	Editional	
江戸	鏑木雲潭ですね	Editional	
ケヤキ	松之山の大ケヤキですね	Editional	
松之山	松之山の大ケヤキですね	Editional	
月	松之山の大ケヤキですね	Editional	
木	松之山の大ケヤキですね	Editional	
幹	松之山の大ケヤキですね	Editional	
月	木村つなですね	Editional	
木村	木村つなですね	Editional	
霧	木村つなですね	Editional	
宮	木村つなですね	Editional	
禁	木村つなですね	Editional	
春城	山田春城ですね	Editional	
山田	山田春城ですね	Editional	
明	山田春城ですね	Editional	
大学	山田春城ですね	Editional	
仁	山田春城ですね	Editional	
谷山	谷山ですね	Editional	
小学校	相原小学校ですね	Editional	
相原	相原小学校ですね	Editional	
あいはら	相原小学校ですね	Editional	
日本	相原小学校ですね	Editional	
公立	相原小学校ですね	Editional	
蒲田	蒲田魔女ですね	Editional	
魔女	蒲田魔女ですね	Editional	
羽子	蒲田魔女ですね	Editional	
魔力	蒲田魔女ですね	Editional	
コマ	蒲田魔女ですね	Editional	
月	セルゲイ・アクサーコフですね	Editional	
セルゲイ	セルゲイ・アクサーコフですね	Editional	
ロシア	セルゲイ・アクサーコフですね	Editional	
グレゴリオ	セルゲイ・アクサーコフですね	Editional	
モスクワ	セルゲイ・アクサーコフですね	Editional	
バレーボール	鈴木孝政 (バレーボール)ですね	Editional	
大会	鈴木孝政 (バレーボール)ですね	Editional	
鈴木	鈴木孝政 (バレーボール)ですね	Editional	
孝政	鈴木孝政 (バレーボール)ですね	Editional	
月	鈴木孝政 (バレーボール)ですね	Editional	
長崎	鏑木梅渓ですね	Editional	
鏑木	鏑木梅渓ですね	Editional	
江戸	鏑木梅渓ですね	Editional	
胤	鏑木梅渓ですね	Editional	
月	鏑木梅渓ですね	Editional	
土	香取市内循環バスですね	Editional	
年末年始	香取市内循環バスですね	Editional	
バス	香取市内循環バスですね	Editional	
香取	香取市内循環バスですね	Editional	
市内	香取市内循環バスですね	Editional	
春木	春木西湖ですね	Editional	
西湖	春木西湖ですね	Editional	
江戸	春木西湖ですね	Editional	
はる	春木西湖ですね	Editional	
せいこ	春木西湖ですね	Editional	
宗家	鮫島宗家ですね	Editional	
郡	鮫島宗家ですね	Editional	
鮫島	鮫島宗家ですね	Editional	
地頭	鮫島宗家ですね	Editional	
月	鮫島宗家ですね	Editional	
ナタリア	ナタリア・ディルですね	Editional	
月	ナタリア・ディルですね	Editional	
ブラジル	ナタリア・ディルですね	Editional	
出身	ナタリア・ディルですね	Editional	
女優	ナタリア・ディルですね	Editional	
鄭	鄭一嫂ですね	Editional	
嫂	鄭一嫂ですね	Editional	
海賊	鄭一嫂ですね	Editional	
張	鄭一嫂ですね	Editional	
一	鄭一嫂ですね	Editional	
スウェーデン	カール・セーデルストレムですね	Editional	
月	カール・セーデルストレムですね	Editional	
最初	カール・セーデルストレムですね	Editional	
パイロット	カール・セーデルストレムですね	Editional	
カール	カール・セーデルストレムですね	Editional	
使節	アフマド・イブン・ファドラーンですね	Editional	
世紀	アフマド・イブン・ファドラーンですね	Editional	
学者	アフマド・イブン・ファドラーンですね	Editional	
バグダード	アフマド・イブン・ファドラーンですね	Editional	
ブル	アフマド・イブン・ファドラーンですね	Editional	
教授	佐藤宏子ですね	Editional	
佐藤	佐藤宏子ですね	Editional	
宏子	佐藤宏子ですね	Editional	
英	佐藤宏子ですね	Editional	
米	佐藤宏子ですね	Editional	
夢	君野夢真ですね	Editional	
君野	君野夢真ですね	Editional	
真	君野夢真ですね	Editional	
子役	君野夢真ですね	Editional	
ママ	君野夢真ですね	Editional	
アシュリー	アシュリー・トリートメントですね	Editional	
療法	アシュリー・トリートメントですね	Editional	
当事者	アシュリー・トリートメントですね	Editional	
原因	アシュリー・トリートメントですね	Editional	
脳症	アシュリー・トリートメントですね	Editional	
神橋	神橋一彦ですね	Editional	
一彦	神橋一彦ですね	Editional	
行政	神橋一彦ですね	Editional	
教授	神橋一彦ですね	Editional	
月	神橋一彦ですね	Editional	
バンド	大達一真ですね	Editional	
大阪	大達一真ですね	Editional	
ライブ	大達一真ですね	Editional	
大達	大達一真ですね	Editional	
一真	大達一真ですね	Editional	
文学	中脇初枝ですね	Editional	
映画	中脇初枝ですね	Editional	
児童	中脇初枝ですね	Editional	
ドラマ	中脇初枝ですね	Editional	
昔話	中脇初枝ですね	Editional	
広田	広田麻由美ですね	Editional	
麻由美	広田麻由美ですね	Editional	
月	広田麻由美ですね	Editional	
尾谷	尾谷昌則ですね	Editional	
昌則	尾谷昌則ですね	Editional	
日本	尾谷昌則ですね	Editional	
おだ	尾谷昌則ですね	Editional	
言語	尾谷昌則ですね	Editional	
栗原	栗原景太郎ですね	Editional	
景	栗原景太郎ですね	Editional	
太郎	栗原景太郎ですね	Editional	
月	栗原景太郎ですね	Editional	
小型	栗原景太郎ですね	Editional	
矢崎	矢崎勘十ですね	Editional	
勘	矢崎勘十ですね	Editional	
月	矢崎勘十ですね	Editional	
陸軍	矢崎勘十ですね	Editional	
かん	矢崎勘十ですね	Editional	
郡	セントチャールズ郡 (ルイジアナ州)ですね	Editional	
委員	セントチャールズ郡 (ルイジアナ州)ですね	Editional	
国勢調査	セントチャールズ郡 (ルイジアナ州)ですね	Editional	
人口	セントチャールズ郡 (ルイジアナ州)ですね	Editional	
セント	セントチャールズ郡 (ルイジアナ州)ですね	Editional	
ヴァイオリン	小林美樹 (ヴァイオリニスト)ですね	Editional	
コンクール	小林美樹 (ヴァイオリニスト)ですね	Editional	
小林	小林美樹 (ヴァイオリニスト)ですね	Editional	
音楽	小林美樹 (ヴァイオリニスト)ですね	Editional	
国際	小林美樹 (ヴァイオリニスト)ですね	Editional	
古墳	宝莱山古墳ですね	Editional	
東京	宝莱山古墳ですね	Editional	
荏原	宝莱山古墳ですね	Editional	
宝	宝莱山古墳ですね	Editional	
大田	宝莱山古墳ですね	Editional	
雲	大岡雲峰ですね	Editional	
大岡	大岡雲峰ですね	Editional	
江戸	大岡雲峰ですね	Editional	
文	大岡雲峰ですね	Editional	
晁	大岡雲峰ですね	Editional	
藤原	藤原基貞ですね	Editional	
守	藤原基貞ですね	Editional	
美濃	藤原基貞ですね	Editional	
基	藤原基貞ですね	Editional	
貞	藤原基貞ですね	Editional	
月	木戸衣吹ですね	Editional	
声優	木戸衣吹ですね	Editional	
オーディション	木戸衣吹ですね	Editional	
アニメ	木戸衣吹ですね	Editional	
太字	木戸衣吹ですね	Editional	
月	章月グランドホテルですね	Editional	
章	章月グランドホテルですね	Editional	
ホテル	章月グランドホテルですね	Editional	
グランド	章月グランドホテルですね	Editional	
屋号	章月グランドホテルですね	Editional	
岩崎	岩崎良美 debut 30th Anniversary CD-BOXですね	Editional	
アルバム	岩崎良美 debut 30th Anniversary CD-BOXですね	Editional	
良美	岩崎良美 debut 30th Anniversary CD-BOXですね	Editional	
バージョン	岩崎良美 debut 30th Anniversary CD-BOXですね	Editional	
レコード	岩崎良美 debut 30th Anniversary CD-BOXですね	Editional	
岡田	岡田閑林ですね	Editional	
月	岡田閑林ですね	Editional	
画家	岡田閑林ですね	Editional	
安永	岡田閑林ですね	Editional	
嘉	岡田閑林ですね	Editional	
講師	吉田漱ですね	Editional	
吉田	吉田漱ですね	Editional	
月	吉田漱ですね	Editional	
日本	吉田漱ですね	Editional	
浮世絵	吉田漱ですね	Editional	
兵衛	百川 (落語)ですね	Editional	
若い衆	百川 (落語)ですね	Editional	
百川	百川 (落語)ですね	Editional	
鴨池	百川 (落語)ですね	Editional	
落語	百川 (落語)ですね	Editional	
奇術	保田春雄ですね	Editional	
木村	保田春雄ですね	Editional	
保田	保田春雄ですね	Editional	
春雄	保田春雄ですね	Editional	
腹話術	保田春雄ですね	Editional	
笹本	笹本孝ですね	Editional	
孝	笹本孝ですね	Editional	
フランス	笹本孝ですね	Editional	
もと	笹本孝ですね	Editional	
日本	笹本孝ですね	Editional	
小林	小林竜樹 (俳優)ですね	Editional	
竜	小林竜樹 (俳優)ですね	Editional	
俳優	小林竜樹 (俳優)ですね	Editional	
こ	小林竜樹 (俳優)ですね	Editional	
月	小林竜樹 (俳優)ですね	Editional	
ショート	高井信ですね	Editional	
日本	高井信ですね	Editional	
作家	高井信ですね	Editional	
高井	高井信ですね	Editional	
信	高井信ですね	Editional	
機関	バーデン大公国邦有鉄道IVf型蒸気機関車ですね	Editional	
ドイツ	バーデン大公国邦有鉄道IVf型蒸気機関車ですね	Editional	
鉄道	バーデン大公国邦有鉄道IVf型蒸気機関車ですね	Editional	
シリンダー	バーデン大公国邦有鉄道IVf型蒸気機関車ですね	Editional	
形式	バーデン大公国邦有鉄道IVf型蒸気機関車ですね	Editional	
ミルク	カストロカメラですね	Editional	
カメラ	カストロカメラですね	Editional	
カストロ	カストロカメラですね	Editional	
店	カストロカメラですね	Editional	
ゲイ	カストロカメラですね	Editional	
月	神部冬馬ですね	Editional	
舞台	神部冬馬ですね	Editional	
冬	神部冬馬ですね	Editional	
山梨	神部冬馬ですね	Editional	
神部	神部冬馬ですね	Editional	
大学	C.J.ウィルソン (ディフェンシブバック)ですね	Editional	
チーム	C.J.ウィルソン (ディフェンシブバック)ですね	Editional	
月	C.J.ウィルソン (ディフェンシブバック)ですね	Editional	
シーズン	C.J.ウィルソン (ディフェンシブバック)ですね	Editional	
ウィルソン	C.J.ウィルソン (ディフェンシブバック)ですね	Editional	
ヒル	ヒルジンですね	Editional	
ジン	ヒルジンですね	Editional	
血液	ヒルジンですね	Editional	
医用	ヒルジンですね	Editional	
活性	ヒルジンですね	Editional	
セサール	セサール県ですね	Editional	
県	セサール県ですね	Editional	
コロンビア	セサール県ですね	Editional	
北部	セサール県ですね	Editional	
カリブ海	セサール県ですね	Editional	
日本棋院	長谷川章ですね	Editional	
理事	長谷川章ですね	Editional	
本因坊	長谷川章ですね	Editional	
リーグ	長谷川章ですね	Editional	
碁	長谷川章ですね	Editional	
バスケットボール	ジェイ・ウィリアムス (バスケットボール)ですね	Editional	
ブルズ	ジェイ・ウィリアムス (バスケットボール)ですね	Editional	
ジェイ	ジェイ・ウィリアムス (バスケットボール)ですね	Editional	
選手	ジェイ・ウィリアムス (バスケットボール)ですね	Editional	
シカゴ	ジェイ・ウィリアムス (バスケットボール)ですね	Editional	
高田	高田淳ですね	Editional	
中国	高田淳ですね	Editional	
思想	高田淳ですね	Editional	
教授	高田淳ですね	Editional	
淳	高田淳ですね	Editional	
戸梶	戸梶恵理子ですね	Editional	
恵理子	戸梶恵理子ですね	Editional	
りこ	戸梶恵理子ですね	Editional	
月	戸梶恵理子ですね	Editional	
日本	戸梶恵理子ですね	Editional	
戸村	戸村義国ですね	Editional	
義	戸村義国ですね	Editional	
佐竹	戸村義国ですね	Editional	
義国	戸村義国ですね	Editional	
隆	戸村義国ですね	Editional	
月	ダニー・シットゥですね	Editional	
ダニー	ダニー・シットゥですね	Editional	
リーグ	ダニー・シットゥですね	Editional	
クラブ	ダニー・シットゥですね	Editional	
ダニエル	ダニー・シットゥですね	Editional	
須永	須永恆雄ですね	Editional	
ドイツ	須永恆雄ですね	Editional	
ジョージ	須永恆雄ですね	Editional	
フランツ	須永恆雄ですね	Editional	
恒雄	須永恆雄ですね	Editional	
サック	C.J.ウィルソン (ディフェンシブエンド)ですね	Editional	
チーム	C.J.ウィルソン (ディフェンシブエンド)ですね	Editional	
カンファレンス	C.J.ウィルソン (ディフェンシブエンド)ですね	Editional	
最優秀	C.J.ウィルソン (ディフェンシブエンド)ですね	Editional	
選手	C.J.ウィルソン (ディフェンシブエンド)ですね	Editional	
ダグラス	ハーブ・ダグラスですね	Editional	
走幅跳	ハーブ・ダグラスですね	Editional	
オリンピック	ハーブ・ダグラスですね	Editional	
選手権	ハーブ・ダグラスですね	Editional	
決勝	ハーブ・ダグラスですね	Editional	
首相	ジョン・ターナーですね	Editional	
トルドー	ジョン・ターナーですね	Editional	
ターナー	ジョン・ターナーですね	Editional	
カナダ	ジョン・ターナーですね	Editional	
自由党	ジョン・ターナーですね	Editional	
子ども	菊池省三ですね	Editional	
コミュニケーション	菊池省三ですね	Editional	
言葉	菊池省三ですね	Editional	
菊池	菊池省三ですね	Editional	
北九州	菊池省三ですね	Editional	
漆山	漆山又四郎ですね	Editional	
又四郎	漆山又四郎ですね	Editional	
月	漆山又四郎ですね	Editional	
露伴	漆山又四郎ですね	Editional	
しろう	漆山又四郎ですね	Editional	
公園	川里中央公園ですね	Editional	
川里	川里中央公園ですね	Editional	
中央	川里中央公園ですね	Editional	
鴻巣	川里中央公園ですね	Editional	
所在	川里中央公園ですね	Editional	
楠	TOKYOブローカー (楠みちはるの漫画)ですね	Editional	
作品	TOKYOブローカー (楠みちはるの漫画)ですね	Editional	
伊藤	TOKYOブローカー (楠みちはるの漫画)ですね	Editional	
ブローカー	TOKYOブローカー (楠みちはるの漫画)ですね	Editional	
漫画	TOKYOブローカー (楠みちはるの漫画)ですね	Editional	
明	蕭子明ですね	Editional	
将軍	蕭子明ですね	Editional	
永	蕭子明ですね	Editional	
武	蕭子明ですね	Editional	
元年	蕭子明ですね	Editional	
江	江稼圃ですね	Editional	
江戸	江稼圃ですね	Editional	
文人	江稼圃ですね	Editional	
画	江稼圃ですね	Editional	
大田	江稼圃ですね	Editional	
文宣	郁久閭菴羅辰ですね	Editional	
帝	郁久閭菴羅辰ですね	Editional	
辰	郁久閭菴羅辰ですね	Editional	
柔	郁久閭菴羅辰ですね	Editional	
汗	郁久閭菴羅辰ですね	Editional	
東城	庄原市立東城小学校ですね	Editional	
小学校	庄原市立東城小学校ですね	Editional	
庄原	庄原市立東城小学校ですね	Editional	
学校	庄原市立東城小学校ですね	Editional	
市立	庄原市立東城小学校ですね	Editional	
教授	荒井健ですね	Editional	
荒井	荒井健ですね	Editional	
健	荒井健ですね	Editional	
文学	荒井健ですね	Editional	
京都大	荒井健ですね	Editional	
音楽	牧野忠義 (作曲家)ですね	Editional	
株式会社	牧野忠義 (作曲家)ですね	Editional	
楽曲	牧野忠義 (作曲家)ですね	Editional	
モンスター	牧野忠義 (作曲家)ですね	Editional	
ハンター	牧野忠義 (作曲家)ですね	Editional	
トラ	トラビス・ウィリアムズですね	Editional	
ビス	トラビス・ウィリアムズですね	Editional	
ウィリアムズ	トラビス・ウィリアムズですね	Editional	
菊田	菊田均ですね	Editional	
均	菊田均ですね	Editional	
法政大学	菊田均ですね	Editional	
ひとし	菊田均ですね	Editional	
月	菊田均ですね	Editional	
北村	北村諒ですね	Editional	
諒	北村諒ですね	Editional	
むら	北村諒ですね	Editional	
りょう	北村諒ですね	Editional	
月	北村諒ですね	Editional	
前田	高松市立前田小学校ですね	Editional	
小学校	高松市立前田小学校ですね	Editional	
高松	高松市立前田小学校ですね	Editional	
市立	高松市立前田小学校ですね	Editional	
明治	高松市立前田小学校ですね	Editional	
シーズン	藤江建典ですね	Editional	
藤江	藤江建典ですね	Editional	
岩手	藤江建典ですね	Editional	
背番号	藤江建典ですね	Editional	
富山	藤江建典ですね	Editional	
大槻	大槻優平ですね	Editional	
サッカー	大槻優平ですね	Editional	
優	大槻優平ですね	Editional	
月	大槻優平ですね	Editional	
京都	大槻優平ですね	Editional	
佐々木	佐々木悠花ですね	Editional	
悠花	佐々木悠花ですね	Editional	
ささき	佐々木悠花ですね	Editional	
はるか	佐々木悠花ですね	Editional	
月	佐々木悠花ですね	Editional	
加藤	加藤玲奈ですね	Editional	
玲奈	加藤玲奈ですね	Editional	
かとう	加藤玲奈ですね	Editional	
サンタ	サンタ・クルス島 (ガラパゴス)ですね	Editional	
クルス	サンタ・クルス島 (ガラパゴス)ですね	Editional	
島	サンタ・クルス島 (ガラパゴス)ですね	Editional	
降水	サンタ・クルス島 (ガラパゴス)ですね	Editional	
アカデミー	サンタ・クルス島 (ガラパゴス)ですね	Editional	
福島	福島茂夫ですね	Editional	
月	福島茂夫ですね	Editional	
日本	福島茂夫ですね	Editional	
議員	福島茂夫ですね	Editional	
埼玉	福島茂夫ですね	Editional	
月	黄祐呂ですね	Editional	
黄	黄祐呂ですね	Editional	
祐	黄祐呂ですね	Editional	
呂	黄祐呂ですね	Editional	
政界	黄祐呂ですね	Editional	
原田	原田憲雄ですね	Editional	
歌人	原田憲雄ですね	Editional	
憲雄	原田憲雄ですね	Editional	
日本	原田憲雄ですね	Editional	
詩人	原田憲雄ですね	Editional	
親衛隊	エルンスト＝ロベルト・グラヴィッツですね	Editional	
月	エルンスト＝ロベルト・グラヴィッツですね	Editional	
ドイツ	エルンスト＝ロベルト・グラヴィッツですね	Editional	
ベルリン	エルンスト＝ロベルト・グラヴィッツですね	Editional	
医師	エルンスト＝ロベルト・グラヴィッツですね	Editional	
郡	ジェファーソンデイビス郡 (ルイジアナ州)ですね	Editional	
ジェファーソン	ジェファーソンデイビス郡 (ルイジアナ州)ですね	Editional	
デイビス	ジェファーソンデイビス郡 (ルイジアナ州)ですね	Editional	
ルイジアナ	ジェファーソンデイビス郡 (ルイジアナ州)ですね	Editional	
人口	ジェファーソンデイビス郡 (ルイジアナ州)ですね	Editional	
アンネ	アンネの日記 (1959年の映画)ですね	Editional	
日記	アンネの日記 (1959年の映画)ですね	Editional	
映画	アンネの日記 (1959年の映画)ですね	Editional	
部門	アンネの日記 (1959年の映画)ですね	Editional	
ジョージ	アンネの日記 (1959年の映画)ですね	Editional	
キット	アーサー・キットですね	Editional	
アーサー	アーサー・キットですね	Editional	
テレビ	アーサー・キットですね	Editional	
映画	アーサー・キットですね	Editional	
声	アーサー・キットですね	Editional	
ニュージーランド	アダム・マクジョージですね	Editional	
アダム	アダム・マクジョージですね	Editional	
月	アダム・マクジョージですね	Editional	
出身	アダム・マクジョージですね	Editional	
サッカー	アダム・マクジョージですね	Editional	
月	伊集院光の週末TSUTAYAに行ってこれ借りよう!ですね	Editional	
番組	伊集院光の週末TSUTAYAに行ってこれ借りよう!ですね	Editional	
伊集院	伊集院光の週末TSUTAYAに行ってこれ借りよう!ですね	Editional	
ラジオ	伊集院光の週末TSUTAYAに行ってこれ借りよう!ですね	Editional	
光	伊集院光の週末TSUTAYAに行ってこれ借りよう!ですね	Editional	
ミク	初音ミク 5thバースデー ベスト〜impacts〜ですね	Editional	
初音	初音ミク 5thバースデー ベスト〜impacts〜ですね	Editional	
ベスト	初音ミク 5thバースデー ベスト〜impacts〜ですね	Editional	
バースデー	初音ミク 5thバースデー ベスト〜impacts〜ですね	Editional	
アルバム	初音ミク 5thバースデー ベスト〜impacts〜ですね	Editional	
月	和田嘉訓ですね	Editional	
映画	和田嘉訓ですね	Editional	
昭和	和田嘉訓ですね	Editional	
助監督	和田嘉訓ですね	Editional	
和田	和田嘉訓ですね	Editional	
寒川	寒川ですね	Editional	
集落	寒川ですね	Editional	
月	寒川ですね	Editional	
世帯	寒川ですね	Editional	
米良	寒川ですね	Editional	
機関	バーデン大公国邦有鉄道IVh型蒸気機関車ですね	Editional	
シリンダー	バーデン大公国邦有鉄道IVh型蒸気機関車ですね	Editional	
鉄道	バーデン大公国邦有鉄道IVh型蒸気機関車ですね	Editional	
ドイツ	バーデン大公国邦有鉄道IVh型蒸気機関車ですね	Editional	
軸	バーデン大公国邦有鉄道IVh型蒸気機関車ですね	Editional	
アルバム	サーファー・ブラッドですね	Editional	
バンド	サーファー・ブラッドですね	Editional	
フロリダ	サーファー・ブラッドですね	Editional	
インディー	サーファー・ブラッドですね	Editional	
年間	サーファー・ブラッドですね	Editional	
秋	張秋穀ですね	Editional	
穀	張秋穀ですね	Editional	
秋谷	張秋穀ですね	Editional	
張	張秋穀ですね	Editional	
画家	張秋穀ですね	Editional	
寒川	寒川豊岡海浜公園ですね	Editional	
豊岡	寒川豊岡海浜公園ですね	Editional	
海水浴	寒川豊岡海浜公園ですね	Editional	
海浜	寒川豊岡海浜公園ですね	Editional	
公園	寒川豊岡海浜公園ですね	Editional	
フランス	星野貞治ですね	Editional	
パリ	星野貞治ですね	Editional	
星野	星野貞治ですね	Editional	
貞治	星野貞治ですね	Editional	
月	星野貞治ですね	Editional	
聖	聖三木図書館ですね	Editional	
三木	聖三木図書館ですね	Editional	
図書館	聖三木図書館ですね	Editional	
教会	聖三木図書館ですね	Editional	
月	聖三木図書館ですね	Editional	
戸村	戸村義道ですね	Editional	
義	戸村義道ですね	Editional	
子	戸村義道ですね	Editional	
善	戸村義道ですね	Editional	
義道	戸村義道ですね	Editional	
貞	貞観の治 (日本)ですね	Editional	
天皇	貞観の治 (日本)ですね	Editional	
時代	貞観の治 (日本)ですね	Editional	
藤原	貞観の治 (日本)ですね	Editional	
日本	貞観の治 (日本)ですね	Editional	
ネタ	横澤夏子ですね	Editional	
横澤	横澤夏子ですね	Editional	
東京	横澤夏子ですね	Editional	
音楽	横澤夏子ですね	Editional	
自分	横澤夏子ですね	Editional	
デイビス	レスリー・デイビスですね	Editional	
選手	レスリー・デイビスですね	Editional	
月	レスリー・デイビスですね	Editional	
ウェールズ	レスリー・デイビスですね	Editional	
最優秀	レスリー・デイビスですね	Editional	
具志頭	蔡氏具志頭殿内ですね	Editional	
志多伯	蔡氏具志頭殿内ですね	Editional	
琉球	蔡氏具志頭殿内ですね	Editional	
王国	蔡氏具志頭殿内ですね	Editional	
士族	蔡氏具志頭殿内ですね	Editional	
石割	石割由紀人ですね	Editional	
由紀	石割由紀人ですね	Editional	
男性	石割由紀人ですね	Editional	
月	石割由紀人ですね	Editional	
会計士	石割由紀人ですね	Editional	
安倍	新谷学ですね	Editional	
ファクト	新谷学ですね	Editional	
朝日新聞	新谷学ですね	Editional	
首相	新谷学ですね	Editional	
新谷	新谷学ですね	Editional	
文学	黒須重彦ですね	Editional	
中国	黒須重彦ですね	Editional	
黒須	黒須重彦ですね	Editional	
重彦	黒須重彦ですね	Editional	
月	黒須重彦ですね	Editional	
自身	フランク・オーシャンですね	Editional	
アルバム	フランク・オーシャンですね	Editional	
グラミー	フランク・オーシャンですね	Editional	
月	フランク・オーシャンですね	Editional	
ベスト	フランク・オーシャンですね	Editional	
吉本	吉本吉兵衛ですね	Editional	
月	吉本吉兵衛ですね	Editional	
吉兵衛	吉本吉兵衛ですね	Editional	
箸	吉本吉兵衛ですね	Editional	
吉	吉本吉兵衛ですね	Editional	
須崎	須崎勝彌ですね	Editional	
月	須崎勝彌ですね	Editional	
脚本	須崎勝彌ですね	Editional	
勝彌	須崎勝彌ですね	Editional	
日本	須崎勝彌ですね	Editional	
月	本田アユムですね	Editional	
本田	本田アユムですね	Editional	
新人	本田アユムですね	Editional	
日本	本田アユムですね	Editional	
後楽園	本田アユムですね	Editional	
小高	小高敏郎ですね	Editional	
敏郎	小高敏郎ですね	Editional	
月	小高敏郎ですね	Editional	
国文	小高敏郎ですね	Editional	
教授	小高敏郎ですね	Editional	
娼婦	娼婦ベロニカですね	Editional	
ベロニカ	娼婦ベロニカですね	Editional	
マルコ	娼婦ベロニカですね	Editional	
月	娼婦ベロニカですね	Editional	
母親	娼婦ベロニカですね	Editional	
金子	金子みすゞ物語〜みんなちがってみんないい〜ですね	Editional	
みす	金子みすゞ物語〜みんなちがってみんないい〜ですね	Editional	
物語	金子みすゞ物語〜みんなちがってみんないい〜ですね	Editional	
かねこ	金子みすゞ物語〜みんなちがってみんないい〜ですね	Editional	
みすず	金子みすゞ物語〜みんなちがってみんないい〜ですね	Editional	
佃煮	永楽屋 (京佃煮・和菓子)ですね	Editional	
和菓子	永楽屋 (京佃煮・和菓子)ですね	Editional	
永楽	永楽屋 (京佃煮・和菓子)ですね	Editional	
京	永楽屋 (京佃煮・和菓子)ですね	Editional	
京都	永楽屋 (京佃煮・和菓子)ですね	Editional	
哲学	中岡成文ですね	Editional	
大阪大学	中岡成文ですね	Editional	
教授	中岡成文ですね	Editional	
助教授	中岡成文ですね	Editional	
中岡	中岡成文ですね	Editional	
夏子	夏子の冒険ですね	Editional	
三島	夏子の冒険ですね	Editional	
熊	夏子の冒険ですね	Editional	
毅	夏子の冒険ですね	Editional	
北海道	夏子の冒険ですね	Editional	
美術	奥平俊六ですね	Editional	
奥平	奥平俊六ですね	Editional	
俊六	奥平俊六ですね	Editional	
日本	奥平俊六ですね	Editional	
大阪大学	奥平俊六ですね	Editional	
物資	板橋造兵廠物資不正分配事件ですね	Editional	
工場	板橋造兵廠物資不正分配事件ですね	Editional	
住民	板橋造兵廠物資不正分配事件ですね	Editional	
事件	板橋造兵廠物資不正分配事件ですね	Editional	
板橋	板橋造兵廠物資不正分配事件ですね	Editional	
元義	平賀元義ですね	Editional	
岡山	平賀元義ですね	Editional	
月	平賀元義ですね	Editional	
歌	平賀元義ですね	Editional	
平賀	平賀元義ですね	Editional	
齋藤	齋藤玄昌實ですね	Editional	
玄	齋藤玄昌實ですね	Editional	
昌	齋藤玄昌實ですね	Editional	
實	齋藤玄昌實ですね	Editional	
雄勝	齋藤玄昌實ですね	Editional	
歌代	歌代幸子ですね	Editional	
幸子	歌代幸子ですね	Editional	
うた	歌代幸子ですね	Editional	
ゆきこ	歌代幸子ですね	Editional	
日本	歌代幸子ですね	Editional	
ステファノプロス	ステファノプロスですね	Editional	
ラテン	ステファノプロスですね	Editional	
文字	ステファノプロスですね	Editional	
ギリシャ	ステファノプロスですね	Editional	
姓	ステファノプロスですね	Editional	
村橋	村橋明郎ですね	Editional	
明郎	村橋明郎ですね	Editional	
日本	村橋明郎ですね	Editional	
映画	村橋明郎ですね	Editional	
講師	村橋明郎ですね	Editional	
貫気別川	貫気別川 (後志・胆振)ですね	Editional	
胆振	貫気別川 (後志・胆振)ですね	Editional	
北海道	貫気別川 (後志・胆振)ですね	Editional	
後志	貫気別川 (後志・胆振)ですね	Editional	
管内	貫気別川 (後志・胆振)ですね	Editional	
映画	キム・ジウンですね	Editional	
協会	キム・ジウンですね	Editional	
キム	キム・ジウンですね	Editional	
金	キム・ジウンですね	Editional	
知	キム・ジウンですね	Editional	
杉並	本橋保正ですね	Editional	
月	本橋保正ですね	Editional	
総務	本橋保正ですね	Editional	
本橋	本橋保正ですね	Editional	
保正	本橋保正ですね	Editional	
昭和	永淵道彦ですね	Editional	
教授	永淵道彦ですね	Editional	
永淵	永淵道彦ですね	Editional	
文学	永淵道彦ですね	Editional	
筑紫女学園大学	永淵道彦ですね	Editional	
周太	周太后ですね	Editional	
后	周太后ですね	Editional	
月	田中秀昌ですね	Editional	
柔道	田中秀昌ですね	Editional	
全日本	田中秀昌ですね	Editional	
田中	田中秀昌ですね	Editional	
選手権	田中秀昌ですね	Editional	
手塚	手塚治虫の旧約聖書物語ですね	Editional	
アニメ	手塚治虫の旧約聖書物語ですね	Editional	
月	手塚治虫の旧約聖書物語ですね	Editional	
治虫	手塚治虫の旧約聖書物語ですね	Editional	
聖書	手塚治虫の旧約聖書物語ですね	Editional	
劉	劉玉香ですね	Editional	
玉	劉玉香ですね	Editional	
香	劉玉香ですね	Editional	
選手	劉玉香ですね	Editional	
世界	劉玉香ですね	Editional	
月	松本清張シリーズ (関西テレビ)ですね	Editional	
ドラマ	松本清張シリーズ (関西テレビ)ですね	Editional	
松本	松本清張シリーズ (関西テレビ)ですね	Editional	
清張	松本清張シリーズ (関西テレビ)ですね	Editional	
シリーズ	松本清張シリーズ (関西テレビ)ですね	Editional	
ルクセンブルク	マリー・ミュラーですね	Editional	
柔道	マリー・ミュラーですね	Editional	
選手	マリー・ミュラーですね	Editional	
選手権	マリー・ミュラーですね	Editional	
大会	マリー・ミュラーですね	Editional	
秋吉	秋吉真実ですね	Editional	
真実	秋吉真実ですね	Editional	
新川	秋吉真実ですね	Editional	
めぐみ	秋吉真実ですね	Editional	
日本	秋吉真実ですね	Editional	
月	ケリー・ワシントンですね	Editional	
ケリー	ケリー・ワシントンですね	Editional	
ワシントン	ケリー・ワシントンですね	Editional	
アメリカ合衆国	ケリー・ワシントンですね	Editional	
レイ	ケリー・ワシントンですね	Editional	
自動車	畑中自動車ですね	Editional	
中古	畑中自動車ですね	Editional	
畑中	畑中自動車ですね	Editional	
株式会社	畑中自動車ですね	Editional	
自転車	畑中自動車ですね	Editional	
貞	源舒ですね	Editional	
月	源舒ですね	Editional	
左	源舒ですね	Editional	
参議	源舒ですね	Editional	
清和	源舒ですね	Editional	
中島	中島みどりですね	Editional	
みどり	中島みどりですね	Editional	
中国	中島みどりですね	Editional	
文学	中島みどりですね	Editional	
教授	中島みどりですね	Editional	
映画	岡晴夫のマドロスの唄ですね	Editional	
東京	岡晴夫のマドロスの唄ですね	Editional	
本	岡晴夫のマドロスの唄ですね	Editional	
作品	岡晴夫のマドロスの唄ですね	Editional	
マドロス	岡晴夫のマドロスの唄ですね	Editional	
トメ	おトメちゃんズですね	Editional	
日本テレビ	おトメちゃんズですね	Editional	
関東	おトメちゃんズですね	Editional	
ローカル	おトメちゃんズですね	Editional	
情報	おトメちゃんズですね	Editional	
臼井	臼井良介ですね	Editional	
良介	臼井良介ですね	Editional	
愛知	臼井良介ですね	Editional	
りょう	臼井良介ですね	Editional	
月	臼井良介ですね	Editional	
日本	広瀬久也ですね	Editional	
広瀬	広瀬久也ですね	Editional	
久也	広瀬久也ですね	Editional	
理事	広瀬久也ですね	Editional	
学者	広瀬久也ですね	Editional	
むら	たむら純子ですね	Editional	
純子	たむら純子ですね	Editional	
じゅん	たむら純子ですね	Editional	
こ	たむら純子ですね	Editional	
女性	たむら純子ですね	Editional	
月	岡田信ですね	Editional	
銀行	岡田信ですね	Editional	
昭和	岡田信ですね	Editional	
岡田	岡田信ですね	Editional	
満州	岡田信ですね	Editional	
大谷	大谷暢順ですね	Editional	
本願寺	大谷暢順ですね	Editional	
暢	大谷暢順ですね	Editional	
京都	大谷暢順ですね	Editional	
財団	大谷暢順ですね	Editional	
効果	ジョン・リチャードソン (特殊効果)ですね	Editional	
視覚	ジョン・リチャードソン (特殊効果)ですね	Editional	
ジョン	ジョン・リチャードソン (特殊効果)ですね	Editional	
リチャードソン	ジョン・リチャードソン (特殊効果)ですね	Editional	
シリーズ	ジョン・リチャードソン (特殊効果)ですね	Editional	
秦	秦賢助ですね	Editional	
賢助	秦賢助ですね	Editional	
月	秦賢助ですね	Editional	
日本	秦賢助ですね	Editional	
作家	秦賢助ですね	Editional	
月	岡田逸治郎ですね	Editional	
明治	岡田逸治郎ですね	Editional	
滋賀	岡田逸治郎ですね	Editional	
守山	岡田逸治郎ですね	Editional	
地価	岡田逸治郎ですね	Editional	
学校	山口孝ですね	Editional	
理事	山口孝ですね	Editional	
明治大学	山口孝ですね	Editional	
法人	山口孝ですね	Editional	
東京家政学院	山口孝ですね	Editional	
伊是名	向氏伊是名殿内ですね	Editional	
向	向氏伊是名殿内ですね	Editional	
琉球	向氏伊是名殿内ですね	Editional	
朝	向氏伊是名殿内ですね	Editional	
明治	向氏伊是名殿内ですね	Editional	
日本	志村有弘ですね	Editional	
文学	志村有弘ですね	Editional	
教授	志村有弘ですね	Editional	
志村	志村有弘ですね	Editional	
有弘	志村有弘ですね	Editional	
阪	高阪昌至ですね	Editional	
昌	高阪昌至ですね	Editional	
至	高阪昌至ですね	Editional	
まさよ	高阪昌至ですね	Editional	
月	高阪昌至ですね	Editional	
月	ダスティン・モルケンですね	Editional	
カナダ	ダスティン・モルケンですね	Editional	
マイナー	ダスティン・モルケンですね	Editional	
大会	ダスティン・モルケンですね	Editional	
野球	ダスティン・モルケンですね	Editional	
親鸞	世界の光 親鸞聖人ですね	Editional	
聖人	世界の光 親鸞聖人ですね	Editional	
世界	世界の光 親鸞聖人ですね	Editional	
光	世界の光 親鸞聖人ですね	Editional	
ひかり	世界の光 親鸞聖人ですね	Editional	
王	親鸞聖人と王舎城の悲劇ですね	Editional	
悲劇	親鸞聖人と王舎城の悲劇ですね	Editional	
親鸞	親鸞聖人と王舎城の悲劇ですね	Editional	
聖人	親鸞聖人と王舎城の悲劇ですね	Editional	
しん	親鸞聖人と王舎城の悲劇ですね	Editional	
教授	松本寧至ですね	Editional	
大正大学	松本寧至ですね	Editional	
松本	松本寧至ですね	Editional	
寧	松本寧至ですね	Editional	
至	松本寧至ですね	Editional	
教授	渡部芳紀ですね	Editional	
渡部	渡部芳紀ですね	Editional	
芳紀	渡部芳紀ですね	Editional	
中央大学	渡部芳紀ですね	Editional	
文学部	渡部芳紀ですね	Editional	
教授	針原孝之ですね	Editional	
針	針原孝之ですね	Editional	
原	針原孝之ですね	Editional	
孝之	針原孝之ですね	Editional	
二松学舎大学	針原孝之ですね	Editional	
郵便	篠栗郵便局ですね	Editional	
篠栗	篠栗郵便局ですね	Editional	
業務	篠栗郵便局ですね	Editional	
糟屋	篠栗郵便局ですね	Editional	
福岡	篠栗郵便局ですね	Editional	
郡	アレン郡 (ルイジアナ州)ですね	Editional	
アレン	アレン郡 (ルイジアナ州)ですね	Editional	
ルイジアナ	アレン郡 (ルイジアナ州)ですね	Editional	
博物館	アレン郡 (ルイジアナ州)ですね	Editional	
人口	アレン郡 (ルイジアナ州)ですね	Editional	
落語	桂伸三ですね	Editional	
桂	桂伸三ですね	Editional	
伸	桂伸三ですね	Editional	
春雨	桂伸三ですね	Editional	
雷蔵	桂伸三ですね	Editional	
プリンセス	もとなおこですね	Editional	
秋田	もとなおこですね	Editional	
書店	もとなおこですね	Editional	
なおこ	もとなおこですね	Editional	
月刊	もとなおこですね	Editional	
延喜	藤原恒佐ですね	Editional	
藤原	藤原恒佐ですね	Editional	
近衛	藤原恒佐ですね	Editional	
右大臣	藤原恒佐ですね	Editional	
左	藤原恒佐ですね	Editional	
医学	五味常明ですね	Editional	
五味	五味常明ですね	Editional	
客員	五味常明ですね	Editional	
教授	五味常明ですね	Editional	
昭和大学	五味常明ですね	Editional	
シーズン	大塚裕土ですね	Editional	
大塚	大塚裕土ですね	Editional	
月	大塚裕土ですね	Editional	
チーム	大塚裕土ですね	Editional	
バスケットボール	大塚裕土ですね	Editional	
山瀬	RIBBON (山瀬まみのアルバム)ですね	Editional	
まみ	RIBBON (山瀬まみのアルバム)ですね	Editional	
アルバム	RIBBON (山瀬まみのアルバム)ですね	Editional	
リボン	RIBBON (山瀬まみのアルバム)ですね	Editional	
月	RIBBON (山瀬まみのアルバム)ですね	Editional	
馬	馬氏小禄殿内ですね	Editional	
小禄	馬氏小禄殿内ですね	Editional	
王国	馬氏小禄殿内ですね	Editional	
五大	馬氏小禄殿内ですね	Editional	
名門	馬氏小禄殿内ですね	Editional	
石渡	石渡ですね	Editional	
和田	和田淳子ですね	Editional	
淳子	和田淳子ですね	Editional	
映像	和田淳子ですね	Editional	
映画	和田淳子ですね	Editional	
日本	和田淳子ですね	Editional	
大島	大島大火ですね	Editional	
大火	大島大火ですね	Editional	
月	大島大火ですね	Editional	
元町	大島大火ですね	Editional	
伊豆	大島大火ですね	Editional	
エリザベス	エリザベス・シーモア (サマセット公爵夫人)ですね	Editional	
アン	エリザベス・シーモア (サマセット公爵夫人)ですね	Editional	
伯	エリザベス・シーモア (サマセット公爵夫人)ですね	Editional	
公爵	エリザベス・シーモア (サマセット公爵夫人)ですね	Editional	
イングランド	エリザベス・シーモア (サマセット公爵夫人)ですね	Editional	
ちひろ	天然格闘少女ちひろちゃんですね	Editional	
天然	天然格闘少女ちひろちゃんですね	Editional	
少女	天然格闘少女ちひろちゃんですね	Editional	
漫画	天然格闘少女ちひろちゃんですね	Editional	
寮	天然格闘少女ちひろちゃんですね	Editional	
教授	皆見昭ですね	Editional	
昭	皆見昭ですね	Editional	
英	皆見昭ですね	Editional	
文学	皆見昭ですね	Editional	
助教授	皆見昭ですね	Editional	
キース	キース・ビショップ (アメリカンフットボール)ですね	Editional	
ビショップ	キース・ビショップ (アメリカンフットボール)ですね	Editional	
アメリカンフットボール	キース・ビショップ (アメリカンフットボール)ですね	Editional	
シーズン	キース・ビショップ (アメリカンフットボール)ですね	Editional	
現役	キース・ビショップ (アメリカンフットボール)ですね	Editional	
南	北嶋南五ですね	Editional	
五城目	北嶋南五ですね	Editional	
露月	北嶋南五ですね	Editional	
北嶋	北嶋南五ですね	Editional	
秋田	北嶋南五ですね	Editional	
川柳	渡辺銀雨ですね	Editional	
銀	渡辺銀雨ですね	Editional	
五城目	渡辺銀雨ですね	Editional	
作家	渡辺銀雨ですね	Editional	
渡辺	渡辺銀雨ですね	Editional	
ゲーム	トッド・ハワードですね	Editional	
ハワード	トッド・ハワードですね	Editional	
ベセスダ	トッド・ハワードですね	Editional	
ディレクター	トッド・ハワードですね	Editional	
ビデオ	トッド・ハワードですね	Editional	
福田	福田香史ですね	Editional	
三重	福田香史ですね	Editional	
四日市	福田香史ですね	Editional	
議員	福田香史ですね	Editional	
地区	福田香史ですね	Editional	
香芝	香芝市立真美ヶ丘東小学校ですね	Editional	
小学校	香芝市立真美ヶ丘東小学校ですね	Editional	
市立	香芝市立真美ヶ丘東小学校ですね	Editional	
真美	香芝市立真美ヶ丘東小学校ですね	Editional	
丘	香芝市立真美ヶ丘東小学校ですね	Editional	
ベスト	國府田マリ子 パーフェクト・ベストですね	Editional	
パーフェクト	國府田マリ子 パーフェクト・ベストですね	Editional	
國	國府田マリ子 パーフェクト・ベストですね	Editional	
田	國府田マリ子 パーフェクト・ベストですね	Editional	
マリ子	國府田マリ子 パーフェクト・ベストですね	Editional	
日本	天沼春樹ですね	Editional	
飛行船	天沼春樹ですね	Editional	
協会	天沼春樹ですね	Editional	
天沼	天沼春樹ですね	Editional	
春樹	天沼春樹ですね	Editional	
マイ	マイ・ライフ (映画)ですね	Editional	
ライフ	マイ・ライフ (映画)ですね	Editional	
映画	マイ・ライフ (映画)ですね	Editional	
脚本	マイ・ライフ (映画)ですね	Editional	
原題	マイ・ライフ (映画)ですね	Editional	
効果	ジョン・ネルソン (特殊効果)ですね	Editional	
視覚	ジョン・ネルソン (特殊効果)ですね	Editional	
ネルソン	ジョン・ネルソン (特殊効果)ですね	Editional	
ジョン	ジョン・ネルソン (特殊効果)ですね	Editional	
月	ジョン・ネルソン (特殊効果)ですね	Editional	
桜	伊佐沢の久保桜ですね	Editional	
根	伊佐沢の久保桜ですね	Editional	
久保	伊佐沢の久保桜ですね	Editional	
幹	伊佐沢の久保桜ですね	Editional	
お玉	伊佐沢の久保桜ですね	Editional	
小川	宇城市立小川小学校ですね	Editional	
小学校	宇城市立小川小学校ですね	Editional	
市立	宇城市立小川小学校ですね	Editional	
りつ	宇城市立小川小学校ですね	Editional	
わし	宇城市立小川小学校ですね	Editional	
中国	劉迪ですね	Editional	
早稲田大学	劉迪ですね	Editional	
大学院	劉迪ですね	Editional	
課程	劉迪ですね	Editional	
博士	劉迪ですね	Editional	
西田	西田知己ですね	Editional	
知己	西田知己ですね	Editional	
上智大学	西田知己ですね	Editional	
にし	西田知己ですね	Editional	
日本	西田知己ですね	Editional	
天	藤原有相ですね	Editional	
左	藤原有相ですね	Editional	
藤原	藤原有相ですね	Editional	
右	藤原有相ですね	Editional	
弁	藤原有相ですね	Editional	
藤原	藤原懐忠 (藤原北家)ですね	Editional	
懐	藤原懐忠 (藤原北家)ですね	Editional	
忠	藤原懐忠 (藤原北家)ですね	Editional	
貴族	藤原懐忠 (藤原北家)ですね	Editional	
北	藤原懐忠 (藤原北家)ですね	Editional	
テイラー	テイラー鈴木ですね	Editional	
鈴木	テイラー鈴木ですね	Editional	
日本	テイラー鈴木ですね	Editional	
ハワイ	テイラー鈴木ですね	Editional	
モデル	テイラー鈴木ですね	Editional	
数学	佐藤健一 (和算研究家)ですね	Editional	
和算	佐藤健一 (和算研究家)ですね	Editional	
佐藤	佐藤健一 (和算研究家)ですね	Editional	
健一	佐藤健一 (和算研究家)ですね	Editional	
日本	佐藤健一 (和算研究家)ですね	Editional	
湾	向氏宜湾殿内ですね	Editional	
琉球	向氏宜湾殿内ですね	Editional	
王国	向氏宜湾殿内ですね	Editional	
宜野湾	向氏宜湾殿内ですね	Editional	
向	向氏宜湾殿内ですね	Editional	
工学	君島八郎ですね	Editional	
君島	君島八郎ですね	Editional	
大学	君島八郎ですね	Editional	
明治	君島八郎ですね	Editional	
昭和	君島八郎ですね	Editional	
昭和	進藤章ですね	Editional	
月	進藤章ですね	Editional	
美術	進藤章ですね	Editional	
進藤	進藤章ですね	Editional	
小淵沢	進藤章ですね	Editional	
組合	近藤泰助ですね	Editional	
五城目	近藤泰助ですね	Editional	
泰	近藤泰助ですね	Editional	
病院	近藤泰助ですね	Editional	
助	近藤泰助ですね	Editional	
沼	草皆五沼ですね	Editional	
草皆	草皆五沼ですね	Editional	
黛	草皆五沼ですね	Editional	
俳人	草皆五沼ですね	Editional	
医師	草皆五沼ですね	Editional	
日本	斉藤友紀雄ですね	Editional	
理事	斉藤友紀雄ですね	Editional	
臨床	斉藤友紀雄ですね	Editional	
友紀	斉藤友紀雄ですね	Editional	
神学	斉藤友紀雄ですね	Editional	
力	泉谷力治ですね	Editional	
寺子屋	泉谷力治ですね	Editional	
小学校	泉谷力治ですね	Editional	
泉谷	泉谷力治ですね	Editional	
森	泉谷力治ですね	Editional	
尾	尾之上浩司ですね	Editional	
上	尾之上浩司ですね	Editional	
浩司	尾之上浩司ですね	Editional	
ホラー	尾之上浩司ですね	Editional	
ファン	尾之上浩司ですね	Editional	
王	王カンですね	Editional	
カン	王カンですね	Editional	
名前	王カンですね	Editional	
漢字	王カンですね	Editional	
中心	王カンですね	Editional	
彦太郎	渡辺彦太郎ですね	Editional	
新田	渡辺彦太郎ですね	Editional	
渡辺	渡辺彦太郎ですね	Editional	
月	渡辺彦太郎ですね	Editional	
私財	渡辺彦太郎ですね	Editional	
七海	七海薫子ですね	Editional	
薫子	七海薫子ですね	Editional	
谷口	七海薫子ですね	Editional	
薫	七海薫子ですね	Editional	
大阪	七海薫子ですね	Editional	
古宮	古宮 (播磨町)ですね	Editional	
播磨	古宮 (播磨町)ですね	Editional	
加古	古宮 (播磨町)ですね	Editional	
大字	古宮 (播磨町)ですね	Editional	
播磨灘	古宮 (播磨町)ですね	Editional	
孫右衛門	大石孫右衛門ですね	Editional	
肝煎	大石孫右衛門ですね	Editional	
大石	大石孫右衛門ですね	Editional	
明治	大石孫右衛門ですね	Editional	
私財	大石孫右衛門ですね	Editional	
月	高田純次の年金生活ですね	Editional	
番組	高田純次の年金生活ですね	Editional	
高田	高田純次の年金生活ですね	Editional	
純	高田純次の年金生活ですね	Editional	
年金	高田純次の年金生活ですね	Editional	
大沢	CONFUSION (大沢誉志幸のアルバム)ですね	Editional	
スタジオ	CONFUSION (大沢誉志幸のアルバム)ですね	Editional	
誉志幸	CONFUSION (大沢誉志幸のアルバム)ですね	Editional	
アルバム	CONFUSION (大沢誉志幸のアルバム)ですね	Editional	
月	CONFUSION (大沢誉志幸のアルバム)ですね	Editional	
月	岡田国太郎ですね	Editional	
軍医	岡田国太郎ですね	Editional	
明治	岡田国太郎ですね	Editional	
陸軍	岡田国太郎ですね	Editional	
学校	岡田国太郎ですね	Editional	
月	鈴木椋大ですね	Editional	
リーグ	鈴木椋大ですね	Editional	
サッカー	鈴木椋大ですね	Editional	
名古屋	鈴木椋大ですね	Editional	
鈴木	鈴木椋大ですね	Editional	
若松	若松宣子ですね	Editional	
宣子	若松宣子ですね	Editional	
中央大学	若松宣子ですね	Editional	
白百合女子大学	若松宣子ですね	Editional	
わか	若松宣子ですね	Editional	
オト	ポール・オトレですね	Editional	
レ	ポール・オトレですね	Editional	
世界	ポール・オトレですね	Editional	
国際	ポール・オトレですね	Editional	
書誌	ポール・オトレですね	Editional	
粟田	庄原市立粟田小学校ですね	Editional	
小学校	庄原市立粟田小学校ですね	Editional	
庄原	庄原市立粟田小学校ですね	Editional	
東城	庄原市立粟田小学校ですね	Editional	
慰霊	庄原市立粟田小学校ですね	Editional	
平山	平山諦ですね	Editional	
諦	平山諦ですね	Editional	
月	平山諦ですね	Editional	
和算	平山諦ですね	Editional	
東北	平山諦ですね	Editional	
店長	はなぢ店長じゃ、だめですか?ですね	Editional	
文庫	はなぢ店長じゃ、だめですか?ですね	Editional	
作品	はなぢ店長じゃ、だめですか?ですね	Editional	
ぢ	はなぢ店長じゃ、だめですか?ですね	Editional	
はな	はなぢ店長じゃ、だめですか?ですね	Editional	
川平	川平謙慈ですね	Editional	
謙	川平謙慈ですね	Editional	
日本	川平謙慈ですね	Editional	
アメリカ合衆国	川平謙慈ですね	Editional	
アナウンサー	川平謙慈ですね	Editional	
井上	井上佐由紀ですね	Editional	
佐	井上佐由紀ですね	Editional	
由紀	井上佐由紀ですね	Editional	
いのうえ	井上佐由紀ですね	Editional	
福岡	井上佐由紀ですね	Editional	
蓮井	蓮井幹生ですね	Editional	
幹生	蓮井幹生ですね	Editional	
東京	蓮井幹生ですね	Editional	
出身	蓮井幹生ですね	Editional	
写真	蓮井幹生ですね	Editional	
教授	村田全ですね	Editional	
村田	村田全ですね	Editional	
月	村田全ですね	Editional	
数学	村田全ですね	Editional	
立教大学	村田全ですね	Editional	
諸井	諸井三郎の楽曲一覧ですね	Editional	
三郎	諸井三郎の楽曲一覧ですね	Editional	
楽曲	諸井三郎の楽曲一覧ですね	Editional	
作品	諸井三郎の楽曲一覧ですね	Editional	
リスト	諸井三郎の楽曲一覧ですね	Editional	
慈雲	慈雲院ですね	Editional	
日本	下平和夫ですね	Editional	
下平	下平和夫ですね	Editional	
和夫	下平和夫ですね	Editional	
月	下平和夫ですね	Editional	
大学	下平和夫ですね	Editional	
コントラバス	森武大和ですね	Editional	
大学	森武大和ですね	Editional	
奏者	森武大和ですね	Editional	
東京	森武大和ですね	Editional	
藝	森武大和ですね	Editional	
エリック	ロス・フォン・エリックですね	Editional	
月	ロス・フォン・エリックですね	Editional	
ノア	ロス・フォン・エリックですね	Editional	
マーシャル	ロス・フォン・エリックですね	Editional	
フォン	ロス・フォン・エリックですね	Editional	
エリック	マーシャル・フォン・エリックですね	Editional	
フォン	マーシャル・フォン・エリックですね	Editional	
月	マーシャル・フォン・エリックですね	Editional	
ノア	マーシャル・フォン・エリックですね	Editional	
ロス	マーシャル・フォン・エリックですね	Editional	
映画	大石郁雄ですね	Editional	
大石	大石郁雄ですね	Editional	
線画	大石郁雄ですね	Editional	
鷺巣	大石郁雄ですね	Editional	
日本	大石郁雄ですね	Editional	
アリス	♪の国のアリスですね	Editional	
国	♪の国のアリスですね	Editional	
楽曲	♪の国のアリスですね	Editional	
おん	♪の国のアリスですね	Editional	
竹	♪の国のアリスですね	Editional	
原子力	田中俊一 (物理学者)ですね	Editional	
月	田中俊一 (物理学者)ですね	Editional	
日本	田中俊一 (物理学者)ですね	Editional	
委員	田中俊一 (物理学者)ですね	Editional	
研究所	田中俊一 (物理学者)ですね	Editional	
劇場	中塚皓平ですね	Editional	
ホール	中塚皓平ですね	Editional	
銀座	中塚皓平ですね	Editional	
博品館	中塚皓平ですね	Editional	
銀河	中塚皓平ですね	Editional	
プロジェクト	稲垣立男ですね	Editional	
稲垣	稲垣立男ですね	Editional	
立男	稲垣立男ですね	Editional	
地域	稲垣立男ですね	Editional	
日本	稲垣立男ですね	Editional	
小寺	小寺利光ですね	Editional	
利光	小寺利光ですね	Editional	
グループ	小寺利光ですね	Editional	
こ	小寺利光ですね	Editional	
ら	小寺利光ですね	Editional	
教授	大矢真一ですね	Editional	
大矢	大矢真一ですね	Editional	
真一	大矢真一ですね	Editional	
日本	大矢真一ですね	Editional	
数学	大矢真一ですね	Editional	
貫之	伝行成筆貫之集切ですね	Editional	
本	伝行成筆貫之集切ですね	Editional	
伝	伝行成筆貫之集切ですね	Editional	
系統	伝行成筆貫之集切ですね	Editional	
詞書	伝行成筆貫之集切ですね	Editional	
いじめ	掛川市立西中学校ですね	Editional	
西中	掛川市立西中学校ですね	Editional	
学校	掛川市立西中学校ですね	Editional	
掛川	掛川市立西中学校ですね	Editional	
市立	掛川市立西中学校ですね	Editional	
夏	夏の約束 (堀江由衣の曲)ですね	Editional	
シングル	夏の約束 (堀江由衣の曲)ですね	Editional	
堀江	夏の約束 (堀江由衣の曲)ですね	Editional	
由衣	夏の約束 (堀江由衣の曲)ですね	Editional	
表題	夏の約束 (堀江由衣の曲)ですね	Editional	
久遠	久遠馨ですね	Editional	
馨	久遠馨ですね	Editional	
けい	久遠馨ですね	Editional	
日本	久遠馨ですね	Editional	
小説	久遠馨ですね	Editional	
月	ポール・ウィリアムズ (音楽評論家)ですね	Editional	
ディック	ポール・ウィリアムズ (音楽評論家)ですね	Editional	
ポール	ポール・ウィリアムズ (音楽評論家)ですね	Editional	
ウィリアムズ	ポール・ウィリアムズ (音楽評論家)ですね	Editional	
フォーク	ポール・ウィリアムズ (音楽評論家)ですね	Editional	
藤原	藤原有実ですね	Editional	
参議	藤原有実ですね	Editional	
左	藤原有実ですね	Editional	
近衛	藤原有実ですね	Editional	
公卿	藤原有実ですね	Editional	
日本	江口美喜男ですね	Editional	
江口	江口美喜男ですね	Editional	
美喜男	江口美喜男ですね	Editional	
脚本	江口美喜男ですね	Editional	
映画	江口美喜男ですね	Editional	
藤原	藤原諸数ですね	Editional	
嘉	藤原諸数ですね	Editional	
祥	藤原諸数ですね	Editional	
諸数	藤原諸数ですね	Editional	
呂	藤原諸数ですね	Editional	
天皇	清原貞雄ですね	Editional	
大学	清原貞雄ですね	Editional	
神道	清原貞雄ですね	Editional	
機関	清原貞雄ですね	Editional	
清原	清原貞雄ですね	Editional	
鉄道	黒河内四郎ですね	Editional	
土木	黒河内四郎ですね	Editional	
昭和	黒河内四郎ですね	Editional	
東京	黒河内四郎ですね	Editional	
学会	黒河内四郎ですね	Editional	
蒲田	蒲田氏ですね	Editional	
江戸	蒲田氏ですね	Editional	
陸奥	蒲田氏ですね	Editional	
石川	蒲田氏ですね	Editional	
足利	蒲田氏ですね	Editional	
日本	小川隆 (SF)ですね	Editional	
アメリカ	小川隆 (SF)ですね	Editional	
小川	小川隆 (SF)ですね	Editional	
隆	小川隆 (SF)ですね	Editional	
会員	小川隆 (SF)ですね	Editional	
パリ	クロード・ペローですね	Editional	
クロード	クロード・ペローですね	Editional	
ペロー	クロード・ペローですね	Editional	
フランス	クロード・ペローですね	Editional	
月	クロード・ペローですね	Editional	
岩崎	岩崎良美 SINGLESコンプリートですね	Editional	
良美	岩崎良美 SINGLESコンプリートですね	Editional	
いわさき	岩崎良美 SINGLESコンプリートですね	Editional	
よしみ	岩崎良美 SINGLESコンプリートですね	Editional	
ベスト	岩崎良美 SINGLESコンプリートですね	Editional	
教授	岡田芳朗ですね	Editional	
月	岡田芳朗ですね	Editional	
暦	岡田芳朗ですね	Editional	
岡田	岡田芳朗ですね	Editional	
芳朗	岡田芳朗ですね	Editional	
藤原	藤原忠成ですね	Editional	
忠	藤原忠成ですね	Editional	
民	藤原忠成ですね	Editional	
大輔	藤原忠成ですね	Editional	
成	藤原忠成ですね	Editional	
セット	チャールズ・サマセット (初代ウスター伯)ですね	Editional	
チャールズ	チャールズ・サマセット (初代ウスター伯)ですね	Editional	
伯	チャールズ・サマセット (初代ウスター伯)ですね	Editional	
公	チャールズ・サマセット (初代ウスター伯)ですね	Editional	
子	チャールズ・サマセット (初代ウスター伯)ですね	Editional	
凛	凛!ですね	Editional	
弓道	凛!ですね	Editional	
花	凛!ですね	Editional	
単行本	凛!ですね	Editional	
部員	凛!ですね	Editional	
魚類	サミュエル・ガーマンですね	Editional	
両棲類	サミュエル・ガーマンですね	Editional	
大学	サミュエル・ガーマンですね	Editional	
月	サミュエル・ガーマンですね	Editional	
ペンシルベニア	サミュエル・ガーマンですね	Editional	
昭和	大内政之介ですね	Editional	
日本	大内政之介ですね	Editional	
新聞	大内政之介ですね	Editional	
新報	大内政之介ですね	Editional	
大内	大内政之介ですね	Editional	
民俗	政岡伸洋ですね	Editional	
日本	政岡伸洋ですね	Editional	
月	政岡伸洋ですね	Editional	
委員	政岡伸洋ですね	Editional	
佛	政岡伸洋ですね	Editional	
昭和	石井雙石ですね	Editional	
印	石井雙石ですね	Editional	
明治	石井雙石ですね	Editional	
石井	石井雙石ですね	Editional	
四天木	石井雙石ですね	Editional	
伯	エドワード・シーモア (初代ハートフォード伯)ですね	Editional	
公	エドワード・シーモア (初代ハートフォード伯)ですね	Editional	
エドワード	エドワード・シーモア (初代ハートフォード伯)ですね	Editional	
ハート	エドワード・シーモア (初代ハートフォード伯)ですね	Editional	
フォード	エドワード・シーモア (初代ハートフォード伯)ですね	Editional	
巻	斉藤巻石ですね	Editional	
斉藤	斉藤巻石ですね	Editional	
庵	斉藤巻石ですね	Editional	
網元	斉藤巻石ですね	Editional	
大洋	斉藤巻石ですね	Editional	
彩	彩也ですね	Editional	
漫画	彩也ですね	Editional	
さい	彩也ですね	Editional	
月	彩也ですね	Editional	
日本	彩也ですね	Editional	
シングル	佐々木功 シングルコレクションですね	Editional	
佐々木	佐々木功 シングルコレクションですね	Editional	
功	佐々木功 シングルコレクションですね	Editional	
コレクション	佐々木功 シングルコレクションですね	Editional	
ささき	佐々木功 シングルコレクションですね	Editional	
峰岸	峰岸裕和ですね	Editional	
裕和	峰岸裕和ですね	Editional	
アニメーション	峰岸裕和ですね	Editional	
岡本	峰岸裕和ですね	Editional	
みね	峰岸裕和ですね	Editional	
延之	王延之ですね	Editional	
将軍	王延之ですね	Editional	
尚書	王延之ですね	Editional	
王	王延之ですね	Editional	
宋	王延之ですね	Editional	
トルコ	松谷浩尚ですね	Editional	
松谷	松谷浩尚ですね	Editional	
浩	松谷浩尚ですね	Editional	
外務省	松谷浩尚ですね	Editional	
まつ	松谷浩尚ですね	Editional	
作品	渋谷牧人ですね	Editional	
チェロ	渋谷牧人ですね	Editional	
渋谷	渋谷牧人ですね	Editional	
牧人	渋谷牧人ですね	Editional	
チェリスト	渋谷牧人ですね	Editional	
小椋	小椋ケンイチですね	Editional	
ケン	小椋ケンイチですね	Editional	
イチ	小椋ケンイチですね	Editional	
番組	小椋ケンイチですね	Editional	
学校	小椋ケンイチですね	Editional	
金	金日成軍事総合大学ですね	Editional	
日成	金日成軍事総合大学ですね	Editional	
大学	金日成軍事総合大学ですね	Editional	
月	金日成軍事総合大学ですね	Editional	
軍事	金日成軍事総合大学ですね	Editional	
大沢	Frenzy (大沢誉志幸のアルバム)ですね	Editional	
誉志幸	Frenzy (大沢誉志幸のアルバム)ですね	Editional	
アルバム	Frenzy (大沢誉志幸のアルバム)ですね	Editional	
ソニー	Frenzy (大沢誉志幸のアルバム)ですね	Editional	
日本	Frenzy (大沢誉志幸のアルバム)ですね	Editional	
大沢	THE LEGEND (大沢誉志幸のアルバム)ですね	Editional	
誉志幸	THE LEGEND (大沢誉志幸のアルバム)ですね	Editional	
アルバム	THE LEGEND (大沢誉志幸のアルバム)ですね	Editional	
日本	THE LEGEND (大沢誉志幸のアルバム)ですね	Editional	
ミュージシャン	THE LEGEND (大沢誉志幸のアルバム)ですね	Editional	
スキー	龍平リゾートですね	Editional	
平	龍平リゾートですね	Editional	
昌	龍平リゾートですね	Editional	
龍平	龍平リゾートですね	Editional	
リゾート	龍平リゾートですね	Editional	
日本	岡和田晃ですね	Editional	
文学	岡和田晃ですね	Editional	
北海道	岡和田晃ですね	Editional	
共	岡和田晃ですね	Editional	
候補	岡和田晃ですね	Editional	
中国	宮下匠規ですね	Editional	
テレビ	宮下匠規ですね	Editional	
番組	宮下匠規ですね	Editional	
宮下	宮下匠規ですね	Editional	
匠	宮下匠規ですね	Editional	
歯科	岡田満ですね	Editional	
岡田	岡田満ですね	Editional	
昭和	岡田満ですね	Editional	
月	岡田満ですね	Editional	
大正	岡田満ですね	Editional	
音楽	チャン・ピルスンですね	Editional	
韓国	チャン・ピルスンですね	Editional	
月	チャン・ピルスンですね	Editional	
歌手	チャン・ピルスンですね	Editional	
大学	チャン・ピルスンですね	Editional	
頼朝	祐範ですね	Editional	
範	祐範ですね	Editional	
祐	祐範ですね	Editional	
子	祐範ですね	Editional	
任	祐範ですね	Editional	
会長	稲葉清右衛門ですね	Editional	
ファナック	稲葉清右衛門ですね	Editional	
日本	稲葉清右衛門ですね	Editional	
富士通	稲葉清右衛門ですね	Editional	
数値	稲葉清右衛門ですね	Editional	
シーズン	シャークス (ラグビー)ですね	Editional	
ラグビー	シャークス (ラグビー)ですね	Editional	
スーパー	シャークス (ラグビー)ですね	Editional	
チーム	シャークス (ラグビー)ですね	Editional	
成績	シャークス (ラグビー)ですね	Editional	
外野	ドン・ブッサンですね	Editional	
高橋	ドン・ブッサンですね	Editional	
打率	ドン・ブッサンですね	Editional	
トンネル	ドン・ブッサンですね	Editional	
塀	ドン・ブッサンですね	Editional	
大沢	LIFE (大沢誉志幸のアルバム)ですね	Editional	
誉志幸	LIFE (大沢誉志幸のアルバム)ですね	Editional	
アルバム	LIFE (大沢誉志幸のアルバム)ですね	Editional	
ライフ	LIFE (大沢誉志幸のアルバム)ですね	Editional	
スタジオ	LIFE (大沢誉志幸のアルバム)ですね	Editional	
大沢	SCRAP STORIES (大沢誉志幸のアルバム)ですね	Editional	
誉志幸	SCRAP STORIES (大沢誉志幸のアルバム)ですね	Editional	
アルバム	SCRAP STORIES (大沢誉志幸のアルバム)ですね	Editional	
スタジオ	SCRAP STORIES (大沢誉志幸のアルバム)ですね	Editional	
昭和	SCRAP STORIES (大沢誉志幸のアルバム)ですね	Editional	
鉱床	佐々木昭ですね	Editional	
地質	佐々木昭ですね	Editional	
日本	佐々木昭ですね	Editional	
地球	佐々木昭ですね	Editional	
同位	佐々木昭ですね	Editional	
小川	小川町立益南中学校ですね	Editional	
町立	小川町立益南中学校ですね	Editional	
学校	小川町立益南中学校ですね	Editional	
熊本	小川町立益南中学校ですね	Editional	
ちょう	小川町立益南中学校ですね	Editional	
肥田	肥田琢司ですね	Editional	
昭和	肥田琢司ですね	Editional	
広島	肥田琢司ですね	Editional	
衆議院	肥田琢司ですね	Editional	
議員	肥田琢司ですね	Editional	
劇団	津田喬ですね	Editional	
津田	津田喬ですね	Editional	
喬	津田喬ですね	Editional	
俳優	津田喬ですね	Editional	
京都	津田喬ですね	Editional	
小路	小路龍流ですね	Editional	
龍	小路龍流ですね	Editional	
漫画	小路龍流ですね	Editional	
つる	小路龍流ですね	Editional	
月	小路龍流ですね	Editional	
咲	咲山類ですね	Editional	
山	咲山類ですね	Editional	
月	咲山類ですね	Editional	
ボーカリスト	咲山類ですね	Editional	
グループ	咲山類ですね	Editional	
月	遊☆戯☆王デュエルモンスターズ エキスパート2006ですね	Editional	
デッキ	遊☆戯☆王デュエルモンスターズ エキスパート2006ですね	Editional	
カード	遊☆戯☆王デュエルモンスターズ エキスパート2006ですね	Editional	
王	遊☆戯☆王デュエルモンスターズ エキスパート2006ですね	Editional	
ゲーム	遊☆戯☆王デュエルモンスターズ エキスパート2006ですね	Editional	
ロー	ローレン・ベネットですね	Editional	
レン	ローレン・ベネットですね	Editional	
ベネット	ローレン・ベネットですね	Editional	
メンバー	ローレン・ベネットですね	Editional	
月	ローレン・ベネットですね	Editional	
圭	大西圭斎ですね	Editional	
斎	大西圭斎ですね	Editional	
大西	大西圭斎ですね	Editional	
江戸	大西圭斎ですね	Editional	
中津	大西圭斎ですね	Editional	
月	中野弘幸ですね	Editional	
日本	中野弘幸ですね	Editional	
陸上	中野弘幸ですね	Editional	
大会	中野弘幸ですね	Editional	
中野	中野弘幸ですね	Editional	
シリーズ	TOKYOブローカー (楠みちはる・伊藤ゆうの漫画)ですね	Editional	
楠	TOKYOブローカー (楠みちはる・伊藤ゆうの漫画)ですね	Editional	
作品	TOKYOブローカー (楠みちはる・伊藤ゆうの漫画)ですね	Editional	
ブローカー	TOKYOブローカー (楠みちはる・伊藤ゆうの漫画)ですね	Editional	
伊藤	TOKYOブローカー (楠みちはる・伊藤ゆうの漫画)ですね	Editional	
月	池上真之ですね	Editional	
取締役	池上真之ですね	Editional	
金融	池上真之ですね	Editional	
池上	池上真之ですね	Editional	
真之	池上真之ですね	Editional	
カントリー	キティ・ウェルズですね	Editional	
歌手	キティ・ウェルズですね	Editional	
女性	キティ・ウェルズですね	Editional	
キティ	キティ・ウェルズですね	Editional	
ウェルズ	キティ・ウェルズですね	Editional	
鉄拳	樋口義人ですね	Editional	
オブ	樋口義人ですね	Editional	
樋口	樋口義人ですね	Editional	
義人	樋口義人ですね	Editional	
ディレクター	樋口義人ですね	Editional	
七ヶ宿	七ヶ宿町立七ヶ宿中学校ですね	Editional	
中学校	七ヶ宿町立七ヶ宿中学校ですね	Editional	
町立	七ヶ宿町立七ヶ宿中学校ですね	Editional	
生徒	七ヶ宿町立七ヶ宿中学校ですね	Editional	
宮城	七ヶ宿町立七ヶ宿中学校ですね	Editional	
女性	フランシス・グレーソンですね	Editional	
月	フランシス・グレーソンですね	Editional	
大西洋	フランシス・グレーソンですね	Editional	
最初	フランシス・グレーソンですね	Editional	
ニューヨーク	フランシス・グレーソンですね	Editional	
経済	永安幸正ですね	Editional	
教授	永安幸正ですね	Editional	
永	永安幸正ですね	Editional	
安幸	永安幸正ですね	Editional	
永安	永安幸正ですね	Editional	
ブル	ブルガス国際空港ですね	Editional	
ガス	ブルガス国際空港ですね	Editional	
空港	ブルガス国際空港ですね	Editional	
国際	ブルガス国際空港ですね	Editional	
フランス	ブルガス国際空港ですね	Editional	
中学校	盈進中学校ですね	Editional	
盈	盈進中学校ですね	Editional	
えい	盈進中学校ですね	Editional	
しん	盈進中学校ですね	Editional	
日本	盈進中学校ですね	Editional	
美容	渡辺サブロオですね	Editional	
渡辺	渡辺サブロオですね	Editional	
シバ	渡辺サブロオですね	Editional	
ヤマ	渡辺サブロオですね	Editional	
サチコ	渡辺サブロオですね	Editional	
戸田	戸田氏秀ですね	Editional	
秀	戸田氏秀ですね	Editional	
月	戸田氏秀ですね	Editional	
輝	戸田氏秀ですね	Editional	
東宮	戸田氏秀ですね	Editional	
日本	松永尚三ですね	Editional	
クラブ	松永尚三ですね	Editional	
松永	松永尚三ですね	Editional	
尚三	松永尚三ですね	Editional	
舞踊	松永尚三ですね	Editional	
選手	野見山俊一ですね	Editional	
野見山	野見山俊一ですね	Editional	
陸上	野見山俊一ですね	Editional	
駅伝	野見山俊一ですね	Editional	
俊一	野見山俊一ですね	Editional	
月	三条公俊ですね	Editional	
三条	三条公俊ですね	Editional	
建	三条公俊ですね	Editional	
左	三条公俊ですね	Editional	
公俊	三条公俊ですね	Editional	
北川	北川恭子ですね	Editional	
恭子	北川恭子ですね	Editional	
日本	北川恭子ですね	Editional	
女優	北川恭子ですね	Editional	
やすこ	北川恭子ですね	Editional	
リー	リーガル・エンターテインメント・グループですね	Editional	
ガル	リーガル・エンターテインメント・グループですね	Editional	
エンターテインメント	リーガル・エンターテインメント・グループですね	Editional	
グループ	リーガル・エンターテインメント・グループですね	Editional	
映画	リーガル・エンターテインメント・グループですね	Editional	
弓道	石岡久夫ですね	Editional	
國學院大學	石岡久夫ですね	Editional	
石岡	石岡久夫ですね	Editional	
久夫	石岡久夫ですね	Editional	
月	石岡久夫ですね	Editional	
騎士	アレクシア女史、欧羅巴で騎士団と遭うですね	Editional	
女史	アレクシア女史、欧羅巴で騎士団と遭うですね	Editional	
欧	アレクシア女史、欧羅巴で騎士団と遭うですね	Editional	
羅	アレクシア女史、欧羅巴で騎士団と遭うですね	Editional	
巴	アレクシア女史、欧羅巴で騎士団と遭うですね	Editional	
イラストレーター	上田信 (イラストレーター)ですね	Editional	
上田	上田信 (イラストレーター)ですね	Editional	
信	上田信 (イラストレーター)ですね	Editional	
日本	上田信 (イラストレーター)ですね	Editional	
青森	上田信 (イラストレーター)ですね	Editional	
白雪姫	スノーホワイト/白雪姫ですね	Editional	
月	スノーホワイト/白雪姫ですね	Editional	
映画	スノーホワイト/白雪姫ですね	Editional	
しら	スノーホワイト/白雪姫ですね	Editional	
ゆき	スノーホワイト/白雪姫ですね	Editional	
月	中野善次郎ですね	Editional	
明治	中野善次郎ですね	Editional	
滋賀	中野善次郎ですね	Editional	
銀行	中野善次郎ですね	Editional	
善次郎	中野善次郎ですね	Editional	
関白	二条師忠ですね	Editional	
文	二条師忠ですね	Editional	
月	二条師忠ですね	Editional	
忠	二条師忠ですね	Editional	
二条	二条師忠ですね	Editional	
白雪姫	白雪姫の伝説ですね	Editional	
月	白雪姫の伝説ですね	Editional	
レディ	白雪姫の伝説ですね	Editional	
クリスタル	白雪姫の伝説ですね	Editional	
伝説	白雪姫の伝説ですね	Editional	
二条	二条道良ですね	Editional	
寛	二条道良ですね	Editional	
月	二条道良ですね	Editional	
道良	二条道良ですね	Editional	
公卿	二条道良ですね	Editional	
大柴	大柴タクマですね	Editional	
タクマ	大柴タクマですね	Editional	
ダンサー	大柴タクマですね	Editional	
月	大柴タクマですね	Editional	
アーティスト	大柴タクマですね	Editional	
ロバート	ロバート・クインですね	Editional	
クイン	ロバート・クインですね	Editional	
董	董明徳ですね	Editional	
月	董明徳ですね	Editional	
空軍	董明徳ですね	Editional	
大隊	董明徳ですね	Editional	
日本	董明徳ですね	Editional	
民	梁華盛ですね	Editional	
梁	梁華盛ですね	Editional	
華	梁華盛ですね	Editional	
盛	梁華盛ですね	Editional	
月	梁華盛ですね	Editional	
典侍	中山績子ですね	Editional	
中山	中山績子ですね	Editional	
月	中山績子ですね	Editional	
明治	中山績子ですね	Editional	
名	中山績子ですね	Editional	
林	林優枝ですね	Editional	
優	林優枝ですね	Editional	
枝	林優枝ですね	Editional	
映画	林優枝ですね	Editional	
テレビ	林優枝ですね	Editional	
尹	尹英烈ですね	Editional	
英	尹英烈ですね	Editional	
烈	尹英烈ですね	Editional	
月	尹英烈ですね	Editional	
朝鮮	尹英烈ですね	Editional	
薩摩	牧志朝忠ですね	Editional	
牧志	牧志朝忠ですね	Editional	
月	牧志朝忠ですね	Editional	
琉球	牧志朝忠ですね	Editional	
斉彬	牧志朝忠ですね	Editional	
浅利	浅利進吾ですね	Editional	
進	浅利進吾ですね	Editional	
吾	浅利進吾ですね	Editional	
あさり	浅利進吾ですね	Editional	
しん	浅利進吾ですね	Editional	
サック	ロバート・クイン (アメリカンフットボール)ですね	Editional	
月	ロバート・クイン (アメリカンフットボール)ですね	Editional	
選手	ロバート・クイン (アメリカンフットボール)ですね	Editional	
チーム	ロバート・クイン (アメリカンフットボール)ですね	Editional	
ロス	ロバート・クイン (アメリカンフットボール)ですね	Editional	
月	細田雄一ですね	Editional	
トライアスロン	細田雄一ですね	Editional	
大会	細田雄一ですね	Editional	
選手権	細田雄一ですね	Editional	
アジア	細田雄一ですね	Editional	
西野	西野映一ですね	Editional	
漫画	西野映一ですね	Editional	
日本	西野映一ですね	Editional	
魔	西野映一ですね	Editional	
名義	西野映一ですね	Editional	
小林	小林美樹ですね	Editional	
美樹	小林美樹ですね	Editional	
こ	小林美樹ですね	Editional	
みき	小林美樹ですね	Editional	
横浜	夢想駿其足球會ですね	Editional	
香港	夢想駿其足球會ですね	Editional	
駿	夢想駿其足球會ですね	Editional	
クラブ	夢想駿其足球會ですね	Editional	
四海	夢想駿其足球會ですね	Editional	
ラッセル	ウィリアム・ラッセル (1639-1683)ですね	Editional	
チャールズ	ウィリアム・ラッセル (1639-1683)ですね	Editional	
公	ウィリアム・ラッセル (1639-1683)ですね	Editional	
ベッド	ウィリアム・ラッセル (1639-1683)ですね	Editional	
フォード	ウィリアム・ラッセル (1639-1683)ですね	Editional	
福留	福留真紀ですね	Editional	
真紀	福留真紀ですね	Editional	
日本	福留真紀ですね	Editional	
長崎大学	福留真紀ですね	Editional	
准	福留真紀ですね	Editional	
梅	菅井梅関ですね	Editional	
画	菅井梅関ですね	Editional	
東	菅井梅関ですね	Editional	
長崎	菅井梅関ですね	Editional	
仙台	菅井梅関ですね	Editional	
映画	ジョン・ピーターズ (映画プロデューサー)ですね	Editional	
プロデューサー	ジョン・ピーターズ (映画プロデューサー)ですね	Editional	
ジョン	ジョン・ピーターズ (映画プロデューサー)ですね	Editional	
月	ジョン・ピーターズ (映画プロデューサー)ですね	Editional	
アメリカ合衆国	ジョン・ピーターズ (映画プロデューサー)ですね	Editional	
対馬	対馬市立久田小学校ですね	Editional	
久田	対馬市立久田小学校ですね	Editional	
小学校	対馬市立久田小学校ですね	Editional	
市立	対馬市立久田小学校ですね	Editional	
りつ	対馬市立久田小学校ですね	Editional	
石和	石和八幡神社ですね	Editional	
甲斐	石和八幡神社ですね	Editional	
神社	石和八幡神社ですね	Editional	
八幡宮	石和八幡神社ですね	Editional	
武田	石和八幡神社ですね	Editional	
映画	岸井ゆきのですね	Editional	
岸井	岸井ゆきのですね	Editional	
ゆきの	岸井ゆきのですね	Editional	
ドラマ	岸井ゆきのですね	Editional	
声	岸井ゆきのですね	Editional	
駒村	駒村圭吾ですね	Editional	
圭吾	駒村圭吾ですね	Editional	
教授	駒村圭吾ですね	Editional	
大学院	駒村圭吾ですね	Editional	
こま	駒村圭吾ですね	Editional	
仏教	谷口富士夫ですね	Editional	
名古屋	谷口富士夫ですね	Editional	
谷口	谷口富士夫ですね	Editional	
文学部	谷口富士夫ですね	Editional	
日本	谷口富士夫ですね	Editional	
山手	石川優菜ですね	Editional	
東京	石川優菜ですね	Editional	
月	石川優菜ですね	Editional	
歌手	石川優菜ですね	Editional	
ライブ	石川優菜ですね	Editional	
羅漢	蒲生羅漢ですね	Editional	
白河	蒲生羅漢ですね	Editional	
蒲生	蒲生羅漢ですね	Editional	
谷	蒲生羅漢ですね	Editional	
文	蒲生羅漢ですね	Editional	
作品	金沢伸明ですね	Editional	
金沢	金沢伸明ですね	Editional	
伸明	金沢伸明ですね	Editional	
小説	金沢伸明ですね	Editional	
双葉社	金沢伸明ですね	Editional	
高川	高川晶ですね	Editional	
学園	高川晶ですね	Editional	
医学部	高川晶ですね	Editional	
晶	高川晶ですね	Editional	
学校	高川晶ですね	Editional	
月	クリス・ワイドマンですね	Editional	
ミドル	クリス・ワイドマンですね	Editional	
ランキング	クリス・ワイドマンですね	Editional	
世界	クリス・ワイドマンですね	Editional	
タイトルマッチ	クリス・ワイドマンですね	Editional	
モトクロス	増田耕二ですね	Editional	
増田	増田耕二ですね	Editional	
耕	増田耕二ですね	Editional	
ライダー	増田耕二ですね	Editional	
ます	増田耕二ですね	Editional	
奥村	奥村晃作ですね	Editional	
コスモス	奥村晃作ですね	Editional	
晃	奥村晃作ですね	Editional	
短歌	奥村晃作ですね	Editional	
長野	奥村晃作ですね	Editional	
ロベルト	ロベルト・ヘルナンデスですね	Editional	
直次郎	片岡直次郎ですね	Editional	
侍	片岡直次郎ですね	Editional	
片岡	片岡直次郎ですね	Editional	
東京	片岡直次郎ですね	Editional	
歌舞伎	片岡直次郎ですね	Editional	
玉名	玉名納涼花火大会ですね	Editional	
花火	玉名納涼花火大会ですね	Editional	
大会	玉名納涼花火大会ですね	Editional	
会場	玉名納涼花火大会ですね	Editional	
川	玉名納涼花火大会ですね	Editional	
須賀	須賀田礒太郎の楽曲一覧ですね	Editional	
田	須賀田礒太郎の楽曲一覧ですね	Editional	
礒	須賀田礒太郎の楽曲一覧ですね	Editional	
太郎	須賀田礒太郎の楽曲一覧ですね	Editional	
楽曲	須賀田礒太郎の楽曲一覧ですね	Editional	
若松	若松均ですね	Editional	
均	若松均ですね	Editional	
わか	若松均ですね	Editional	
まつ	若松均ですね	Editional	
昭和	若松均ですね	Editional	
向	向氏嘉味田殿内ですね	Editional	
喜屋武	向氏嘉味田殿内ですね	Editional	
地頭	向氏嘉味田殿内ですね	Editional	
嘉	向氏嘉味田殿内ですね	Editional	
越来	向氏嘉味田殿内ですね	Editional	
毛	毛桂榮ですね	Editional	
桂	毛桂榮ですね	Editional	
榮	毛桂榮ですね	Editional	
日本	毛桂榮ですね	Editional	
政治	毛桂榮ですね	Editional	
藩	藩祖ですね	Editional	
祖	藩祖ですね	Editional	
開祖	藩祖ですね	Editional	
初代	藩祖ですね	Editional	
藩主	藩祖ですね	Editional	
広瀬	広瀬城 (飛騨国)ですね	Editional	
城	広瀬城 (飛騨国)ですね	Editional	
岐阜	広瀬城 (飛騨国)ですね	Editional	
畝	広瀬城 (飛騨国)ですね	Editional	
空堀	広瀬城 (飛騨国)ですね	Editional	
月	トム・シュターケですね	Editional	
バイエルン	トム・シュターケですね	Editional	
シーズン	トム・シュターケですね	Editional	
現役	トム・シュターケですね	Editional	
トム	トム・シュターケですね	Editional	
鉱床	梶原良道ですね	Editional	
地質	梶原良道ですね	Editional	
学会	梶原良道ですね	Editional	
日本	梶原良道ですね	Editional	
地球	梶原良道ですね	Editional	
日本	細窪孝ですね	Editional	
窪	細窪孝ですね	Editional	
孝	細窪孝ですね	Editional	
文学	細窪孝ですね	Editional	
東京	細窪孝ですね	Editional	
教授	田口正治 (思想史家)ですね	Editional	
田口	田口正治 (思想史家)ですね	Editional	
正治	田口正治 (思想史家)ですね	Editional	
思想	田口正治 (思想史家)ですね	Editional	
大分	田口正治 (思想史家)ですね	Editional	
黒田	黒田真梨ですね	Editional	
真梨	黒田真梨ですね	Editional	
まり	黒田真梨ですね	Editional	
月	黒田真梨ですね	Editional	
日本	黒田真梨ですね	Editional	
年	ジョー・ドゥラムリアですね	Editional	
ヤード	ジョー・ドゥラムリアですね	Editional	
シンプソン	ジョー・ドゥラムリアですね	Editional	
シーズン	ジョー・ドゥラムリアですね	Editional	
選手	ジョー・ドゥラムリアですね	Editional	
郡	ラサール郡 (ルイジアナ州)ですね	Editional	
人口	ラサール郡 (ルイジアナ州)ですね	Editional	
ルイジアナ	ラサール郡 (ルイジアナ州)ですね	Editional	
国勢調査	ラサール郡 (ルイジアナ州)ですね	Editional	
マイル	ラサール郡 (ルイジアナ州)ですね	Editional	
シーズン	井手勇次ですね	Editional	
バスケットボール	井手勇次ですね	Editional	
大会	井手勇次ですね	Editional	
井手	井手勇次ですね	Editional	
勇次	井手勇次ですね	Editional	
かすみ	お嬢さん (三島由紀夫の小説)ですね	Editional	
お嬢さん	お嬢さん (三島由紀夫の小説)ですね	Editional	
浅子	お嬢さん (三島由紀夫の小説)ですね	Editional	
沢井	お嬢さん (三島由紀夫の小説)ですね	Editional	
三島	お嬢さん (三島由紀夫の小説)ですね	Editional	
映画	丘の一本松ですね	Editional	
丘	丘の一本松ですね	Editional	
一本松	丘の一本松ですね	Editional	
劇映画	丘の一本松ですね	Editional	
テクニカラー	丘の一本松ですね	Editional	
小学校	多賀一郎ですね	Editional	
多賀	多賀一郎ですね	Editional	
一郎	多賀一郎ですね	Editional	
日本	多賀一郎ですね	Editional	
教諭	多賀一郎ですね	Editional	
大瀧	大瀧啓裕ですね	Editional	
啓裕	大瀧啓裕ですね	Editional	
時代	大瀧啓裕ですね	Editional	
広島	大瀧啓裕ですね	Editional	
本名	大瀧啓裕ですね	Editional	
フランス	吉野建ですね	Editional	
日本	吉野建ですね	Editional	
シェフ	吉野建ですね	Editional	
パリ	吉野建ですね	Editional	
吉野	吉野建ですね	Editional	
時枝	時枝城ですね	Editional	
城	時枝城ですね	Editional	
宇佐	時枝城ですね	Editional	
豊臣	時枝城ですね	Editional	
黒田	時枝城ですね	Editional	
甲斐	甲斐神社ですね	Editional	
神社	甲斐神社ですね	Editional	
かい	甲斐神社ですね	Editional	
じん	甲斐神社ですね	Editional	
時枝	時枝鎮継ですね	Editional	
黒田	時枝鎮継ですね	Editional	
戦い	時枝鎮継ですね	Editional	
時代	時枝鎮継ですね	Editional	
武将	時枝鎮継ですね	Editional	
かしわ	大塚本町駅ですね	Editional	
台	大塚本町駅ですね	Editional	
大塚	大塚本町駅ですね	Editional	
本町	大塚本町駅ですね	Editional	
駅	大塚本町駅ですね	Editional	
テレビ長崎	中村愛 (テレビ長崎)ですね	Editional	
中村	中村愛 (テレビ長崎)ですね	Editional	
愛	中村愛 (テレビ長崎)ですね	Editional	
ディレクター	中村愛 (テレビ長崎)ですね	Editional	
アナウンサー	中村愛 (テレビ長崎)ですね	Editional	
月	日置益ですね	Editional	
大正	日置益ですね	Editional	
日置	日置益ですね	Editional	
大学	日置益ですね	Editional	
華	日置益ですね	Editional	
自転車	森昭雄 (自転車選手)ですね	Editional	
選手	森昭雄 (自転車選手)ですね	Editional	
大会	森昭雄 (自転車選手)ですね	Editional	
森	森昭雄 (自転車選手)ですね	Editional	
昭雄	森昭雄 (自転車選手)ですね	Editional	
江津	江津高等学校ですね	Editional	
学校	江津高等学校ですね	Editional	
うつ	江津高等学校ですね	Editional	
精神	徳田良仁ですね	Editional	
病院	徳田良仁ですね	Editional	
日本	徳田良仁ですね	Editional	
徳田	徳田良仁ですね	Editional	
良仁	徳田良仁ですね	Editional	
鉱床	佐藤壮郎ですね	Editional	
地質	佐藤壮郎ですね	Editional	
佐藤	佐藤壮郎ですね	Editional	
郎	佐藤壮郎ですね	Editional	
東京大学	佐藤壮郎ですね	Editional	
バレーボール	黒葛原淳一ですね	Editional	
日本	黒葛原淳一ですね	Editional	
黒	黒葛原淳一ですね	Editional	
葛原	黒葛原淳一ですね	Editional	
月	黒葛原淳一ですね	Editional	
藤原	藤原邦昌ですね	Editional	
邦	藤原邦昌ですね	Editional	
昌	藤原邦昌ですね	Editional	
ふじ	藤原邦昌ですね	Editional	
わら	藤原邦昌ですね	Editional	
谷崎	稲沢秀夫ですね	Editional	
英文	稲沢秀夫ですね	Editional	
教授	稲沢秀夫ですね	Editional	
潤一郎	稲沢秀夫ですね	Editional	
稲	稲沢秀夫ですね	Editional	
安部	安部幸明の楽曲一覧ですね	Editional	
幸明	安部幸明の楽曲一覧ですね	Editional	
楽曲	安部幸明の楽曲一覧ですね	Editional	
作品	安部幸明の楽曲一覧ですね	Editional	
リスト	安部幸明の楽曲一覧ですね	Editional	
サイ	ビリー・レイ・サイラスですね	Editional	
ラス	ビリー・レイ・サイラスですね	Editional	
ビリー	ビリー・レイ・サイラスですね	Editional	
レイ	ビリー・レイ・サイラスですね	Editional	
ウィリアム	ビリー・レイ・サイラスですね	Editional	
大久保	大久保正ですね	Editional	
正	大久保正ですね	Editional	
教授	大久保正ですね	Editional	
月	大久保正ですね	Editional	
日本	大久保正ですね	Editional	
北京	育新駅 (北京市)ですね	Editional	
育	育新駅 (北京市)ですね	Editional	
新駅	育新駅 (北京市)ですね	Editional	
しん	育新駅 (北京市)ですね	Editional	
中華人民共和国	育新駅 (北京市)ですね	Editional	
関口	関口氏暁ですね	Editional	
暁	関口氏暁ですね	Editional	
月	関口氏暁ですね	Editional	
心	関口氏暁ですね	Editional	
映画	関口氏暁ですね	Editional	
月	ジャン・マリー・ドンゴウですね	Editional	
バルセロナ	ジャン・マリー・ドンゴウですね	Editional	
ジャン	ジャン・マリー・ドンゴウですね	Editional	
カメルーン	ジャン・マリー・ドンゴウですね	Editional	
出身	ジャン・マリー・ドンゴウですね	Editional	
広瀬	広瀬城ですね	Editional	
城	広瀬城ですね	Editional	
廣瀬	広瀬城ですね	Editional	
日本	広瀬城ですね	Editional	
桜	置賜さくら回廊ですね	Editional	
さくら	置賜さくら回廊ですね	Editional	
置賜	置賜さくら回廊ですね	Editional	
回廊	置賜さくら回廊ですね	Editional	
山形	置賜さくら回廊ですね	Editional	
八幡宮	守山八幡宮ですね	Editional	
守山	守山八幡宮ですね	Editional	
鉄	守山八幡宮ですね	Editional	
眼	守山八幡宮ですね	Editional	
神社	守山八幡宮ですね	Editional	
グラム	グラム行列ですね	Editional	
成分	グラム行列ですね	Editional	
内積	グラム行列ですね	Editional	
形代	グラム行列ですね	Editional	
数学	グラム行列ですね	Editional	
小川	小川阿蘇神社ですね	Editional	
阿蘇	小川阿蘇神社ですね	Editional	
神社	小川阿蘇神社ですね	Editional	
下益城	小川阿蘇神社ですね	Editional	
田地	小川阿蘇神社ですね	Editional	
穴	ウィリアム・ボーモントですね	Editional	
胃	ウィリアム・ボーモントですね	Editional	
月	ウィリアム・ボーモントですね	Editional	
食物	ウィリアム・ボーモントですね	Editional	
胃液	ウィリアム・ボーモントですね	Editional	
囲碁	林裕ですね	Editional	
林	林裕ですね	Editional	
裕	林裕ですね	Editional	
日本	林裕ですね	Editional	
日本棋院	林裕ですね	Editional	
フィギュア	カミラ・ヤシェムですね	Editional	
スケート	カミラ・ヤシェムですね	Editional	
ノルウェー	カミラ・ヤシェムですね	Editional	
選手	カミラ・ヤシェムですね	Editional	
カミラ	カミラ・ヤシェムですね	Editional	
月	フランツ・ブライトハウプトですね	Editional	
親衛隊	フランツ・ブライトハウプトですね	Editional	
本部	フランツ・ブライトハウプトですね	Editional	
連隊	フランツ・ブライトハウプトですね	Editional	
章	フランツ・ブライトハウプトですね	Editional	
プロレス	斎藤文彦ですね	Editional	
月	斎藤文彦ですね	Editional	
斎藤	斎藤文彦ですね	Editional	
スポーツ	斎藤文彦ですね	Editional	
科学	斎藤文彦ですね	Editional	
日本	牧眞司ですね	Editional	
ファン	牧眞司ですね	Editional	
牧	牧眞司ですね	Editional	
眞	牧眞司ですね	Editional	
司	牧眞司ですね	Editional	
孝	野田親孝ですね	Editional	
参事	野田親孝ですね	Editional	
盛岡	野田親孝ですね	Editional	
野田	野田親孝ですね	Editional	
親	野田親孝ですね	Editional	
倉	市倉宏祐ですね	Editional	
宏	市倉宏祐ですね	Editional	
祐	市倉宏祐ですね	Editional	
哲学	市倉宏祐ですね	Editional	
市	市倉宏祐ですね	Editional	
美術	福士朋子ですね	Editional	
芸術	福士朋子ですね	Editional	
女子美術大学	福士朋子ですね	Editional	
洋画	福士朋子ですね	Editional	
教授	福士朋子ですね	Editional	
矢代	矢代秋雄の楽曲一覧ですね	Editional	
秋雄	矢代秋雄の楽曲一覧ですね	Editional	
楽曲	矢代秋雄の楽曲一覧ですね	Editional	
作品	矢代秋雄の楽曲一覧ですね	Editional	
リスト	矢代秋雄の楽曲一覧ですね	Editional	
月	アーサー・ブリュースター・エモンズ3世ですね	Editional	
領事	アーサー・ブリュースター・エモンズ3世ですね	Editional	
外交	アーサー・ブリュースター・エモンズ3世ですね	Editional	
国務省	アーサー・ブリュースター・エモンズ3世ですね	Editional	
朝鮮	アーサー・ブリュースター・エモンズ3世ですね	Editional	
バスク	ホセ・アントニオ・アギーレですね	Editional	
政府	ホセ・アントニオ・アギーレですね	Editional	
主義	ホセ・アントニオ・アギーレですね	Editional	
スペイン	ホセ・アントニオ・アギーレですね	Editional	
フランコ	ホセ・アントニオ・アギーレですね	Editional	
倉本	倉本初夫ですね	Editional	
初夫	倉本初夫ですね	Editional	
月	倉本初夫ですね	Editional	
商業	倉本初夫ですね	Editional	
長治	倉本初夫ですね	Editional	
藤原	藤原諸葛ですね	Editional	
貞	藤原諸葛ですね	Editional	
天皇	藤原諸葛ですね	Editional	
葛	藤原諸葛ですね	Editional	
公卿	藤原諸葛ですね	Editional	
愚	根本愚洲ですね	Editional	
洲	根本愚洲ですね	Editional	
文	根本愚洲ですね	Editional	
二本松	根本愚洲ですね	Editional	
晁	根本愚洲ですね	Editional	
フラメンコ	石塚隆充ですね	Editional	
スペイン	石塚隆充ですね	Editional	
月	石塚隆充ですね	Editional	
石塚	石塚隆充ですね	Editional	
現地	石塚隆充ですね	Editional	
ジョンソン	エセックス・ジョンソンですね	Editional	
シーズン	エセックス・ジョンソンですね	Editional	
ドラフト	エセックス・ジョンソンですね	Editional	
チーム	エセックス・ジョンソンですね	Editional	
月	エセックス・ジョンソンですね	Editional	
堤	堤玲子ですね	Editional	
玲子	堤玲子ですね	Editional	
詩人	堤玲子ですね	Editional	
のち	堤玲子ですね	Editional	
芸術	堤玲子ですね	Editional	
小島	小島岩ですね	Editional	
岩	小島岩ですね	Editional	
月	小島岩ですね	Editional	
日本	小島岩ですね	Editional	
俳優	小島岩ですね	Editional	
サッカー	三木健 (サッカー選手)ですね	Editional	
三木	三木健 (サッカー選手)ですね	Editional	
健	三木健 (サッカー選手)ですね	Editional	
選手	三木健 (サッカー選手)ですね	Editional	
月	三木健 (サッカー選手)ですね	Editional	
永	永泰荘駅ですね	Editional	
泰	永泰荘駅ですね	Editional	
荘	永泰荘駅ですね	Editional	
北京	永泰荘駅ですね	Editional	
えい	永泰荘駅ですね	Editional	
林	林萃橋駅ですね	Editional	
北京	林萃橋駅ですね	Editional	
駅	林萃橋駅ですね	Editional	
中華人民共和国	林萃橋駅ですね	Editional	
朝陽	林萃橋駅ですね	Editional	
講談	田辺一邑ですね	Editional	
浜松	田辺一邑ですね	Editional	
静岡	田辺一邑ですね	Editional	
田辺	田辺一邑ですね	Editional	
文学	田辺一邑ですね	Editional	
鄭	鄭小同ですね	Editional	
同	鄭小同ですね	Editional	
司馬	鄭小同ですね	Editional	
昭	鄭小同ですね	Editional	
祖父	鄭小同ですね	Editional	
立川	立川熊次郎ですね	Editional	
明治	立川熊次郎ですね	Editional	
井上	立川熊次郎ですね	Editional	
月	立川熊次郎ですね	Editional	
文明	立川熊次郎ですね	Editional	
内科	豊島治ですね	Editional	
病院	豊島治ですね	Editional	
外科	豊島治ですね	Editional	
内	豊島治ですね	Editional	
大腸	豊島治ですね	Editional	
門馬	門馬直美ですね	Editional	
教授	門馬直美ですね	Editional	
直美	門馬直美ですね	Editional	
月	門馬直美ですね	Editional	
音楽	門馬直美ですね	Editional	
宮崎	宮崎県道373号山崎芳士線ですね	Editional	
山崎	宮崎県道373号山崎芳士線ですね	Editional	
芳士	宮崎県道373号山崎芳士線ですね	Editional	
みや	宮崎県道373号山崎芳士線ですね	Editional	
まさき	宮崎県道373号山崎芳士線ですね	Editional	
バラ	ローズ・ドールですね	Editional	
ローズ	ローズ・ドールですね	Editional	
ドール	ローズ・ドールですね	Editional	
金	ローズ・ドールですね	Editional	
部門	ローズ・ドールですね	Editional	
小林	小林桂子 (女優)ですね	Editional	
桂子	小林桂子 (女優)ですね	Editional	
女優	小林桂子 (女優)ですね	Editional	
日本	小林桂子 (女優)ですね	Editional	
映画	小林桂子 (女優)ですね	Editional	
チーム	フォスター・アンド・パートナーズですね	Editional	
ノーマン	フォスター・アンド・パートナーズですね	Editional	
フォスター	フォスター・アンド・パートナーズですね	Editional	
事務所	フォスター・アンド・パートナーズですね	Editional	
内藤	内藤とうがらしですね	Editional	
江戸	内藤とうがらしですね	Editional	
新宿	内藤とうがらしですね	Editional	
唐辛子	内藤とうがらしですね	Editional	
東京	内藤とうがらしですね	Editional	
門馬	門馬直衛ですね	Editional	
音楽	門馬直衛ですね	Editional	
直衛	門馬直衛ですね	Editional	
月	門馬直衛ですね	Editional	
教授	門馬直衛ですね	Editional	
小倉	小倉駅前郵便局ですね	Editional	
郵便	小倉駅前郵便局ですね	Editional	
北九州	小倉駅前郵便局ですね	Editional	
小倉北	小倉駅前郵便局ですね	Editional	
駅前	小倉駅前郵便局ですね	Editional	
北野	北野町立千歳中学校ですね	Editional	
中学校	北野町立千歳中学校ですね	Editional	
町立	北野町立千歳中学校ですね	Editional	
きた	北野町立千歳中学校ですね	Editional	
ちょう	北野町立千歳中学校ですね	Editional	
エスペラント	大島義夫ですね	Editional	
日本	大島義夫ですね	Editional	
言語	大島義夫ですね	Editional	
学会	大島義夫ですね	Editional	
大島	大島義夫ですね	Editional	
小沢	小沢直平ですね	Editional	
東京	小沢直平ですね	Editional	
直	小沢直平ですね	Editional	
平	小沢直平ですね	Editional	
月	小沢直平ですね	Editional	
平内	久米平内ですね	Editional	
月	久米平内ですね	Editional	
雲	久米平内ですね	Editional	
剣術	久米平内ですね	Editional	
宗	久米平内ですね	Editional	
郵便	折尾丸尾町郵便局ですね	Editional	
折尾	折尾丸尾町郵便局ですね	Editional	
八幡西	折尾丸尾町郵便局ですね	Editional	
丸尾	折尾丸尾町郵便局ですね	Editional	
月	折尾丸尾町郵便局ですね	Editional	
堀内	堀内静子ですね	Editional	
静子	堀内静子ですね	Editional	
ほり	堀内静子ですね	Editional	
しずこ	堀内静子ですね	Editional	
日本	堀内静子ですね	Editional	
綿貫	綿貫瞬ですね	Editional	
瞬	綿貫瞬ですね	Editional	
神奈川	綿貫瞬ですね	Editional	
大阪	綿貫瞬ですね	Editional	
京都	綿貫瞬ですね	Editional	
静岡	静岡市立中島小学校ですね	Editional	
中島	静岡市立中島小学校ですね	Editional	
小学校	静岡市立中島小学校ですね	Editional	
自分	静岡市立中島小学校ですね	Editional	
人	静岡市立中島小学校ですね	Editional	
音楽	岡崎光治ですね	Editional	
日本	岡崎光治ですね	Editional	
協会	岡崎光治ですね	Editional	
岡崎	岡崎光治ですね	Editional	
光治	岡崎光治ですね	Editional	
郡	リンカーン郡 (ルイジアナ州)ですね	Editional	
ルイジアナ	リンカーン郡 (ルイジアナ州)ですね	Editional	
リンカーン	リンカーン郡 (ルイジアナ州)ですね	Editional	
大学	リンカーン郡 (ルイジアナ州)ですね	Editional	
人口	リンカーン郡 (ルイジアナ州)ですね	Editional	
郡	ジャクソン郡 (ルイジアナ州)ですね	Editional	
ジャクソン	ジャクソン郡 (ルイジアナ州)ですね	Editional	
ルイジアナ	ジャクソン郡 (ルイジアナ州)ですね	Editional	
人口	ジャクソン郡 (ルイジアナ州)ですね	Editional	
国勢調査	ジャクソン郡 (ルイジアナ州)ですね	Editional	
台東	吉住弘ですね	Editional	
区長	吉住弘ですね	Editional	
月	吉住弘ですね	Editional	
議員	吉住弘ですね	Editional	
吉住	吉住弘ですね	Editional	
帯	帯淳子ですね	Editional	
淳子	帯淳子ですね	Editional	
月	帯淳子ですね	Editional	
東京	帯淳子ですね	Editional	
小金井	帯淳子ですね	Editional	
憲法	コンラート・ヘッセですね	Editional	
ドイツ	コンラート・ヘッセですね	Editional	
大学	コンラート・ヘッセですね	Editional	
裁判所	コンラート・ヘッセですね	Editional	
学者	コンラート・ヘッセですね	Editional	
玄	藤原玄上ですね	Editional	
藤原	藤原玄上ですね	Editional	
延喜	藤原玄上ですね	Editional	
公卿	藤原玄上ですね	Editional	
参議	藤原玄上ですね	Editional	
教授	吉田仙太郎ですね	Editional	
吉田	吉田仙太郎ですね	Editional	
仙	吉田仙太郎ですね	Editional	
太郎	吉田仙太郎ですね	Editional	
大阪女子大学	吉田仙太郎ですね	Editional	
近衛	藤原清経ですね	Editional	
藤原	藤原清経ですね	Editional	
参議	藤原清経ですね	Editional	
右	藤原清経ですね	Editional	
少将	藤原清経ですね	Editional	
新田	新田宣夫ですね	Editional	
宣夫	新田宣夫ですね	Editional	
藤井	藤井康男ですね	Editional	
会社	藤井康男ですね	Editional	
龍	藤井康男ですね	Editional	
社長	藤井康男ですね	Editional	
隆太	藤井康男ですね	Editional	
守	安倍氏主ですね	Editional	
三河	安倍氏主ですね	Editional	
安倍	安倍氏主ですね	Editional	
官位	安倍氏主ですね	Editional	
仁明天皇	安倍氏主ですね	Editional	
公	フィリップ (ヴァンドーム公)ですね	Editional	
ルイ	フィリップ (ヴァンドーム公)ですね	Editional	
兄	フィリップ (ヴァンドーム公)ですね	Editional	
フランス	フィリップ (ヴァンドーム公)ですね	Editional	
ブルボン	フィリップ (ヴァンドーム公)ですね	Editional	
機関	プロイセン邦有鉄道P8型蒸気機関車ですね	Editional	
鉄道	プロイセン邦有鉄道P8型蒸気機関車ですね	Editional	
ドイツ	プロイセン邦有鉄道P8型蒸気機関車ですね	Editional	
国鉄	プロイセン邦有鉄道P8型蒸気機関車ですね	Editional	
プロイセン	プロイセン邦有鉄道P8型蒸気機関車ですね	Editional	
国民	ジルベール・コラールですね	Editional	
弁護士	ジルベール・コラールですね	Editional	
候補	ジルベール・コラールですね	Editional	
フランス	ジルベール・コラールですね	Editional	
社会党	ジルベール・コラールですね	Editional	
佐々木	佐々木功 デラックスコレクションですね	Editional	
功	佐々木功 デラックスコレクションですね	Editional	
コレクション	佐々木功 デラックスコレクションですね	Editional	
アルバム	佐々木功 デラックスコレクションですね	Editional	
シングル	佐々木功 デラックスコレクションですね	Editional	
西原	西原稔ですね	Editional	
稔	西原稔ですね	Editional	
桐朋学園大学	西原稔ですね	Editional	
教授	西原稔ですね	Editional	
音楽学部	西原稔ですね	Editional	
音楽	中矢一義ですね	Editional	
大学	中矢一義ですね	Editional	
教授	中矢一義ですね	Editional	
中矢	中矢一義ですね	Editional	
一義	中矢一義ですね	Editional	
月	河野昌弘ですね	Editional	
市長	河野昌弘ですね	Editional	
平成	河野昌弘ですね	Editional	
西宮	河野昌弘ですね	Editional	
河野	河野昌弘ですね	Editional	
教授	大崎平八郎ですね	Editional	
大崎	大崎平八郎ですね	Editional	
平八郎	大崎平八郎ですね	Editional	
月	大崎平八郎ですね	Editional	
学者	大崎平八郎ですね	Editional	
忍	吉田庸徳ですね	Editional	
吉田	吉田庸徳ですね	Editional	
庸	吉田庸徳ですね	Editional	
徳	吉田庸徳ですね	Editional	
元年	吉田庸徳ですね	Editional	
音楽	渡辺和彦ですね	Editional	
渡辺	渡辺和彦ですね	Editional	
和彦	渡辺和彦ですね	Editional	
雑誌	渡辺和彦ですね	Editional	
クラシック	渡辺和彦ですね	Editional	
イギリス	クリス・プリーストリーですね	Editional	
小説	クリス・プリーストリーですね	Editional	
イラストレーター	クリス・プリーストリーですね	Editional	
漫画	クリス・プリーストリーですね	Editional	
イングランド	クリス・プリーストリーですね	Editional	
神戸	島京子ですね	Editional	
島	島京子ですね	Editional	
京子	島京子ですね	Editional	
学校	島京子ですね	Editional	
しま	島京子ですね	Editional	
映画	ルパート・サンダースですね	Editional	
ルパート	ルパート・サンダースですね	Editional	
月	ルパート・サンダースですね	Editional	
イギリス	ルパート・サンダースですね	Editional	
セントラル	ルパート・サンダースですね	Editional	
宗	中島宗晧ですね	Editional	
美術	中島宗晧ですね	Editional	
中島	中島宗晧ですね	Editional	
京都	中島宗晧ですね	Editional	
出身	中島宗晧ですね	Editional	
元名	藤原元名ですね	Editional	
天	藤原元名ですね	Editional	
藤原	藤原元名ですね	Editional	
守	藤原元名ですね	Editional	
延喜	藤原元名ですね	Editional	
猿田	猿田悳ですね	Editional	
悳	猿田悳ですね	Editional	
大学	猿田悳ですね	Editional	
助教授	猿田悳ですね	Editional	
とく	猿田悳ですね	Editional	
月	Link (愛美の曲)ですね	Editional	
シングル	Link (愛美の曲)ですね	Editional	
愛美	Link (愛美の曲)ですね	Editional	
前作	Link (愛美の曲)ですね	Editional	
表題	Link (愛美の曲)ですね	Editional	
郡	ボタタウン郡区ですね	Editional	
ヤンゴン	ボタタウン郡区ですね	Editional	
病院	ボタタウン郡区ですね	Editional	
ボタ	ボタタウン郡区ですね	Editional	
タウン	ボタタウン郡区ですね	Editional	
東京	近藤弥生ですね	Editional	
近藤	近藤弥生ですね	Editional	
区長	近藤弥生ですね	Editional	
足立	近藤弥生ですね	Editional	
都議会	近藤弥生ですね	Editional	
月	林容平ですね	Editional	
林	林容平ですね	Editional	
リーグ	林容平ですね	Editional	
大分	林容平ですね	Editional	
チーム	林容平ですね	Editional	
教授	小名木栄三郎ですね	Editional	
小名木	小名木栄三郎ですね	Editional	
栄三郎	小名木栄三郎ですね	Editional	
慶大	小名木栄三郎ですね	Editional	
ドイツ	小名木栄三郎ですね	Editional	
小野	小野浩ですね	Editional	
浩	小野浩ですね	Editional	
おの	小野浩ですね	Editional	
哲学	小野浩 (哲学者)ですね	Editional	
教授	小野浩 (哲学者)ですね	Editional	
小野	小野浩 (哲学者)ですね	Editional	
浩	小野浩 (哲学者)ですね	Editional	
月	小野浩 (哲学者)ですね	Editional	
地区	富田 (四日市市)ですね	Editional	
富田	富田 (四日市市)ですね	Editional	
四日市	富田 (四日市市)ですね	Editional	
三重	富田 (四日市市)ですね	Editional	
地域	富田 (四日市市)ですね	Editional	
将軍	王玄載ですね	Editional	
玄	王玄載ですね	Editional	
刺史	王玄載ですね	Editional	
太守	王玄載ですね	Editional	
北	王玄載ですね	Editional	
臼	臼澤みさきですね	Editional	
澤	臼澤みさきですね	Editional	
みさき	臼澤みさきですね	Editional	
月	臼澤みさきですね	Editional	
日本	臼澤みさきですね	Editional	
天	藤原文範ですね	Editional	
月	藤原文範ですね	Editional	
藤原	藤原文範ですね	Editional	
禄	藤原文範ですね	Editional	
中納言	藤原文範ですね	Editional	
月	橋本拳人ですね	Editional	
リーグ	橋本拳人ですね	Editional	
東京	橋本拳人ですね	Editional	
選手	橋本拳人ですね	Editional	
センター	橋本拳人ですね	Editional	
ひろ子	縣ひろ子ですね	Editional	
がた	縣ひろ子ですね	Editional	
ひろこ	縣ひろ子ですね	Editional	
日本	縣ひろ子ですね	Editional	
演歌	縣ひろ子ですね	Editional	
アナウンサー	下間都代子ですね	Editional	
都代子	下間都代子ですね	Editional	
下	下間都代子ですね	Editional	
つま	下間都代子ですね	Editional	
とよこ	下間都代子ですね	Editional	
鈴木	鈴木勝 (歯学者)ですね	Editional	
歯学	鈴木勝 (歯学者)ですね	Editional	
日本	鈴木勝 (歯学者)ですね	Editional	
大学	鈴木勝 (歯学者)ですね	Editional	
昭和	鈴木勝 (歯学者)ですね	Editional	
ポジション	田端信成ですね	Editional	
田端	田端信成ですね	Editional	
信成	田端信成ですね	Editional	
月	田端信成ですね	Editional	
千葉	田端信成ですね	Editional	
前田	前田昭博ですね	Editional	
昭博	前田昭博ですね	Editional	
あき	前田昭博ですね	Editional	
ひろ	前田昭博ですね	Editional	
昭和	前田昭博ですね	Editional	
鈴木	鈴木勝ですね	Editional	
勝	鈴木勝ですね	Editional	
すずき	鈴木勝ですね	Editional	
まさる	鈴木勝ですね	Editional	
人口	イーストキャロル郡 (ルイジアナ州)ですね	Editional	
郡	イーストキャロル郡 (ルイジアナ州)ですね	Editional	
国勢調査	イーストキャロル郡 (ルイジアナ州)ですね	Editional	
イースト	イーストキャロル郡 (ルイジアナ州)ですね	Editional	
キャロル	イーストキャロル郡 (ルイジアナ州)ですね	Editional	
レイ	加藤レイズナですね	Editional	
ゆとり	加藤レイズナですね	Editional	
加藤	加藤レイズナですね	Editional	
アニメ	加藤レイズナですね	Editional	
動画	加藤レイズナですね	Editional	
番組	吉田照幸ですね	Editional	
テレビ	吉田照幸ですね	Editional	
ドキュメンタリー	吉田照幸ですね	Editional	
平成	吉田照幸ですね	Editional	
サラリーマン	吉田照幸ですね	Editional	
エル	エル・コルテスですね	Editional	
原題	エル・コルテスですね	Editional	
アメリカ合衆国	エル・コルテスですね	Editional	
映画	エル・コルテスですね	Editional	
作品	エル・コルテスですね	Editional	
藤野	藤野邦夫ですね	Editional	
邦夫	藤野邦夫ですね	Editional	
がん	藤野邦夫ですね	Editional	
ふじ	藤野邦夫ですね	Editional	
くに	藤野邦夫ですね	Editional	
藤原	藤原朝隆ですね	Editional	
中納言	藤原朝隆ですね	Editional	
朝	藤原朝隆ですね	Editional	
隆	藤原朝隆ですね	Editional	
公卿	藤原朝隆ですね	Editional	
諸田	諸田和典ですね	Editional	
和典	諸田和典ですね	Editional	
月	諸田和典ですね	Editional	
もろ	諸田和典ですね	Editional	
日本	諸田和典ですね	Editional	
月	ニール・テイラー (サッカー選手)ですね	Editional	
出身	ニール・テイラー (サッカー選手)ですね	Editional	
ウェールズ	ニール・テイラー (サッカー選手)ですね	Editional	
シーズン	ニール・テイラー (サッカー選手)ですね	Editional	
リーグ	ニール・テイラー (サッカー選手)ですね	Editional	
クレイグ	クレイグ・ドーソンですね	Editional	
月	クレイグ・ドーソンですね	Editional	
出身	クレイグ・ドーソンですね	Editional	
サッカー	クレイグ・ドーソンですね	Editional	
選手	クレイグ・ドーソンですね	Editional	
金	李雪主ですね	Editional	
月	李雪主ですね	Editional	
正	李雪主ですね	Editional	
恩	李雪主ですね	Editional	
李	李雪主ですね	Editional	
月	福田勝一ですね	Editional	
警視庁	福田勝一ですね	Editional	
武富士	福田勝一ですね	Editional	
公安	福田勝一ですね	Editional	
朝日新聞	福田勝一ですね	Editional	
名義	村重杏奈ですね	Editional	
チーム	村重杏奈ですね	Editional	
村重	村重杏奈ですね	Editional	
杏奈	村重杏奈ですね	Editional	
アイドル	村重杏奈ですね	Editional	
月	中村瑠衣ですね	Editional	
黒田	中村瑠衣ですね	Editional	
中村	中村瑠衣ですね	Editional	
瑠衣	中村瑠衣ですね	Editional	
なか	中村瑠衣ですね	Editional	
駅	大須口駅ですね	Editional	
大須	大須口駅ですね	Editional	
旅客	大須口駅ですね	Editional	
広島	大須口駅ですね	Editional	
宇品線	大須口駅ですね	Editional	
月	マイケル・ピーター・ジャクソンですね	Editional	
長官	マイケル・ピーター・ジャクソンですね	Editional	
責任	マイケル・ピーター・ジャクソンですね	Editional	
運輸	マイケル・ピーター・ジャクソンですね	Editional	
最高	マイケル・ピーター・ジャクソンですね	Editional	
月	ジョー・アレン (1990年生のサッカー選手)ですね	Editional	
ウェールズ	ジョー・アレン (1990年生のサッカー選手)ですね	Editional	
ジョー	ジョー・アレン (1990年生のサッカー選手)ですね	Editional	
アレン	ジョー・アレン (1990年生のサッカー選手)ですね	Editional	
サッカー	ジョー・アレン (1990年生のサッカー選手)ですね	Editional	
パフォーマンス	ジョン・ライヴスですね	Editional	
ジョン	ジョン・ライヴスですね	Editional	
アメリカ合衆国	ジョン・ライヴスですね	Editional	
テレビ	ジョン・ライヴスですね	Editional	
詩人	ジョン・ライヴスですね	Editional	
住吉	住吉神社 (宇土市)ですね	Editional	
神社	住吉神社 (宇土市)ですね	Editional	
熊本	住吉神社 (宇土市)ですね	Editional	
細川	住吉神社 (宇土市)ですね	Editional	
藩主	住吉神社 (宇土市)ですね	Editional	
原田	原田善友ですね	Editional	
善	原田善友ですね	Editional	
友	原田善友ですね	Editional	
月	原田善友ですね	Editional	
日本	原田善友ですね	Editional	
月	アルベルト・マージですね	Editional	
アルベルト	アルベルト・マージですね	Editional	
マージ	アルベルト・マージですね	Editional	
イタリア	アルベルト・マージですね	Editional	
生まれ	アルベルト・マージですね	Editional	
動物	小原秀雄ですね	Editional	
委員	小原秀雄ですね	Editional	
日本	小原秀雄ですね	Editional	
理事	小原秀雄ですね	Editional	
学会	小原秀雄ですね	Editional	
友	藤川友春ですね	Editional	
春	藤川友春ですね	Editional	
藤川	藤川友春ですね	Editional	
名人	藤川友春ですね	Editional	
浪花節	藤川友春ですね	Editional	
日本	山下一仁ですね	Editional	
農林水産省	山下一仁ですね	Editional	
山下	山下一仁ですね	Editional	
一仁	山下一仁ですね	Editional	
農政	山下一仁ですね	Editional	
リーグ	田中奏一ですね	Editional	
田中	田中奏一ですね	Editional	
東京	田中奏一ですね	Editional	
サッカー	田中奏一ですね	Editional	
ポジション	田中奏一ですね	Editional	
白鳥	白鳥哲也 (アナウンサー)ですね	Editional	
哲也	白鳥哲也 (アナウンサー)ですね	Editional	
アナウンサー	白鳥哲也 (アナウンサー)ですね	Editional	
しら	白鳥哲也 (アナウンサー)ですね	Editional	
てつ	白鳥哲也 (アナウンサー)ですね	Editional	
教授	小出義夫ですね	Editional	
大学	小出義夫ですね	Editional	
物理	小出義夫ですね	Editional	
理学	小出義夫ですね	Editional	
静岡県立大学	小出義夫ですね	Editional	
教授	山田侑平ですね	Editional	
山田	山田侑平ですね	Editional	
人間	山田侑平ですね	Editional	
科学	山田侑平ですね	Editional	
大学	山田侑平ですね	Editional	
戸張	戸張東夫ですね	Editional	
東	戸張東夫ですね	Editional	
夫	戸張東夫ですね	Editional	
東京	戸張東夫ですね	Editional	
中国語	戸張東夫ですね	Editional	
蘇	蘇侃ですね	Editional	
侃	蘇侃ですね	Editional	
成	蘇侃ですね	Editional	
将軍	蘇侃ですね	Editional	
宋	蘇侃ですね	Editional	
オーストリア	ヨハン・ヴェンツェル・ヴラティスラフ・フォン・ミトロウィッツですね	Editional	
外交	ヨハン・ヴェンツェル・ヴラティスラフ・フォン・ミトロウィッツですね	Editional	
スペイン	ヨハン・ヴェンツェル・ヴラティスラフ・フォン・ミトロウィッツですね	Editional	
イングランド	ヨハン・ヴェンツェル・ヴラティスラフ・フォン・ミトロウィッツですね	Editional	
フランス	ヨハン・ヴェンツェル・ヴラティスラフ・フォン・ミトロウィッツですね	Editional	
萌	TOKYO「萌」探偵ですね	Editional	
月	TOKYO「萌」探偵ですね	Editional	
とうき	TOKYO「萌」探偵ですね	Editional	
番組	TOKYO「萌」探偵ですね	Editional	
東京	TOKYO「萌」探偵ですね	Editional	
教授	宮下健三ですね	Editional	
宮下	宮下健三ですね	Editional	
健三	宮下健三ですね	Editional	
宇都宮大学	宮下健三ですね	Editional	
助教授	宮下健三ですね	Editional	
月	ダニエル・ポーリーですね	Editional	
ダニエル	ダニエル・ポーリーですね	Editional	
ポー	ダニエル・ポーリーですね	Editional	
リー	ダニエル・ポーリーですね	Editional	
フランス	ダニエル・ポーリーですね	Editional	
東北大学	上月正博ですね	Editional	
リハビリテーション	上月正博ですね	Editional	
医学	上月正博ですね	Editional	
障害	上月正博ですね	Editional	
理事	上月正博ですね	Editional	
木村	木村健作ですね	Editional	
健作	木村健作ですね	Editional	
テレビ東京	木村健作ですね	Editional	
むら	木村健作ですね	Editional	
東京	木村健作ですね	Editional	
森	森深紅ですね	Editional	
深紅	森深紅ですね	Editional	
作家	森深紅ですね	Editional	
日本	森深紅ですね	Editional	
小説	森深紅ですね	Editional	
スティーヴン	スティーヴン・グリーンリーフですね	Editional	
グリーン	スティーヴン・グリーンリーフですね	Editional	
リーフ	スティーヴン・グリーンリーフですね	Editional	
作家	スティーヴン・グリーンリーフですね	Editional	
アメリカ合衆国	スティーヴン・グリーンリーフですね	Editional	
酸	酸棗仁湯ですね	Editional	
棗	酸棗仁湯ですね	Editional	
仁	酸棗仁湯ですね	Editional	
湯	酸棗仁湯ですね	Editional	
次	酸棗仁湯ですね	Editional	
教授	鈴木勝 (観光学者)ですね	Editional	
大学	鈴木勝 (観光学者)ですね	Editional	
鈴木	鈴木勝 (観光学者)ですね	Editional	
勝	鈴木勝 (観光学者)ですね	Editional	
学者	鈴木勝 (観光学者)ですね	Editional	
坂	菅沼権之助ですね	Editional	
助	菅沼権之助ですね	Editional	
年貢	菅沼権之助ですね	Editional	
菅沼	菅沼権之助ですね	Editional	
権	菅沼権之助ですね	Editional	
権八	平井権八ですね	Editional	
月	平井権八ですね	Editional	
白井	平井権八ですね	Editional	
長兵衛	平井権八ですね	Editional	
平井	平井権八ですね	Editional	
スペイン	ルイス・フェルナンド・デ・オルレアンスですね	Editional	
ルイス	ルイス・フェルナンド・デ・オルレアンスですね	Editional	
月	ルイス・フェルナンド・デ・オルレアンスですね	Editional	
フランス	ルイス・フェルナンド・デ・オルレアンスですね	Editional	
マリー	ルイス・フェルナンド・デ・オルレアンスですね	Editional	
教授	横山昭男ですね	Editional	
横山	横山昭男ですね	Editional	
昭男	横山昭男ですね	Editional	
日本	横山昭男ですね	Editional	
歴史	横山昭男ですね	Editional	
ねぶた	鹿内一生ですね	Editional	
馬	鹿内一生ですね	Editional	
鹿内	鹿内一生ですね	Editional	
一生	鹿内一生ですね	Editional	
弟子	鹿内一生ですね	Editional	
鈴村	鈴村進ですね	Editional	
進	鈴村進ですね	Editional	
すず	鈴村進ですね	Editional	
むら	鈴村進ですね	Editional	
日本	鈴村進ですね	Editional	
白石	白石氏ですね	Editional	
宗	白石氏ですね	Editional	
伊達	白石氏ですね	Editional	
政	白石氏ですね	Editional	
刈田	白石氏ですね	Editional	
ウルトラマン	三田美枝子ですね	Editional	
レオ	三田美枝子ですね	Editional	
三田	三田美枝子ですね	Editional	
美枝子	三田美枝子ですね	Editional	
隊員	三田美枝子ですね	Editional	
五十公野	五十公野清一ですね	Editional	
清一	五十公野清一ですね	Editional	
月	五十公野清一ですね	Editional	
作家	五十公野清一ですね	Editional	
小説	五十公野清一ですね	Editional	
日本	川上正也ですね	Editional	
川上	川上正也ですね	Editional	
学会	川上正也ですね	Editional	
教授	川上正也ですね	Editional	
分子生物学	川上正也ですね	Editional	
郡	クレイボーン郡 (ルイジアナ州)ですね	Editional	
ルイジアナ	クレイボーン郡 (ルイジアナ州)ですね	Editional	
人口	クレイボーン郡 (ルイジアナ州)ですね	Editional	
ホーマー	クレイボーン郡 (ルイジアナ州)ですね	Editional	
庁舎	クレイボーン郡 (ルイジアナ州)ですね	Editional	
網走	篠原商店ですね	Editional	
道東	篠原商店ですね	Editional	
月	篠原商店ですね	Editional	
篠原	篠原商店ですね	Editional	
商店	篠原商店ですね	Editional	
談	桂文字助 (4代目)ですね	Editional	
相撲	桂文字助 (4代目)ですね	Editional	
立川	桂文字助 (4代目)ですね	Editional	
志	桂文字助 (4代目)ですね	Editional	
文字	桂文字助 (4代目)ですね	Editional	
立沢	立沢克美ですね	Editional	
克美	立沢克美ですね	Editional	
かつみ	立沢克美ですね	Editional	
日本	立沢克美ですね	Editional	
漫画	立沢克美ですね	Editional	
空港	あおい有紀ですね	Editional	
日本	あおい有紀ですね	Editional	
アナウンサー	あおい有紀ですね	Editional	
株式会社	あおい有紀ですね	Editional	
フード	あおい有紀ですね	Editional	
郡山	原正夫ですね	Editional	
月	原正夫ですね	Editional	
福島	原正夫ですね	Editional	
原	原正夫ですね	Editional	
市長	原正夫ですね	Editional	
隆	高久隆古ですね	Editional	
古	高久隆古ですね	Editional	
高久	高久隆古ですね	Editional	
天保	高久隆古ですね	Editional	
江戸	高久隆古ですね	Editional	
月	明楽茂正ですね	Editional	
明	明楽茂正ですね	Editional	
嘉	明楽茂正ですね	Editional	
永	明楽茂正ですね	Editional	
庭	明楽茂正ですね	Editional	
月	TOKYO GIRL (川畑要の曲)ですね	Editional	
川畑	TOKYO GIRL (川畑要の曲)ですね	Editional	
要	TOKYO GIRL (川畑要の曲)ですね	Editional	
候補	TOKYO GIRL (川畑要の曲)ですね	Editional	
初回	TOKYO GIRL (川畑要の曲)ですね	Editional	
丸	濱江丸ですね	Editional	
江	濱江丸ですね	Editional	
濱	濱江丸ですね	Editional	
日本	濱江丸ですね	Editional	
海軍	濱江丸ですね	Editional	
月	パブロ・セサール・カノですね	Editional	
王座	パブロ・セサール・カノですね	Editional	
カノ	パブロ・セサール・カノですね	Editional	
スーパー	パブロ・セサール・カノですね	Editional	
ライト	パブロ・セサール・カノですね	Editional	
月	アンドリュー・ニコルソンですね	Editional	
マジック	アンドリュー・ニコルソンですね	Editional	
プレーヤー	アンドリュー・ニコルソンですね	Editional	
リバウンド	アンドリュー・ニコルソンですね	Editional	
ダブル	アンドリュー・ニコルソンですね	Editional	
王座	ディエゴ・ガブリエル・チャベスですね	Editional	
月	ディエゴ・ガブリエル・チャベスですね	Editional	
チャベス	ディエゴ・ガブリエル・チャベスですね	Editional	
世界	ディエゴ・ガブリエル・チャベスですね	Editional	
王者	ディエゴ・ガブリエル・チャベスですね	Editional	
小学校	厳原町立浅藻小学校ですね	Editional	
浅藻	厳原町立浅藻小学校ですね	Editional	
厳原	厳原町立浅藻小学校ですね	Editional	
対馬	厳原町立浅藻小学校ですね	Editional	
明治	厳原町立浅藻小学校ですね	Editional	
月	ファン・カルロス・サンチェス・ジュニアですね	Editional	
スーパー	ファン・カルロス・サンチェス・ジュニアですね	Editional	
王座	ファン・カルロス・サンチェス・ジュニアですね	Editional	
フライ	ファン・カルロス・サンチェス・ジュニアですね	Editional	
サンチェス	ファン・カルロス・サンチェス・ジュニアですね	Editional	
副島	副島種典ですね	Editional	
経済	副島種典ですね	Editional	
教授	副島種典ですね	Editional	
種	副島種典ですね	Editional	
典	副島種典ですね	Editional	
バタフライ	柴田隆一ですね	Editional	
日本	柴田隆一ですね	Editional	
月	柴田隆一ですね	Editional	
選手権	柴田隆一ですね	Editional	
柴田	柴田隆一ですね	Editional	
宇高	宇高基輔ですね	Editional	
基	宇高基輔ですね	Editional	
経済	宇高基輔ですね	Editional	
日本	宇高基輔ですね	Editional	
学者	宇高基輔ですね	Editional	
木村	木村庄之助 (初代)ですね	Editional	
庄	木村庄之助 (初代)ですね	Editional	
初代	木村庄之助 (初代)ですね	Editional	
助	木村庄之助 (初代)ですね	Editional	
人物	木村庄之助 (初代)ですね	Editional	
木村	木村庄之助 (2代)ですね	Editional	
庄	木村庄之助 (2代)ですね	Editional	
助	木村庄之助 (2代)ですね	Editional	
行司	木村庄之助 (2代)ですね	Editional	
喜	木村庄之助 (2代)ですね	Editional	
ビリー	ラヴ・ソングス (ビリー・ジョエルのアルバム)ですね	Editional	
ジョエル	ラヴ・ソングス (ビリー・ジョエルのアルバム)ですね	Editional	
アルバム	ラヴ・ソングス (ビリー・ジョエルのアルバム)ですね	Editional	
ベスト	ラヴ・ソングス (ビリー・ジョエルのアルバム)ですね	Editional	
バラード	ラヴ・ソングス (ビリー・ジョエルのアルバム)ですね	Editional	
月	曽根田郁夫ですね	Editional	
参議院	曽根田郁夫ですね	Editional	
議員	曽根田郁夫ですね	Editional	
曽根田	曽根田郁夫ですね	Editional	
郁夫	曽根田郁夫ですね	Editional	
譜代	安祥譜代ですね	Editional	
岡崎	安祥譜代ですね	Editional	
三河	安祥譜代ですね	Editional	
安	安祥譜代ですね	Editional	
祥	安祥譜代ですね	Editional	
佐賀	牛丸義留ですね	Editional	
牛丸	牛丸義留ですね	Editional	
厚生	牛丸義留ですね	Editional	
義	牛丸義留ですね	Editional	
留	牛丸義留ですね	Editional	
月	吉田庄太郎ですね	Editional	
吉田	吉田庄太郎ですね	Editional	
庄太郎	吉田庄太郎ですね	Editional	
技師	吉田庄太郎ですね	Editional	
東京	吉田庄太郎ですね	Editional	
地区	良郷地区ですね	Editional	
良郷	良郷地区ですね	Editional	
北京	良郷地区ですね	Editional	
房	良郷地区ですね	Editional	
山	良郷地区ですね	Editional	
良郷	良郷大学城駅ですね	Editional	
大学	良郷大学城駅ですね	Editional	
城	良郷大学城駅ですね	Editional	
北京	良郷大学城駅ですね	Editional	
りょうき	良郷大学城駅ですね	Editional	
良郷	良郷大学城北駅ですね	Editional	
大学	良郷大学城北駅ですね	Editional	
城北	良郷大学城北駅ですね	Editional	
北京	良郷大学城北駅ですね	Editional	
りょうき	良郷大学城北駅ですね	Editional	
良郷	良郷大学城西駅ですね	Editional	
大学	良郷大学城西駅ですね	Editional	
城西	良郷大学城西駅ですね	Editional	
北京	良郷大学城西駅ですね	Editional	
りょうき	良郷大学城西駅ですね	Editional	
木村	木村庄之助 (3代)ですね	Editional	
庄	木村庄之助 (3代)ですね	Editional	
助	木村庄之助 (3代)ですね	Editional	
人物	木村庄之助 (3代)ですね	Editional	
行司	木村庄之助 (3代)ですね	Editional	
庄	木村庄之助 (4代)ですね	Editional	
助	木村庄之助 (4代)ですね	Editional	
木村	木村庄之助 (4代)ですね	Editional	
人物	木村庄之助 (4代)ですね	Editional	
初代	木村庄之助 (4代)ですね	Editional	
織田	坂井孫八郎ですね	Editional	
坂井	坂井孫八郎ですね	Editional	
孫八	坂井孫八郎ですね	Editional	
郎	坂井孫八郎ですね	Editional	
信光	坂井孫八郎ですね	Editional	
月	絵美里ですね	Editional	
絵美	絵美里ですね	Editional	
里	絵美里ですね	Editional	
ミス・ユニバース	絵美里ですね	Editional	
ジャパン	絵美里ですね	Editional	
素麺	大門素麺ですね	Editional	
大門	大門素麺ですね	Editional	
砺波	大門素麺ですね	Editional	
麺	大門素麺ですね	Editional	
平成	大門素麺ですね	Editional	
竹沢	竹沢哲夫ですね	Editional	
哲夫	竹沢哲夫ですね	Editional	
弁護士	竹沢哲夫ですね	Editional	
事件	竹沢哲夫ですね	Editional	
たけ	竹沢哲夫ですね	Editional	
背泳ぎ	福島滋雄ですね	Editional	
日本	福島滋雄ですね	Editional	
東京	福島滋雄ですね	Editional	
大会	福島滋雄ですね	Editional	
福島	福島滋雄ですね	Editional	
月	伊藤圭祐 (競泳選手)ですね	Editional	
伊藤	伊藤圭祐 (競泳選手)ですね	Editional	
圭	伊藤圭祐 (競泳選手)ですね	Editional	
祐	伊藤圭祐 (競泳選手)ですね	Editional	
選手	伊藤圭祐 (競泳選手)ですね	Editional	
文	許穆ですね	Editional	
礼	許穆ですね	Editional	
南	許穆ですね	Editional	
老人	許穆ですね	Editional	
許	許穆ですね	Editional	
さんま	あしたのナオコちゃんですね	Editional	
ナオコ	あしたのナオコちゃんですね	Editional	
コマ	あしたのナオコちゃんですね	Editional	
漫画	あしたのナオコちゃんですね	Editional	
中西	あしたのナオコちゃんですね	Editional	
梶山	梶山氏ですね	Editional	
幹	梶山氏ですね	Editional	
鹿島	梶山氏ですね	Editional	
家臣	梶山氏ですね	Editional	
平	梶山氏ですね	Editional	
俳優	シャイロ・フェルナンデスですね	Editional	
シャイ	シャイロ・フェルナンデスですね	Editional	
ロ	シャイロ・フェルナンデスですね	Editional	
フェルナンデス	シャイロ・フェルナンデスですね	Editional	
月	シャイロ・フェルナンデスですね	Editional	
背泳ぎ	長谷景治ですね	Editional	
大会	長谷景治ですね	Editional	
月	長谷景治ですね	Editional	
日本	長谷景治ですね	Editional	
長谷	長谷景治ですね	Editional	
尹	尹善道ですね	Editional	
善	尹善道ですね	Editional	
朝鮮	尹善道ですね	Editional	
月	尹善道ですね	Editional	
李	尹善道ですね	Editional	
宋	宋浚吉ですね	Editional	
春	宋浚吉ですね	Editional	
朝鮮	宋浚吉ですね	Editional	
月	宋浚吉ですね	Editional	
礼	宋浚吉ですね	Editional	
パン	渡辺大介ですね	Editional	
クラス	渡辺大介ですね	Editional	
月	渡辺大介ですね	Editional	
渡辺	渡辺大介ですね	Editional	
大介	渡辺大介ですね	Editional	
背泳ぎ	本多忠ですね	Editional	
大会	本多忠ですね	Editional	
日本	本多忠ですね	Editional	
オリンピック	本多忠ですね	Editional	
本多	本多忠ですね	Editional	
石鍋	滑石製石鍋ですね	Editional	
世紀	滑石製石鍋ですね	Editional	
遺跡	滑石製石鍋ですね	Editional	
滑石	滑石製石鍋ですね	Editional	
時代	滑石製石鍋ですね	Editional	
自由形	川西繁子ですね	Editional	
奈良	川西繁子ですね	Editional	
オリンピック	川西繁子ですね	Editional	
川西	川西繁子ですね	Editional	
繁子	川西繁子ですね	Editional	
高岸	高岸未朝ですね	Editional	
たか	高岸未朝ですね	Editional	
日本	高岸未朝ですね	Editional	
女優	高岸未朝ですね	Editional	
東京	高岸未朝ですね	Editional	
会長	堀添茂樹ですね	Editional	
堀	堀添茂樹ですね	Editional	
社長	堀添茂樹ですね	Editional	
大平	堀添茂樹ですね	Editional	
大臣	堀添茂樹ですね	Editional	
バタフライ	浅野典子 (競泳選手)ですね	Editional	
日本	浅野典子 (競泳選手)ですね	Editional	
浅野	浅野典子 (競泳選手)ですね	Editional	
典子	浅野典子 (競泳選手)ですね	Editional	
選手	浅野典子 (競泳選手)ですね	Editional	
マクベス	マクベス (1971年の映画)ですね	Editional	
映画	マクベス (1971年の映画)ですね	Editional	
シェイクスピア	マクベス (1971年の映画)ですね	Editional	
月	マクベス (1971年の映画)ですね	Editional	
原作	マクベス (1971年の映画)ですね	Editional	
昭和	伊谷賢蔵ですね	Editional	
伊谷	伊谷賢蔵ですね	Editional	
月	伊谷賢蔵ですね	Editional	
鳥取	伊谷賢蔵ですね	Editional	
京都	伊谷賢蔵ですね	Editional	
病院	武田病院ですね	Editional	
武田	武田病院ですね	Editional	
京都	武田病院ですね	Editional	
医療	武田病院ですね	Editional	
たけ	武田病院ですね	Editional	
教授	高島善哉ですね	Editional	
一橋大学	高島善哉ですね	Editional	
経済	高島善哉ですね	Editional	
東京	高島善哉ですね	Editional	
大学	高島善哉ですね	Editional	
政府	洪ホウですね	Editional	
洪	洪ホウですね	Editional	
民	洪ホウですね	Editional	
主席	洪ホウですね	Editional	
満州	洪ホウですね	Editional	
プロ	大江香織ですね	Editional	
ゴルフ	大江香織ですね	Editional	
時代	大江香織ですね	Editional	
大江	大江香織ですね	Editional	
香織	大江香織ですね	Editional	
加賀	加賀一郎ですね	Editional	
月	加賀一郎ですね	Editional	
日本	加賀一郎ですね	Editional	
オリンピック	加賀一郎ですね	Editional	
一郎	加賀一郎ですね	Editional	
地球	創世奇譚アエリアルですね	Editional	
未来	創世奇譚アエリアルですね	Editional	
創世	創世奇譚アエリアルですね	Editional	
奇	創世奇譚アエリアルですね	Editional	
譚	創世奇譚アエリアルですね	Editional	
経済	気賀健三ですね	Editional	
教授	気賀健三ですね	Editional	
気賀	気賀健三ですね	Editional	
慶應義塾	気賀健三ですね	Editional	
大学	気賀健三ですね	Editional	
清水	清水幸二ですね	Editional	
幸二	清水幸二ですね	Editional	
しみず	清水幸二ですね	Editional	
月	清水幸二ですね	Editional	
四国	清水幸二ですね	Editional	
キム	キム・ヘジンですね	Editional	
ホルム	ホルムの戦いですね	Editional	
赤軍	ホルムの戦いですね	Editional	
ドイツ	ホルムの戦いですね	Editional	
月	ホルムの戦いですね	Editional	
部隊	ホルムの戦いですね	Editional	
島	島恭彦ですね	Editional	
恭彦	島恭彦ですね	Editional	
月	島恭彦ですね	Editional	
経済	島恭彦ですね	Editional	
しま	島恭彦ですね	Editional	
竹谷	依田竹谷ですね	Editional	
文	依田竹谷ですね	Editional	
晁	依田竹谷ですね	Editional	
庵	依田竹谷ですね	Editional	
鵬斎	依田竹谷ですね	Editional	
写真	西川治 (写真家)ですね	Editional	
西川	西川治 (写真家)ですね	Editional	
治	西川治 (写真家)ですね	Editional	
作品	西川治 (写真家)ですね	Editional	
食	西川治 (写真家)ですね	Editional	
王	王明娟ですね	Editional	
明	王明娟ですね	Editional	
月	王明娟ですね	Editional	
めい	王明娟ですね	Editional	
中国	王明娟ですね	Editional	
好男	好男好女ですね	Editional	
女	好男好女ですね	Editional	
台湾	好男好女ですね	Editional	
現代	好男好女ですね	Editional	
映画	好男好女ですね	Editional	
宮本	宮本杏子ですね	Editional	
杏子	宮本杏子ですね	Editional	
みや	宮本杏子ですね	Editional	
こ	宮本杏子ですね	Editional	
月	宮本杏子ですね	Editional	
ルー	ルースター (アルバム)ですね	Editional	
スター	ルースター (アルバム)ですね	Editional	
アルバム	ルースター (アルバム)ですね	Editional	
オリジナル	ルースター (アルバム)ですね	Editional	
イギリス	エド・シーランですね	Editional	
アルバム	エド・シーランですね	Editional	
イングランド	エド・シーランですね	Editional	
エド	エド・シーランですね	Editional	
家族	エド・シーランですね	Editional	
アンナ	アンナ・エミーリエ・フォン・アンハルト＝ケーテンですね	Editional	
月	アンナ・エミーリエ・フォン・アンハルト＝ケーテンですね	Editional	
ハインリヒ	アンナ・エミーリエ・フォン・アンハルト＝ケーテンですね	Editional	
郊外	アンナ・エミーリエ・フォン・アンハルト＝ケーテンですね	Editional	
伯	アンナ・エミーリエ・フォン・アンハルト＝ケーテンですね	Editional	
前川	阿氏前川殿内ですね	Editional	
守	阿氏前川殿内ですね	Editional	
忠	阿氏前川殿内ですね	Editional	
地頭	阿氏前川殿内ですね	Editional	
氏	阿氏前川殿内ですね	Editional	
教授	江守五夫ですね	Editional	
社会	江守五夫ですね	Editional	
日本	江守五夫ですね	Editional	
法学	江守五夫ですね	Editional	
江守	江守五夫ですね	Editional	
月	コンスタンチン・ウシンスキーですね	Editional	
法則	コンスタンチン・ウシンスキーですね	Editional	
ユリウス	コンスタンチン・ウシンスキーですね	Editional	
ロシア	コンスタンチン・ウシンスキーですね	Editional	
基礎	コンスタンチン・ウシンスキーですね	Editional	
経済	栖原学ですね	Editional	
大学	栖原学ですね	Editional	
経済学部	栖原学ですね	Editional	
講師	栖原学ですね	Editional	
日本	栖原学ですね	Editional	
教授	福岡正夫ですね	Editional	
大学	福岡正夫ですね	Editional	
福岡	福岡正夫ですね	Editional	
正夫	福岡正夫ですね	Editional	
経済	福岡正夫ですね	Editional	
政治	ジェリー・ハフですね	Editional	
学部	ジェリー・ハフですね	Editional	
教授	ジェリー・ハフですね	Editional	
大学	ジェリー・ハフですね	Editional	
ロシア	ジェリー・ハフですね	Editional	
競歩	大利久美ですね	Editional	
陸上	大利久美ですね	Editional	
大会	大利久美ですね	Editional	
女子	大利久美ですね	Editional	
選手権	大利久美ですね	Editional	
郡	ミラー郡 (アーカンソー州)ですね	Editional	
ミラー	ミラー郡 (アーカンソー州)ですね	Editional	
テキサス	ミラー郡 (アーカンソー州)ですね	Editional	
アーカンソー	ミラー郡 (アーカンソー州)ですね	Editional	
州	ミラー郡 (アーカンソー州)ですね	Editional	
カメ	安川雄一郎ですね	Editional	
生物	安川雄一郎ですね	Editional	
外来	安川雄一郎ですね	Editional	
爬虫類	安川雄一郎ですね	Editional	
沖縄	安川雄一郎ですね	Editional	
バレエ	松尾明美ですね	Editional	
松尾	松尾明美ですね	Editional	
東	松尾明美ですね	Editional	
松竹	松尾明美ですね	Editional	
劇	松尾明美ですね	Editional	
郡	アシュリー郡 (アーカンソー州)ですね	Editional	
人口	アシュリー郡 (アーカンソー州)ですね	Editional	
アシュリー	アシュリー郡 (アーカンソー州)ですね	Editional	
アーカンソー	アシュリー郡 (アーカンソー州)ですね	Editional	
アメリカ合衆国	アシュリー郡 (アーカンソー州)ですね	Editional	
月	モハメド・フェッラーですね	Editional	
ノルウェー	モハメド・フェッラーですね	Editional	
出身	モハメド・フェッラーですね	Editional	
デンマーク	モハメド・フェッラーですね	Editional	
ポジション	モハメド・フェッラーですね	Editional	
病院	松下記念病院ですね	Editional	
松下	松下記念病院ですね	Editional	
大阪	松下記念病院ですね	Editional	
医療	松下記念病院ですね	Editional	
保健	松下記念病院ですね	Editional	
レッツ	爆走兄弟レッツ&ゴー!!GIRLですね	Editional	
ゴー	爆走兄弟レッツ&ゴー!!GIRLですね	Editional	
レディース	爆走兄弟レッツ&ゴー!!GIRLですね	Editional	
グランプリ	爆走兄弟レッツ&ゴー!!GIRLですね	Editional	
キャラクター	爆走兄弟レッツ&ゴー!!GIRLですね	Editional	
経済	清水嘉治ですね	Editional	
教授	清水嘉治ですね	Editional	
清水	清水嘉治ですね	Editional	
嘉治	清水嘉治ですね	Editional	
月	清水嘉治ですね	Editional	
ブル	ブルネルですね	Editional	
ネル	ブルネルですね	Editional	
教授	榊原美文ですね	Editional	
榊原	榊原美文ですね	Editional	
美文	榊原美文ですね	Editional	
月	榊原美文ですね	Editional	
日本	榊原美文ですね	Editional	
月	ジョナサン・メンサーですね	Editional	
リーグ	ジョナサン・メンサーですね	Editional	
ジョナサン	ジョナサン・メンサーですね	Editional	
チーム	ジョナサン・メンサーですね	Editional	
メンバー	ジョナサン・メンサーですね	Editional	
月	大前亘ですね	Editional	
俳優	大前亘ですね	Editional	
大前	大前亘ですね	Editional	
亘	大前亘ですね	Editional	
昭和	大前亘ですね	Editional	
月	石山徹郎ですね	Editional	
教授	石山徹郎ですね	Editional	
石山	石山徹郎ですね	Editional	
徹郎	石山徹郎ですね	Editional	
帝国	石山徹郎ですね	Editional	
板屋	板屋リョクですね	Editional	
早稲田大学	板屋リョクですね	Editional	
学科	板屋リョクですね	Editional	
いたや	板屋リョクですね	Editional	
本名	板屋リョクですね	Editional	
教授	平林治徳ですね	Editional	
平林	平林治徳ですね	Editional	
治	平林治徳ですね	Editional	
徳	平林治徳ですね	Editional	
月	平林治徳ですね	Editional	
甲南女子大学	米田明美ですね	Editional	
米田	米田明美ですね	Editional	
明美	米田明美ですね	Editional	
日本	米田明美ですね	Editional	
文学	米田明美ですね	Editional	
三原	三原元一ですね	Editional	
空	三原元一ですね	Editional	
月	三原元一ですね	Editional	
攻	三原元一ですね	Editional	
陸	三原元一ですね	Editional	
塩原	塩原御用邸ですね	Editional	
御用邸	塩原御用邸ですね	Editional	
昭和	塩原御用邸ですね	Editional	
明治	塩原御用邸ですね	Editional	
別荘	塩原御用邸ですね	Editional	
教授	有泉亨ですね	Editional	
大学	有泉亨ですね	Editional	
法学部	有泉亨ですね	Editional	
東京	有泉亨ですね	Editional	
上智大学	有泉亨ですね	Editional	
大学	オスカー・クルマンですね	Editional	
新約	オスカー・クルマンですね	Editional	
聖書	オスカー・クルマンですね	Editional	
学者	オスカー・クルマンですね	Editional	
神学	オスカー・クルマンですね	Editional	
教授	肥前栄一ですね	Editional	
経済	肥前栄一ですね	Editional	
助教授	肥前栄一ですね	Editional	
肥前	肥前栄一ですね	Editional	
栄一	肥前栄一ですね	Editional	
オリンピック	石津優ですね	Editional	
月	石津優ですね	Editional	
広島	石津優ですね	Editional	
アーチェリー	石津優ですね	Editional	
石津	石津優ですね	Editional	
社会	石川実 (社会学者)ですね	Editional	
教授	石川実 (社会学者)ですね	Editional	
石川	石川実 (社会学者)ですね	Editional	
実	石川実 (社会学者)ですね	Editional	
学者	石川実 (社会学者)ですね	Editional	
広島	菊地栄樹ですね	Editional	
府中	菊地栄樹ですね	Editional	
菊地	菊地栄樹ですね	Editional	
栄樹	菊地栄樹ですね	Editional	
アーチェリー	菊地栄樹ですね	Editional	
ライブ	石川竜司ですね	Editional	
石川	石川竜司ですね	Editional	
竜司	石川竜司ですね	Editional	
ギタリスト	石川竜司ですね	Editional	
中心	石川竜司ですね	Editional	
江戸	大西椿年ですね	Editional	
画	大西椿年ですね	Editional	
円山	大西椿年ですね	Editional	
大西	大西椿年ですね	Editional	
椿	大西椿年ですね	Editional	
加藤	加藤貴之ですね	Editional	
貴之	加藤貴之ですね	Editional	
ライブ	加藤貴之ですね	Editional	
弾き語り	加藤貴之ですね	Editional	
ソロ	加藤貴之ですね	Editional	
ハインリヒ	ハンス・ハインリヒ10世・フォン・ホッホベルクですね	Editional	
ハンス	ハンス・ハインリヒ10世・フォン・ホッホベルクですね	Editional	
フォン	ハンス・ハインリヒ10世・フォン・ホッホベルクですね	Editional	
ホッホ	ハンス・ハインリヒ10世・フォン・ホッホベルクですね	Editional	
ベルク	ハンス・ハインリヒ10世・フォン・ホッホベルクですね	Editional	
竹内	竹内平太郎ですね	Editional	
平太郎	竹内平太郎ですね	Editional	
月	竹内平太郎ですね	Editional	
海軍	竹内平太郎ですね	Editional	
ロシア	竹内平太郎ですね	Editional	
ミク	初音ミク 5thバースデー ベスト〜memories〜ですね	Editional	
初音	初音ミク 5thバースデー ベスト〜memories〜ですね	Editional	
ベスト	初音ミク 5thバースデー ベスト〜memories〜ですね	Editional	
バースデー	初音ミク 5thバースデー ベスト〜memories〜ですね	Editional	
アルバム	初音ミク 5thバースデー ベスト〜memories〜ですね	Editional	
月	ジョーダン・ノルベルトですね	Editional	
球団	ジョーダン・ノルベルトですね	Editional	
選手	ジョーダン・ノルベルトですね	Editional	
中日	ジョーダン・ノルベルトですね	Editional	
投手	ジョーダン・ノルベルトですね	Editional	
池上	池上高志ですね	Editional	
高志	池上高志ですね	Editional	
月	池上高志ですね	Editional	
東京大学	池上高志ですね	Editional	
大学院	池上高志ですね	Editional	
王	王ジンですね	Editional	
明	王ジンですね	Editional	
将軍	王ジンですね	Editional	
郎	王ジンですね	Editional	
徐	王ジンですね	Editional	
浦添	向氏奥武殿内ですね	Editional	
奥武	向氏奥武殿内ですね	Editional	
昇	向氏奥武殿内ですね	Editional	
御殿	向氏奥武殿内ですね	Editional	
朝明	向氏奥武殿内ですね	Editional	
脚本	フランシス・ヴェベールですね	Editional	
フランス	フランシス・ヴェベールですね	Editional	
映画	フランシス・ヴェベールですね	Editional	
セーヌ	フランシス・ヴェベールですね	Editional	
作品	フランシス・ヴェベールですね	Editional	
日本	沢村凛ですね	Editional	
広島	沢村凛ですね	Editional	
候補	沢村凛ですね	Editional	
作家	沢村凛ですね	Editional	
沢村	沢村凛ですね	Editional	
上杉	上杉純也ですね	Editional	
女子	上杉純也ですね	Editional	
純	上杉純也ですね	Editional	
フリーライター	上杉純也ですね	Editional	
野球	上杉純也ですね	Editional	
兵衛	夢市郎兵衛ですね	Editional	
市郎	夢市郎兵衛ですね	Editional	
夢	夢市郎兵衛ですね	Editional	
明石	夢市郎兵衛ですね	Editional	
江戸	夢市郎兵衛ですね	Editional	
法政大学	青木宗也ですね	Editional	
法学	青木宗也ですね	Editional	
月	青木宗也ですね	Editional	
教授	青木宗也ですね	Editional	
青木	青木宗也ですね	Editional	
文学	飯田朝子ですね	Editional	
言語	飯田朝子ですね	Editional	
教授	飯田朝子ですね	Editional	
飯田	飯田朝子ですね	Editional	
朝子	飯田朝子ですね	Editional	
アーチェリー	早川漣ですね	Editional	
月	早川漣ですね	Editional	
団体	早川漣ですね	Editional	
オリンピック	早川漣ですね	Editional	
日本	早川漣ですね	Editional	
イナ	イナ＝ヨーコ・トイテンベルクですね	Editional	
ヨーコ	イナ＝ヨーコ・トイテンベルクですね	Editional	
ロードレース	イナ＝ヨーコ・トイテンベルクですね	Editional	
選手	イナ＝ヨーコ・トイテンベルクですね	Editional	
月	イナ＝ヨーコ・トイテンベルクですね	Editional	
兵衛	放駒四郎兵衛ですね	Editional	
郎	放駒四郎兵衛ですね	Editional	
駒	放駒四郎兵衛ですね	Editional	
長兵衛	放駒四郎兵衛ですね	Editional	
市川	放駒四郎兵衛ですね	Editional	
上島	上島ティモシーですね	Editional	
バスケットボール	上島ティモシーですね	Editional	
静岡	上島ティモシーですね	Editional	
奈良	上島ティモシーですね	Editional	
カリフォルニア	上島ティモシーですね	Editional	
長野	峯村光郎ですね	Editional	
教授	峯村光郎ですね	Editional	
峯村	峯村光郎ですね	Editional	
光郎	峯村光郎ですね	Editional	
月	峯村光郎ですね	Editional	
日本	折田正樹ですね	Editional	
国際	折田正樹ですね	Editional	
折田	折田正樹ですね	Editional	
正樹	折田正樹ですね	Editional	
まさき	折田正樹ですね	Editional	
経済	大野英二ですね	Editional	
教授	大野英二ですね	Editional	
京都大	大野英二ですね	Editional	
資本	大野英二ですね	Editional	
大野	大野英二ですね	Editional	
三浦	三浦工務店ですね	Editional	
工務	三浦工務店ですね	Editional	
株式会社	三浦工務店ですね	Editional	
みうら	三浦工務店ですね	Editional	
こう	三浦工務店ですね	Editional	
大学	山口正義 (生理学者)ですね	Editional	
日本	山口正義 (生理学者)ですね	Editional	
薬学	山口正義 (生理学者)ですね	Editional	
細胞	山口正義 (生理学者)ですね	Editional	
教授	山口正義 (生理学者)ですね	Editional	
月	大岩一貴ですね	Editional	
サッカー	大岩一貴ですね	Editional	
ポジション	大岩一貴ですね	Editional	
サイドバック	大岩一貴ですね	Editional	
大岩	大岩一貴ですね	Editional	
丸	音戸丸級貨客船ですね	Editional	
音戸	音戸丸級貨客船ですね	Editional	
大阪	音戸丸級貨客船ですね	Editional	
ディーゼル	音戸丸級貨客船ですね	Editional	
商船	音戸丸級貨客船ですね	Editional	
日本	横田健一ですね	Editional	
関西大学	横田健一ですね	Editional	
横田	横田健一ですね	Editional	
健一	横田健一ですね	Editional	
古代	横田健一ですね	Editional	
松平	松平胖ですね	Editional	
伯爵	松平胖ですね	Editional	
頼	松平胖ですね	Editional	
藩主	松平胖ですね	Editional	
胖	松平胖ですね	Editional	
尹	尹致旺ですね	Editional	
軍医	尹致旺ですね	Editional	
月	尹致旺ですね	Editional	
韓国	尹致旺ですね	Editional	
産婦人科	尹致旺ですね	Editional	
大学	キャロリン・G・ハートですね	Editional	
シリーズ	キャロリン・G・ハートですね	Editional	
ハート	キャロリン・G・ハートですね	Editional	
作家	キャロリン・G・ハートですね	Editional	
オクラホマ	キャロリン・G・ハートですね	Editional	
音楽	花岡環ですね	Editional	
花岡	花岡環ですね	Editional	
環	花岡環ですね	Editional	
たまき	花岡環ですね	Editional	
月	花岡環ですね	Editional	
アルバム	SIREN (平沢進のアルバム)ですね	Editional	
平沢	SIREN (平沢進のアルバム)ですね	Editional	
進	SIREN (平沢進のアルバム)ですね	Editional	
サイレン	SIREN (平沢進のアルバム)ですね	Editional	
セイ	SIREN (平沢進のアルバム)ですね	Editional	
賢治	松田甚次郎ですね	Editional	
土	松田甚次郎ですね	Editional	
羽田	松田甚次郎ですね	Editional	
郎	松田甚次郎ですね	Editional	
宮沢	松田甚次郎ですね	Editional	
カード	遊☆戯☆王デュエルモンスターズ NIGHTMARE TROUBADOURですね	Editional	
王	遊☆戯☆王デュエルモンスターズ NIGHTMARE TROUBADOURですね	Editional	
月	遊☆戯☆王デュエルモンスターズ NIGHTMARE TROUBADOURですね	Editional	
ゲーム	遊☆戯☆王デュエルモンスターズ NIGHTMARE TROUBADOURですね	Editional	
王宮	遊☆戯☆王デュエルモンスターズ NIGHTMARE TROUBADOURですね	Editional	
籾山	籾山洋介ですね	Editional	
洋介	籾山洋介ですね	Editional	
言語	籾山洋介ですね	Editional	
名古屋大学	籾山洋介ですね	Editional	
教授	籾山洋介ですね	Editional	
野村	野村増右衛門ですね	Editional	
桑名	野村増右衛門ですね	Editional	
松平	野村増右衛門ですね	Editional	
久松	野村増右衛門ですね	Editional	
藩	野村増右衛門ですね	Editional	
伊達	伊達皇輝ですね	Editional	
皇	伊達皇輝ですね	Editional	
輝	伊達皇輝ですね	Editional	
だて	伊達皇輝ですね	Editional	
こうき	伊達皇輝ですね	Editional	
空手	北浦るみですね	Editional	
宮城	北浦るみですね	Editional	
連盟	北浦るみですね	Editional	
大会	北浦るみですね	Editional	
るみ	北浦るみですね	Editional	
神野	神野三鈴ですね	Editional	
鈴	神野三鈴ですね	Editional	
鎌倉	神野三鈴ですね	Editional	
ジャズ	神野三鈴ですね	Editional	
ピアニスト	神野三鈴ですね	Editional	
日本語	加藤重広ですね	Editional	
教授	加藤重広ですね	Editional	
加藤	加藤重広ですね	Editional	
重	加藤重広ですね	Editional	
北海道大学	加藤重広ですね	Editional	
西武	西武飯能・日高分譲地ですね	Editional	
飯能	西武飯能・日高分譲地ですね	Editional	
日高	西武飯能・日高分譲地ですね	Editional	
横手	西武飯能・日高分譲地ですね	Editional	
ひだ	西武飯能・日高分譲地ですね	Editional	
本間	本間敦ですね	Editional	
敦	本間敦ですね	Editional	
ほんま	本間敦ですね	Editional	
日本	本間敦ですね	Editional	
シニア	本間敦ですね	Editional	
安芸	安芸国人一揆ですね	Editional	
国人	安芸国人一揆ですね	Editional	
大内	安芸国人一揆ですね	Editional	
一揆	安芸国人一揆ですね	Editional	
勢力	安芸国人一揆ですね	Editional	
ヤマト	ヤマトタケシですね	Editional	
タケシ	ヤマトタケシですね	Editional	
やまと	ヤマトタケシですね	Editional	
たけし	ヤマトタケシですね	Editional	
日本	ヤマトタケシですね	Editional	
平成	中村彰 (ジャーナリスト)ですね	Editional	
大阪	中村彰 (ジャーナリスト)ですね	Editional	
中村	中村彰 (ジャーナリスト)ですね	Editional	
彰	中村彰 (ジャーナリスト)ですね	Editional	
ジャーナリスト	中村彰 (ジャーナリスト)ですね	Editional	
ケリー	チャールズ・ケリー (軍人)ですね	Editional	
ピッツバーグ	チャールズ・ケリー (軍人)ですね	Editional	
月	チャールズ・ケリー (軍人)ですね	Editional	
勲章	チャールズ・ケリー (軍人)ですね	Editional	
受章	チャールズ・ケリー (軍人)ですね	Editional	
ピーター	武道館ピーターパンですね	Editional	
パン	武道館ピーターパンですね	Editional	
武道館	武道館ピーターパンですね	Editional	
豪華	武道館ピーターパンですね	Editional	
ぶどう	武道館ピーターパンですね	Editional	
羅	羅アルムですね	Editional	
アル	羅アルムですね	Editional	
月	羅アルムですね	Editional	
大韓民国	羅アルムですね	Editional	
全羅北道	羅アルムですね	Editional	
団体	蟹江美貴ですね	Editional	
選手権	蟹江美貴ですね	Editional	
月	蟹江美貴ですね	Editional	
日本	蟹江美貴ですね	Editional	
アーチェリー	蟹江美貴ですね	Editional	
青山学院大学	小林孝輔ですね	Editional	
教授	小林孝輔ですね	Editional	
法学部	小林孝輔ですね	Editional	
憲法	小林孝輔ですね	Editional	
日本	小林孝輔ですね	Editional	
シリーズ	ジョーン・ヘスですね	Editional	
アーカンソー	ジョーン・ヘスですね	Editional	
クレア	ジョーン・ヘスですね	Editional	
ローカル	ジョーン・ヘスですね	Editional	
事件	ジョーン・ヘスですね	Editional	
経済	藤本建夫ですね	Editional	
教授	藤本建夫ですね	Editional	
藤本	藤本建夫ですね	Editional	
建夫	藤本建夫ですね	Editional	
甲南大学	藤本建夫ですね	Editional	
琉球	菊隠宗意ですね	Editional	
王子	菊隠宗意ですね	Editional	
菊	菊隠宗意ですね	Editional	
宗	菊隠宗意ですね	Editional	
薩摩	菊隠宗意ですね	Editional	
選手権	加藤凌平ですね	Editional	
日本	加藤凌平ですね	Editional	
個人	加藤凌平ですね	Editional	
世界	加藤凌平ですね	Editional	
大会	加藤凌平ですね	Editional	
月	伊藤弘美ですね	Editional	
テレビ静岡	伊藤弘美ですね	Editional	
アナウンサー	伊藤弘美ですね	Editional	
伊藤	伊藤弘美ですね	Editional	
弘美	伊藤弘美ですね	Editional	
デザイナー	中村昇 (デザイナー)ですね	Editional	
家具	中村昇 (デザイナー)ですね	Editional	
北海道	中村昇 (デザイナー)ですね	Editional	
木工	中村昇 (デザイナー)ですね	Editional	
中村	中村昇 (デザイナー)ですね	Editional	
岡山	ベル・串田ですね	Editional	
串田	ベル・串田ですね	Editional	
ベル	ベル・串田ですね	Editional	
作品	ベル・串田ですね	Editional	
文化	ベル・串田ですね	Editional	
西端	西端弥生ですね	Editional	
ラジオ	西端弥生ですね	Editional	
弥生	西端弥生ですね	Editional	
番組	西端弥生ですね	Editional	
ユニット	西端弥生ですね	Editional	
月	エリック・ソガードですね	Editional	
打率	エリック・ソガードですね	Editional	
二塁手	エリック・ソガードですね	Editional	
本塁打	エリック・ソガードですね	Editional	
選手	エリック・ソガードですね	Editional	
月	ブランドン・ダックワースですね	Editional	
成績	ブランドン・ダックワースですね	Editional	
父	ブランドン・ダックワースですね	Editional	
ブランドン	ブランドン・ダックワースですね	Editional	
アメリカ合衆国	ブランドン・ダックワースですね	Editional	
法学	竹内重年ですね	Editional	
憲法	竹内重年ですね	Editional	
教授	竹内重年ですね	Editional	
竹内	竹内重年ですね	Editional	
重	竹内重年ですね	Editional	
岡村	岡村春彦ですね	Editional	
春彦	岡村春彦ですね	Editional	
東京	岡村春彦ですね	Editional	
劇団	岡村春彦ですね	Editional	
青	岡村春彦ですね	Editional	
ヴォルテール	ヴォルテール (曖昧さ回避)ですね	Editional	
法学	松岡三郎ですね	Editional	
明治大学	松岡三郎ですね	Editional	
教授	松岡三郎ですね	Editional	
松岡	松岡三郎ですね	Editional	
三郎	松岡三郎ですね	Editional	
野口	野口恵子ですね	Editional	
恵子	野口恵子ですね	Editional	
ぐち	野口恵子ですね	Editional	
歌人	野口恵子ですね	Editional	
東京	野口恵子ですね	Editional	
北条	北条浩 (農業経済学者)ですね	Editional	
浩	北条浩 (農業経済学者)ですね	Editional	
農業	北条浩 (農業経済学者)ですね	Editional	
経済	北条浩 (農業経済学者)ですね	Editional	
学者	北条浩 (農業経済学者)ですね	Editional	
宜野湾	宜野湾御殿ですね	Editional	
御殿	宜野湾御殿ですね	Editional	
琉球	宜野湾御殿ですね	Editional	
寅	宜野湾御殿ですね	Editional	
泰	宜野湾御殿ですね	Editional	
和	橘海雄ですね	Editional	
橘	橘海雄ですね	Editional	
雄	橘海雄ですね	Editional	
弾正	橘海雄ですね	Editional	
右京大夫	橘海雄ですね	Editional	
教授	本多淳亮ですね	Editional	
本多	本多淳亮ですね	Editional	
淳	本多淳亮ですね	Editional	
亮	本多淳亮ですね	Editional	
月	本多淳亮ですね	Editional	
衛門	高木彦右衛門ですね	Editional	
高木	高木彦右衛門ですね	Editional	
代物	高木彦右衛門ですね	Editional	
長崎	高木彦右衛門ですね	Editional	
町年寄	高木彦右衛門ですね	Editional	
宮崎	宮崎泰樹ですね	Editional	
泰樹	宮崎泰樹ですね	Editional	
東京	宮崎泰樹ですね	Editional	
危機	宮崎泰樹ですね	Editional	
都道府県	宮崎泰樹ですね	Editional	
西村	西村健 (作家)ですね	Editional	
健	西村健 (作家)ですね	Editional	
作家	西村健 (作家)ですね	Editional	
福岡	西村健 (作家)ですね	Editional	
労働省	西村健 (作家)ですね	Editional	
新発田	高橋秀山ですね	Editional	
中学校	高橋秀山ですね	Editional	
柔道	高橋秀山ですね	Editional	
高橋	高橋秀山ですね	Editional	
月	高橋秀山ですね	Editional	
清	喜多武清ですね	Editional	
武	喜多武清ですね	Editional	
喜多	喜多武清ですね	Editional	
画	喜多武清ですね	Editional	
狩野	喜多武清ですね	Editional	
教授	山本吉人ですね	Editional	
山本	山本吉人ですね	Editional	
吉	山本吉人ですね	Editional	
法学	山本吉人ですね	Editional	
早稲田大学	山本吉人ですね	Editional	
月	ブランドン・ヒックスですね	Editional	
メジャー	ブランドン・ヒックスですね	Editional	
ジャイアンツ	ブランドン・ヒックスですね	Editional	
マイナー	ブランドン・ヒックスですね	Editional	
ブランドン	ブランドン・ヒックスですね	Editional	
教授	太田勝也ですね	Editional	
太田	太田勝也ですね	Editional	
勝也	太田勝也ですね	Editional	
日本	太田勝也ですね	Editional	
筑波大学	太田勝也ですね	Editional	
友	野津友那乃ですね	Editional	
月	野津友那乃ですね	Editional	
さくら	野津友那乃ですね	Editional	
学院	野津友那乃ですね	Editional	
野津	野津友那乃ですね	Editional	
劉	劉休ですね	Editional	
休	劉休ですね	Editional	
明	劉休ですね	Editional	
建	劉休ですね	Editional	
帝	劉休ですね	Editional	
日本	小島健司 (労働運動家)ですね	Editional	
教授	小島健司 (労働運動家)ですね	Editional	
小島	小島健司 (労働運動家)ですね	Editional	
健司	小島健司 (労働運動家)ですね	Editional	
日本福祉大学	小島健司 (労働運動家)ですね	Editional	
ジョン	ジョン・クリーシー・ダガー賞ですね	Editional	
作家	ジョン・クリーシー・ダガー賞ですね	Editional	
ニュー	ジョン・クリーシー・ダガー賞ですね	Editional	
ブラッド	ジョン・クリーシー・ダガー賞ですね	Editional	
一つ	ジョン・クリーシー・ダガー賞ですね	Editional	
佐々木	佐々木累ですね	Editional	
累	佐々木累ですね	Editional	
利勝	佐々木累ですね	Editional	
父	佐々木累ですね	Editional	
江戸	佐々木累ですね	Editional	
藤原	藤原為雅ですね	Editional	
雅	藤原為雅ですね	Editional	
備中	藤原為雅ですね	Editional	
ふじ	藤原為雅ですね	Editional	
わら	藤原為雅ですね	Editional	
法学部	金沢良雄ですね	Editional	
教授	金沢良雄ですね	Editional	
委員	金沢良雄ですね	Editional	
良雄	金沢良雄ですね	Editional	
法学	金沢良雄ですね	Editional	
チャド	タッカーとデイル 史上最悪にツイてないヤツらですね	Editional	
殺人	タッカーとデイル 史上最悪にツイてないヤツらですね	Editional	
大学生	タッカーとデイル 史上最悪にツイてないヤツらですね	Editional	
鬼	タッカーとデイル 史上最悪にツイてないヤツらですね	Editional	
映画	タッカーとデイル 史上最悪にツイてないヤツらですね	Editional	
義	順義駅ですね	Editional	
順	順義駅ですね	Editional	
じゅん	順義駅ですね	Editional	
中華人民共和国	順義駅ですね	Editional	
北京	順義駅ですね	Editional	
義	順義駅 (北京地下鉄)ですね	Editional	
北京	順義駅 (北京地下鉄)ですね	Editional	
地下鉄	順義駅 (北京地下鉄)ですね	Editional	
順	順義駅 (北京地下鉄)ですね	Editional	
じゅん	順義駅 (北京地下鉄)ですね	Editional	
翁	翁酒造ですね	Editional	
酒造	翁酒造ですね	Editional	
日本	翁酒造ですね	Editional	
河内	翁酒造ですね	Editional	
株式会社	翁酒造ですね	Editional	
藤原	藤原家範ですね	Editional	
範	藤原家範ですね	Editional	
右	藤原家範ですね	Editional	
守	藤原家範ですね	Editional	
師家	藤原家範ですね	Editional	
原発	中嶌哲演ですね	Editional	
小浜	中嶌哲演ですね	Editional	
中嶌	中嶌哲演ですね	Editional	
哲	中嶌哲演ですね	Editional	
日本	中嶌哲演ですね	Editional	
教授	岩本憲児ですね	Editional	
岩本	岩本憲児ですね	Editional	
憲	岩本憲児ですね	Editional	
日本	岩本憲児ですね	Editional	
映画	岩本憲児ですね	Editional	
教授	谷口隆之助ですね	Editional	
谷口	谷口隆之助ですね	Editional	
隆之助	谷口隆之助ですね	Editional	
宗教	谷口隆之助ですね	Editional	
哲学	谷口隆之助ですね	Editional	
ケリー	コリン・ケリーですね	Editional	
乗員	コリン・ケリーですね	Editional	
月	コリン・ケリーですね	Editional	
アメリカ	コリン・ケリーですね	Editional	
航空	コリン・ケリーですね	Editional	
映画	桃江メロンですね	Editional	
脚本	桃江メロンですね	Editional	
大学院	桃江メロンですね	Editional	
ランダム	桃江メロンですね	Editional	
ハウス	桃江メロンですね	Editional	
月	エリック・コクですね	Editional	
負け	エリック・コクですね	Editional	
エリック	エリック・コクですね	Editional	
コク	エリック・コクですね	Editional	
アメリカ合衆国	エリック・コクですね	Editional	
大鳥	大鳥逸平ですね	Editional	
逸平	大鳥逸平ですね	Editional	
おおとり	大鳥逸平ですね	Editional	
慶長	大鳥逸平ですね	Editional	
右	大鳥逸平ですね	Editional	
同志社大学	広川勝美ですね	Editional	
教授	広川勝美ですね	Editional	
広川	広川勝美ですね	Editional	
勝美	広川勝美ですね	Editional	
文学部	広川勝美ですね	Editional	
湯	湯之上隆ですね	Editional	
上	湯之上隆ですね	Editional	
隆	湯之上隆ですね	Editional	
産業	湯之上隆ですね	Editional	
阪大	湯之上隆ですね	Editional	
文化	山本雅男ですね	Editional	
日本	山本雅男ですね	Editional	
大学	山本雅男ですね	Editional	
学部	山本雅男ですね	Editional	
山本	山本雅男ですね	Editional	
日本	天龍 (企業)ですね	Editional	
メーカー	天龍 (企業)ですね	Editional	
天龍	天龍 (企業)ですね	Editional	
国内	天龍 (企業)ですね	Editional	
櫻井	天龍 (企業)ですね	Editional	
駒澤大学	高橋文二ですね	Editional	
文学	高橋文二ですね	Editional	
国文学	高橋文二ですね	Editional	
教授	高橋文二ですね	Editional	
高橋	高橋文二ですね	Editional	
経済	アン・クルーガーですね	Editional	
国際	アン・クルーガーですね	Editional	
専務	アン・クルーガーですね	Editional	
理事	アン・クルーガーですね	Editional	
月	アン・クルーガーですね	Editional	
白柳	白柳力ですね	Editional	
力	白柳力ですね	Editional	
脚本	白柳力ですね	Editional	
劇団	白柳力ですね	Editional	
スーパー	白柳力ですね	Editional	
フランス	ジャン＝ヴァンサン・プラセですね	Editional	
議員	ジャン＝ヴァンサン・プラセですね	Editional	
月	ジャン＝ヴァンサン・プラセですね	Editional	
アフリカ	ジャン＝ヴァンサン・プラセですね	Editional	
ジャン	ジャン＝ヴァンサン・プラセですね	Editional	
田中	旧田中銀行博物館ですね	Editional	
銀行	旧田中銀行博物館ですね	Editional	
勝沼	旧田中銀行博物館ですね	Editional	
博物館	旧田中銀行博物館ですね	Editional	
明治	旧田中銀行博物館ですね	Editional	
柔道	藤山茂ですね	Editional	
藤山	藤山茂ですね	Editional	
茂	藤山茂ですね	Editional	
同朋	藤山茂ですね	Editional	
学校	藤山茂ですね	Editional	
公	西園寺公相ですね	Editional	
西園寺	西園寺公相ですね	Editional	
実	西園寺公相ですね	Editional	
月	西園寺公相ですね	Editional	
基	西園寺公相ですね	Editional	
教授	南波浩ですね	Editional	
南波	南波浩ですね	Editional	
浩	南波浩ですね	Editional	
同志社大学	南波浩ですね	Editional	
京都	南波浩ですね	Editional	
小磯	小磯氏ですね	Editional	
佐竹	小磯氏ですね	Editional	
姓	小磯氏ですね	Editional	
家臣	小磯氏ですね	Editional	
藤原	小磯氏ですね	Editional	
駒澤大学	鏡島元隆ですね	Editional	
教授	鏡島元隆ですね	Editional	
鏡島	鏡島元隆ですね	Editional	
隆	鏡島元隆ですね	Editional	
月	鏡島元隆ですね	Editional	
ともこ	ひがたともこですね	Editional	
月	ひがたともこですね	Editional	
日本	ひがたともこですね	Editional	
女優	ひがたともこですね	Editional	
干潟	ひがたともこですね	Editional	
主義	チトー主義ですね	Editional	
チトー	チトー主義ですね	Editional	
社会	チトー主義ですね	Editional	
スターリン	チトー主義ですね	Editional	
ユーゴ	チトー主義ですね	Editional	
検事	関之ですね	Editional	
関	関之ですね	Editional	
月	関之ですね	Editional	
弁護士	関之ですね	Editional	
諏訪	関之ですね	Editional	
映画	坂下雄一郎ですね	Editional	
坂下	坂下雄一郎ですね	Editional	
雄一郎	坂下雄一郎ですね	Editional	
大学	坂下雄一郎ですね	Editional	
東京芸術大学	坂下雄一郎ですね	Editional	
源	源狼 GENROHですね	Editional	
狼	源狼 GENROHですね	Editional	
月	源狼 GENROHですね	Editional	
げん	源狼 GENROHですね	Editional	
ろう	源狼 GENROHですね	Editional	
月	玄永哲ですね	Editional	
委員	玄永哲ですね	Editional	
玄	玄永哲ですね	Editional	
永	玄永哲ですね	Editional	
哲	玄永哲ですね	Editional	
オリンピック	宋大南ですね	Editional	
宋	宋大南ですね	Editional	
大南	宋大南ですね	Editional	
選手	宋大南ですね	Editional	
階級	宋大南ですね	Editional	
徐	徐麗麗ですね	Editional	
麗	徐麗麗ですね	Editional	
北京	徐麗麗ですね	Editional	
オリンピック	徐麗麗ですね	Editional	
姉	徐麗麗ですね	Editional	
アルベルト	アルベルト・アインシュタイン (ATV)ですね	Editional	
アインシュタイン	アルベルト・アインシュタイン (ATV)ですね	Editional	
月	アルベルト・アインシュタイン (ATV)ですね	Editional	
ドイツ	アルベルト・アインシュタイン (ATV)ですね	Editional	
ブレーメン	アルベルト・アインシュタイン (ATV)ですね	Editional	
仏教	角田泰隆ですね	Editional	
駒澤大学	角田泰隆ですね	Editional	
教授	角田泰隆ですね	Editional	
角田	角田泰隆ですね	Editional	
泰隆	角田泰隆ですね	Editional	
儀間	蔡氏儀間殿内ですね	Editional	
殿内	蔡氏儀間殿内ですね	Editional	
さい	蔡氏儀間殿内ですね	Editional	
小禄	蔡氏儀間殿内ですね	Editional	
脇	蔡氏儀間殿内ですね	Editional	
農道	美濃東部広域農道ですね	Editional	
恵那	美濃東部広域農道ですね	Editional	
東部	美濃東部広域農道ですね	Editional	
郡上	美濃東部広域農道ですね	Editional	
美濃	美濃東部広域農道ですね	Editional	
路美	小野日路美ですね	Editional	
小野	小野日路美ですね	Editional	
日	小野日路美ですね	Editional	
おの	小野日路美ですね	Editional	
ひろみ	小野日路美ですね	Editional	
環境	嘉田良平ですね	Editional	
教授	嘉田良平ですね	Editional	
研究所	嘉田良平ですね	Editional	
農業	嘉田良平ですね	Editional	
嘉	嘉田良平ですね	Editional	
教授	田村貞雄ですね	Editional	
田村	田村貞雄ですね	Editional	
貞雄	田村貞雄ですね	Editional	
日本	田村貞雄ですね	Editional	
静岡大学	田村貞雄ですね	Editional	
先崎	先崎勝也ですね	Editional	
勝也	先崎勝也ですね	Editional	
せん	先崎勝也ですね	Editional	
かつ	先崎勝也ですね	Editional	
月	先崎勝也ですね	Editional	
曽我	曽我祐次ですね	Editional	
祐次	曽我祐次ですね	Editional	
ゆうじ	曽我祐次ですね	Editional	
社会民主党	曽我祐次ですね	Editional	
品川	曽我祐次ですね	Editional	
地震	筑紫地震ですね	Editional	
筑紫	筑紫地震ですね	Editional	
断層	筑紫地震ですね	Editional	
月	筑紫地震ですね	Editional	
世紀	筑紫地震ですね	Editional	
坂	権之助坂ですね	Editional	
目黒	権之助坂ですね	Editional	
権	権之助坂ですね	Editional	
名	権之助坂ですね	Editional	
行人	権之助坂ですね	Editional	
上牧	上牧ですね	Editional	
かん	上牧ですね	Editional	
日本	上牧ですね	Editional	
各地	上牧ですね	Editional	
地名	上牧ですね	Editional	
藤原	藤原道長 (南家)ですね	Editional	
道長	藤原道長 (南家)ですね	Editional	
南	藤原道長 (南家)ですね	Editional	
重子	藤原道長 (南家)ですね	Editional	
内親王	藤原道長 (南家)ですね	Editional	
大小	志賀仁右衛門ですね	Editional	
神祇	志賀仁右衛門ですね	Editional	
右	志賀仁右衛門ですね	Editional	
衛門	志賀仁右衛門ですね	Editional	
月	志賀仁右衛門ですね	Editional	
国際	桜井雅夫ですね	Editional	
経済	桜井雅夫ですね	Editional	
教授	桜井雅夫ですね	Editional	
雅夫	桜井雅夫ですね	Editional	
慶應義塾	桜井雅夫ですね	Editional	
藤原	藤原岑人ですね	Editional	
貞	藤原岑人ですね	Editional	
安芸	藤原岑人ですね	Editional	
権守	藤原岑人ですね	Editional	
和	藤原岑人ですね	Editional	
山中	山中源左衛門ですね	Editional	
源	山中源左衛門ですね	Editional	
左衛門	山中源左衛門ですね	Editional	
月	山中源左衛門ですね	Editional	
旗本	山中源左衛門ですね	Editional	
駒澤大学	石井修道ですね	Editional	
博士	石井修道ですね	Editional	
教授	石井修道ですね	Editional	
仏教	石井修道ですね	Editional	
石井	石井修道ですね	Editional	
神社	佐保神社ですね	Editional	
佐保	佐保神社ですね	Editional	
加東	佐保神社ですね	Editional	
兵庫	佐保神社ですね	Editional	
社格	佐保神社ですね	Editional	
駒澤大学	田上太秀ですね	Editional	
仏教	田上太秀ですね	Editional	
教授	田上太秀ですね	Editional	
田上	田上太秀ですね	Editional	
太	田上太秀ですね	Editional	
藤原	藤原直道ですね	Editional	
直道	藤原直道ですね	Editional	
任	藤原直道ですね	Editional	
貞	藤原直道ですね	Editional	
備前	藤原直道ですね	Editional	
藤原	藤原連茂ですね	Editional	
連	藤原連茂ですね	Editional	
茂	藤原連茂ですね	Editional	
出羽守	藤原連茂ですね	Editional	
ふじ	藤原連茂ですね	Editional	
月光	黒鳥四朗ですね	Editional	
黒鳥	黒鳥四朗ですね	Editional	
月	黒鳥四朗ですね	Editional	
倉本	黒鳥四朗ですね	Editional	
ペア	黒鳥四朗ですね	Editional	
天	藤原佐忠ですね	Editional	
藤原	藤原佐忠ですね	Editional	
佐	藤原佐忠ですね	Editional	
忠	藤原佐忠ですね	Editional	
歌人	藤原佐忠ですね	Editional	
武将	グレート家康公「葵」武将隊ですね	Editional	
岡崎	グレート家康公「葵」武将隊ですね	Editional	
徳川	グレート家康公「葵」武将隊ですね	Editional	
グレート	グレート家康公「葵」武将隊ですね	Editional	
家康	グレート家康公「葵」武将隊ですね	Editional	
藤原	藤原時明ですね	Editional	
守	藤原時明ですね	Editional	
明	藤原時明ですね	Editional	
山城	藤原時明ですね	Editional	
ふじ	藤原時明ですね	Editional	
打出	打出親五ですね	Editional	
親	打出親五ですね	Editional	
プロ	打出親五ですね	Editional	
円谷	打出親五ですね	Editional	
うち	打出親五ですね	Editional	
教授	高崎直道ですね	Editional	
月	高崎直道ですね	Editional	
文学部	高崎直道ですね	Editional	
助教授	高崎直道ですね	Editional	
東大	高崎直道ですね	Editional	
三浦	三浦小次郎ですね	Editional	
小次郎	三浦小次郎ですね	Editional	
義也	三浦小次郎ですね	Editional	
月	三浦小次郎ですね	Editional	
映画	三浦小次郎ですね	Editional	
楽曲	佐香智久ですね	Editional	
佐	佐香智久ですね	Editional	
香	佐香智久ですね	Editional	
智久	佐香智久ですね	Editional	
月	佐香智久ですね	Editional	
昭和	丸山不二夫ですね	Editional	
日本	丸山不二夫ですね	Editional	
大学院	丸山不二夫ですね	Editional	
稚内	丸山不二夫ですね	Editional	
初代	丸山不二夫ですね	Editional	
原発	菊地洋一ですね	Editional	
原子力	菊地洋一ですね	Editional	
菊地	菊地洋一ですね	Editional	
洋一	菊地洋一ですね	Editional	
日本	菊地洋一ですね	Editional	
太平洋	汎太平洋フォーラムですね	Editional	
法人	汎太平洋フォーラムですね	Editional	
中心	汎太平洋フォーラムですね	Editional	
汎	汎太平洋フォーラムですね	Editional	
フォーラム	汎太平洋フォーラムですね	Editional	
心理	早坂泰次郎ですね	Editional	
教授	早坂泰次郎ですね	Editional	
早坂	早坂泰次郎ですね	Editional	
泰次郎	早坂泰次郎ですね	Editional	
立教大学	早坂泰次郎ですね	Editional	
郡	モンロー郡 (アーカンソー州)ですね	Editional	
モンロー	モンロー郡 (アーカンソー州)ですね	Editional	
アーカンソー	モンロー郡 (アーカンソー州)ですね	Editional	
人口	モンロー郡 (アーカンソー州)ですね	Editional	
アメリカ合衆国	モンロー郡 (アーカンソー州)ですね	Editional	
番組	生田くん、ハイ!ですね	Editional	
月	生田くん、ハイ!ですね	Editional	
生田	生田くん、ハイ!ですね	Editional	
ハイ	生田くん、ハイ!ですね	Editional	
フジテレビ	生田くん、ハイ!ですね	Editional	
堀川	堀川直義ですね	Editional	
教授	堀川直義ですね	Editional	
直義	堀川直義ですね	Editional	
月	堀川直義ですね	Editional	
日本	堀川直義ですね	Editional	
日本	ジェームス・W・モーリーですね	Editional	
コロンビア大学	ジェームス・W・モーリーですね	Editional	
外交	ジェームス・W・モーリーですね	Editional	
東アジア	ジェームス・W・モーリーですね	Editional	
国際	ジェームス・W・モーリーですね	Editional	
石井	石井杏奈ですね	Editional	
杏奈	石井杏奈ですね	Editional	
教授	竹山昭子ですね	Editional	
竹山	竹山昭子ですね	Editional	
昭和女子大学	竹山昭子ですね	Editional	
アナウンサー	竹山昭子ですね	Editional	
文学部	竹山昭子ですね	Editional	
はな	はなびら (back numberの曲)ですね	Editional	
びら	はなびら (back numberの曲)ですね	Editional	
曲	はなびら (back numberの曲)ですね	Editional	
シングル	はなびら (back numberの曲)ですね	Editional	
美術	平井楳仙ですね	Editional	
京都	平井楳仙ですね	Editional	
平井	平井楳仙ですね	Editional	
月	平井楳仙ですね	Editional	
明治	平井楳仙ですね	Editional	
反町	反町隆史ですね	Editional	
月	反町隆史ですね	Editional	
ライブ	反町隆史ですね	Editional	
浦和	反町隆史ですね	Editional	
夫妻	反町隆史ですね	Editional	
戸田	戸田恵梨香ですね	Editional	
恵	戸田恵梨香ですね	Editional	
梨香	戸田恵梨香ですね	Editional	
月	戸田恵梨香ですね	Editional	
芸能	戸田恵梨香ですね	Editional	
汝	横田汝圭ですね	Editional	
圭	横田汝圭ですね	Editional	
江戸	横田汝圭ですね	Editional	
横田	横田汝圭ですね	Editional	
月	横田汝圭ですね	Editional	
鉄棒	田中佑典ですね	Editional	
団体	田中佑典ですね	Editional	
田中	田中佑典ですね	Editional	
種目	田中佑典ですね	Editional	
選手	田中佑典ですね	Editional	
教授	阿部猛ですね	Editional	
阿部	阿部猛ですね	Editional	
猛	阿部猛ですね	Editional	
月	阿部猛ですね	Editional	
東京学芸大学	阿部猛ですね	Editional	
日本	渡邉裕司ですね	Editional	
臨床	渡邉裕司ですね	Editional	
学会	渡邉裕司ですね	Editional	
薬理	渡邉裕司ですね	Editional	
浜松医科大学	渡邉裕司ですね	Editional	
加瀬	加瀬信行ですね	Editional	
名義	加瀬信行ですね	Editional	
尊	加瀬信行ですね	Editional	
朗	加瀬信行ですね	Editional	
信行	加瀬信行ですね	Editional	
月	川久保拓司ですね	Editional	
ネクサス	川久保拓司ですね	Editional	
俳優	川久保拓司ですね	Editional	
ウルトラマン	川久保拓司ですね	Editional	
川久保	川久保拓司ですね	Editional	
教授	茂木勇ですね	Editional	
大学	茂木勇ですね	Editional	
茂木	茂木勇ですね	Editional	
勇	茂木勇ですね	Editional	
日本	茂木勇ですね	Editional	
桐島	桐島優介ですね	Editional	
優	桐島優介ですね	Editional	
きり	桐島優介ですね	Editional	
しま	桐島優介ですね	Editional	
月	桐島優介ですね	Editional	
藤原	藤原高経ですね	Editional	
右	藤原高経ですね	Editional	
兵衛	藤原高経ですね	Editional	
蔵人	藤原高経ですね	Editional	
佐	藤原高経ですね	Editional	
形式	ヒッチン汎函数ですね	Editional	
函数	ヒッチン汎函数ですね	Editional	
汎	ヒッチン汎函数ですね	Editional	
構造	ヒッチン汎函数ですね	Editional	
チン	ヒッチン汎函数ですね	Editional	
月	テッド・ポストですね	Editional	
テッド	テッド・ポストですね	Editional	
ポスト	テッド・ポストですね	Editional	
映画	テッド・ポストですね	Editional	
アメリカ合衆国	テッド・ポストですね	Editional	
体育	若松美黄ですね	Editional	
筑波大学	若松美黄ですね	Editional	
女子	若松美黄ですね	Editional	
科学	若松美黄ですね	Editional	
舞踊	若松美黄ですね	Editional	
月	マルコ・リヴァヤですね	Editional	
リーグ	マルコ・リヴァヤですね	Editional	
インテル	マルコ・リヴァヤですね	Editional	
トップ	マルコ・リヴァヤですね	Editional	
チーム	マルコ・リヴァヤですね	Editional	
吉本	秋山たか志ですね	Editional	
秋山	秋山たか志ですね	Editional	
喜劇	秋山たか志ですね	Editional	
たか志	秋山たか志ですね	Editional	
漫才	秋山たか志ですね	Editional	
月	佐藤和彦ですね	Editional	
佐藤	佐藤和彦ですね	Editional	
和彦	佐藤和彦ですね	Editional	
早稲田大学	佐藤和彦ですね	Editional	
文学部	佐藤和彦ですね	Editional	
玄	王玄バクですね	Editional	
将軍	王玄バクですね	Editional	
明	王玄バクですね	Editional	
刺史	王玄バクですね	Editional	
建	王玄バクですね	Editional	
教授	室井力ですね	Editional	
法学	室井力ですね	Editional	
室井	室井力ですね	Editional	
力	室井力ですね	Editional	
月	室井力ですね	Editional	
衛	州村衛香ですね	Editional	
香	州村衛香ですね	Editional	
日本	州村衛香ですね	Editional	
草月会	州村衛香ですね	Editional	
協会	州村衛香ですね	Editional	
教授	上野矗ですね	Editional	
上野	上野矗ですね	Editional	
矗	上野矗ですね	Editional	
心理	上野矗ですね	Editional	
大阪教育大学	上野矗ですね	Editional	
教授	工藤敬一ですね	Editional	
工藤	工藤敬一ですね	Editional	
敬一	工藤敬一ですね	Editional	
熊本大学	工藤敬一ですね	Editional	
鹿本	工藤敬一ですね	Editional	
平	平雅行ですね	Editional	
雅行	平雅行ですね	Editional	
教授	平雅行ですね	Editional	
たい	平雅行ですね	Editional	
まさゆき	平雅行ですね	Editional	
野村	野村工務店ですね	Editional	
工務	野村工務店ですね	Editional	
大阪	野村工務店ですね	Editional	
株式会社	野村工務店ですね	Editional	
交野	野村工務店ですね	Editional	
金山	藤倉峡ですね	Editional	
藤倉	藤倉峡ですね	Editional	
峡	藤倉峡ですね	Editional	
飛騨	藤倉峡ですね	Editional	
下流	藤倉峡ですね	Editional	
月	葉月七瀬ですね	Editional	
女優	葉月七瀬ですね	Editional	
葉月	葉月七瀬ですね	Editional	
七瀬	葉月七瀬ですね	Editional	
龍	葉月七瀬ですね	Editional	
滝	横谷峡 (岐阜県)ですね	Editional	
横谷	横谷峡 (岐阜県)ですね	Editional	
峡	横谷峡 (岐阜県)ですね	Editional	
岐阜	横谷峡 (岐阜県)ですね	Editional	
金山	横谷峡 (岐阜県)ですね	Editional	
フランク	フランク徴候ですね	Editional	
徴候	フランク徴候ですね	Editional	
ちょう	フランク徴候ですね	Editional	
耳朶	フランク徴候ですね	Editional	
下方	フランク徴候ですね	Editional	
脚本	田原弘毅ですね	Editional	
小説	田原弘毅ですね	Editional	
田原	田原弘毅ですね	Editional	
弘毅	田原弘毅ですね	Editional	
日本	田原弘毅ですね	Editional	
風呂	丹前風呂ですね	Editional	
丹前	丹前風呂ですね	Editional	
湯女	丹前風呂ですね	Editional	
紀伊国屋	丹前風呂ですね	Editional	
江戸	丹前風呂ですね	Editional	
月	マニュエル・ヴァルスですね	Editional	
首相	マニュエル・ヴァルスですね	Editional	
スペイン	マニュエル・ヴァルスですね	Editional	
フランス	マニュエル・ヴァルスですね	Editional	
国民	マニュエル・ヴァルスですね	Editional	
月	ロレンソ・メルガレホですね	Editional	
パラグアイ	ロレンソ・メルガレホですね	Editional	
リーグ	ロレンソ・メルガレホですね	Editional	
出身	ロレンソ・メルガレホですね	Editional	
同国	ロレンソ・メルガレホですね	Editional	
選手	伊藤正樹ですね	Editional	
トランポリン	伊藤正樹ですね	Editional	
オリンピック	伊藤正樹ですね	Editional	
金沢学院大学	伊藤正樹ですね	Editional	
日本	伊藤正樹ですね	Editional	
月	マルコ・アントニオ・デ・マットス・フィリォですね	Editional	
マルコ	マルコ・アントニオ・デ・マットス・フィリォですね	Editional	
アントニオ	マルコ・アントニオ・デ・マットス・フィリォですね	Editional	
ブラジル	マルコ・アントニオ・デ・マットス・フィリォですね	Editional	
冬	マルコ・アントニオ・デ・マットス・フィリォですね	Editional	
個人	ビクトリア・コモワですね	Editional	
オリンピック	ビクトリア・コモワですね	Editional	
団体	ビクトリア・コモワですね	Editional	
選手権	ビクトリア・コモワですね	Editional	
平行棒	ビクトリア・コモワですね	Editional	
水島	水島恵一ですね	Editional	
教授	水島恵一ですね	Editional	
文教大学	水島恵一ですね	Editional	
恵一	水島恵一ですね	Editional	
月	水島恵一ですね	Editional	
浦添	向氏浦添殿内ですね	Editional	
王国	向氏浦添殿内ですね	Editional	
琉球	向氏浦添殿内ですね	Editional	
向	向氏浦添殿内ですね	Editional	
殿内	向氏浦添殿内ですね	Editional	
源内	森島中良ですね	Editional	
良	森島中良ですね	Editional	
平賀	森島中良ですね	Editional	
月	森島中良ですね	Editional	
甫	森島中良ですね	Editional	
郡	ペリー郡 (アーカンソー州)ですね	Editional	
ペリー	ペリー郡 (アーカンソー州)ですね	Editional	
人口	ペリー郡 (アーカンソー州)ですね	Editional	
アーカンソー	ペリー郡 (アーカンソー州)ですね	Editional	
国勢調査	ペリー郡 (アーカンソー州)ですね	Editional	
海底	昭洋 (測量船・2代)ですね	Editional	
甲板	昭洋 (測量船・2代)ですね	Editional	
マンボウ	昭洋 (測量船・2代)ですね	Editional	
昭洋	昭洋 (測量船・2代)ですね	Editional	
塩分	昭洋 (測量船・2代)ですね	Editional	
横谷	横谷峡ですね	Editional	
峡	横谷峡ですね	Editional	
こ	横谷峡ですね	Editional	
日本	横谷峡ですね	Editional	
渓谷	横谷峡ですね	Editional	
カード	遊☆戯☆王 ワールドチャンピオンシップですね	Editional	
大会	遊☆戯☆王 ワールドチャンピオンシップですね	Editional	
ゲーム	遊☆戯☆王 ワールドチャンピオンシップですね	Editional	
世界	遊☆戯☆王 ワールドチャンピオンシップですね	Editional	
会場	遊☆戯☆王 ワールドチャンピオンシップですね	Editional	
団体	花沢菊香ですね	Editional	
花沢	花沢菊香ですね	Editional	
菊	花沢菊香ですね	Editional	
香	花沢菊香ですね	Editional	
米国	花沢菊香ですね	Editional	
月	ディエゴ・ポレンタですね	Editional	
ウルグアイ	ディエゴ・ポレンタですね	Editional	
ユース	ディエゴ・ポレンタですね	Editional	
チーム	ディエゴ・ポレンタですね	Editional	
ワールドカップ	ディエゴ・ポレンタですね	Editional	
心理	馬場禮子ですね	Editional	
教授	馬場禮子ですね	Editional	
馬場	馬場禮子ですね	Editional	
禮子	馬場禮子ですね	Editional	
臨床	馬場禮子ですね	Editional	
心理	矢吹省司ですね	Editional	
矢吹	矢吹省司ですね	Editional	
省司	矢吹省司ですね	Editional	
國學院大學	矢吹省司ですね	Editional	
教授	矢吹省司ですね	Editional	
倉橋	倉橋健一ですね	Editional	
健一	倉橋健一ですね	Editional	
文芸	倉橋健一ですね	Editional	
詩集	倉橋健一ですね	Editional	
文学	倉橋健一ですね	Editional	
科学	ジョン・デスモンド・バナールですね	Editional	
構造	ジョン・デスモンド・バナールですね	Editional	
イギリス	ジョン・デスモンド・バナールですね	Editional	
ケンブリッジ大学	ジョン・デスモンド・バナールですね	Editional	
最初	ジョン・デスモンド・バナールですね	Editional	
親	生駒則正ですね	Editional	
生駒	生駒則正ですね	Editional	
信武	生駒則正ですね	Editional	
宇陀	生駒則正ですね	Editional	
家老	生駒則正ですね	Editional	
上杉	上杉智世ですね	Editional	
智世	上杉智世ですね	Editional	
うえ	上杉智世ですね	Editional	
月	上杉智世ですね	Editional	
日本	上杉智世ですね	Editional	
天野	天野裕夫ですね	Editional	
裕夫	天野裕夫ですね	Editional	
あま	天野裕夫ですね	Editional	
月	天野裕夫ですね	Editional	
日本	天野裕夫ですね	Editional	
神	チャールズ・ハートショーンですね	Editional	
哲学	チャールズ・ハートショーンですね	Editional	
プロセス	チャールズ・ハートショーンですね	Editional	
神学	チャールズ・ハートショーンですね	Editional	
チャールズ	チャールズ・ハートショーンですね	Editional	
山田	山田延男ですね	Editional	
研究所	山田延男ですね	Editional	
放射線	山田延男ですね	Editional	
日本	山田延男ですね	Editional	
放射能	山田延男ですね	Editional	
心理	佐治守夫ですね	Editional	
教授	佐治守夫ですね	Editional	
佐治	佐治守夫ですね	Editional	
守夫	佐治守夫ですね	Editional	
月	佐治守夫ですね	Editional	
長者	北野の長者ですね	Editional	
北野	北野の長者ですね	Editional	
菅原	北野の長者ですね	Editional	
唐橋	北野の長者ですね	Editional	
天満宮	北野の長者ですね	Editional	
藤原	藤原盛実ですね	Editional	
盛	藤原盛実ですね	Editional	
実	藤原盛実ですね	Editional	
嘉	藤原盛実ですね	Editional	
ふじ	藤原盛実ですね	Editional	
教授	永井憲一ですね	Editional	
日本	永井憲一ですね	Editional	
理事	永井憲一ですね	Editional	
法学	永井憲一ですね	Editional	
法政大学	永井憲一ですね	Editional	
範	藤原範光ですね	Editional	
建	藤原範光ですね	Editional	
藤原	藤原範光ですね	Editional	
父	藤原範光ですね	Editional	
永	藤原範光ですね	Editional	
劇団	瀬戸弘司ですね	Editional	
月	瀬戸弘司ですね	Editional	
舞台	瀬戸弘司ですね	Editional	
俳優	瀬戸弘司ですね	Editional	
天然	瀬戸弘司ですね	Editional	
郡	セバスチャン郡 (アーカンソー州)ですね	Editional	
セバスチャン	セバスチャン郡 (アーカンソー州)ですね	Editional	
人口	セバスチャン郡 (アーカンソー州)ですね	Editional	
アーカンソー	セバスチャン郡 (アーカンソー州)ですね	Editional	
アメリカ合衆国	セバスチャン郡 (アーカンソー州)ですね	Editional	
岡戸	岡戸達也ですね	Editional	
達也	岡戸達也ですね	Editional	
アフタヌーン	岡戸達也ですね	Editional	
四季	岡戸達也ですね	Editional	
日本	岡戸達也ですね	Editional	
郡	ジャクソン郡 (アーカンソー州)ですね	Editional	
アーカンソー	ジャクソン郡 (アーカンソー州)ですね	Editional	
ジャクソン	ジャクソン郡 (アーカンソー州)ですね	Editional	
人口	ジャクソン郡 (アーカンソー州)ですね	Editional	
アメリカ合衆国	ジャクソン郡 (アーカンソー州)ですね	Editional	
教授	小口忠彦ですね	Editional	
諏訪	小口忠彦ですね	Editional	
小口	小口忠彦ですね	Editional	
忠彦	小口忠彦ですね	Editional	
心理	小口忠彦ですね	Editional	
研究所	チャールズ・ダーウィン研究所ですね	Editional	
ガラパゴス	チャールズ・ダーウィン研究所ですね	Editional	
ダーウィン	チャールズ・ダーウィン研究所ですね	Editional	
諸島	チャールズ・ダーウィン研究所ですね	Editional	
チャールズ	チャールズ・ダーウィン研究所ですね	Editional	
教授	平原春好ですね	Editional	
平原	平原春好ですね	Editional	
春	平原春好ですね	Editional	
日本	平原春好ですね	Editional	
神戸大学	平原春好ですね	Editional	
善	善養院ですね	Editional	
養	善養院ですね	Editional	
ぜん	善養院ですね	Editional	
善	善養院 (世田谷区)ですね	Editional	
養	善養院 (世田谷区)ですね	Editional	
本堂	善養院 (世田谷区)ですね	Editional	
和尚	善養院 (世田谷区)ですね	Editional	
明治	善養院 (世田谷区)ですね	Editional	
教授	寺崎昌男ですね	Editional	
東京大学	寺崎昌男ですね	Editional	
寺崎	寺崎昌男ですね	Editional	
昌男	寺崎昌男ですね	Editional	
日本	寺崎昌男ですね	Editional	
中嶋	中嶋健吉ですね	Editional	
健吉	中嶋健吉ですね	Editional	
マーケット	中嶋健吉ですね	Editional	
アナリスト	中嶋健吉ですね	Editional	
キャスター	中嶋健吉ですね	Editional	
軍団	カール・フリードリヒ・フォン・シュタインメッツですね	Editional	
月	カール・フリードリヒ・フォン・シュタインメッツですね	Editional	
戦い	カール・フリードリヒ・フォン・シュタインメッツですね	Editional	
カール	カール・フリードリヒ・フォン・シュタインメッツですね	Editional	
部隊	カール・フリードリヒ・フォン・シュタインメッツですね	Editional	
佐藤	佐藤秀夫ですね	Editional	
日本	佐藤秀夫ですね	Editional	
秀夫	佐藤秀夫ですね	Editional	
学者	佐藤秀夫ですね	Editional	
史料	佐藤秀夫ですね	Editional	
音楽	臼井孝 (音楽マーケッター)ですね	Editional	
臼井	臼井孝 (音楽マーケッター)ですね	Editional	
孝	臼井孝 (音楽マーケッター)ですね	Editional	
月	臼井孝 (音楽マーケッター)ですね	Editional	
日本	臼井孝 (音楽マーケッター)ですね	Editional	
教授	小川利夫ですね	Editional	
小川	小川利夫ですね	Editional	
利夫	小川利夫ですね	Editional	
月	小川利夫ですね	Editional	
日本	小川利夫ですね	Editional	
ニューイングランド	ポール・ラ・ジョワイエの戦いですね	Editional	
ポール	ポール・ラ・ジョワイエの戦いですね	Editional	
フランス	ポール・ラ・ジョワイエの戦いですね	Editional	
部隊	ポール・ラ・ジョワイエの戦いですね	Editional	
軍艦	ポール・ラ・ジョワイエの戦いですね	Editional	
炭素	大谷杉郎ですね	Editional	
ピッチ	大谷杉郎ですね	Editional	
繊維	大谷杉郎ですね	Editional	
教授	大谷杉郎ですね	Editional	
原料	大谷杉郎ですね	Editional	
委員	呉瀚濤ですね	Editional	
民	呉瀚濤ですね	Editional	
呉	呉瀚濤ですね	Editional	
月	呉瀚濤ですね	Editional	
政治	呉瀚濤ですね	Editional	
オリンピック	ウォーター・ポロ・アリーナですね	Editional	
ウォーター	ウォーター・ポロ・アリーナですね	Editional	
ポロ	ウォーター・ポロ・アリーナですね	Editional	
アリーナ	ウォーター・ポロ・アリーナですね	Editional	
水球	ウォーター・ポロ・アリーナですね	Editional	
月	海後勝雄ですね	Editional	
教授	海後勝雄ですね	Editional	
海	海後勝雄ですね	Editional	
日本	海後勝雄ですね	Editional	
連盟	海後勝雄ですね	Editional	
月	ニコライ・クリューエフですね	Editional	
農民	ニコライ・クリューエフですね	Editional	
儀式	ニコライ・クリューエフですね	Editional	
詩	ニコライ・クリューエフですね	Editional	
芸術	ニコライ・クリューエフですね	Editional	
海岸	平磯海岸ですね	Editional	
平磯	平磯海岸ですね	Editional	
茨城	平磯海岸ですね	Editional	
岩	平磯海岸ですね	Editional	
北	平磯海岸ですね	Editional	
教授	仲新ですね	Editional	
仲	仲新ですね	Editional	
月	仲新ですね	Editional	
日本	仲新ですね	Editional	
大学	仲新ですね	Editional	
機関	王立ヴュルテンベルク邦有鉄道C型蒸気機関車ですね	Editional	
鉄道	王立ヴュルテンベルク邦有鉄道C型蒸気機関車ですね	Editional	
列車	王立ヴュルテンベルク邦有鉄道C型蒸気機関車ですね	Editional	
形式	王立ヴュルテンベルク邦有鉄道C型蒸気機関車ですね	Editional	
邦	王立ヴュルテンベルク邦有鉄道C型蒸気機関車ですね	Editional	
生態	田上英明ですね	Editional	
魚類	田上英明ですね	Editional	
アカエイ	田上英明ですね	Editional	
田上	田上英明ですね	Editional	
英明	田上英明ですね	Editional	
村上	村上俊亮ですね	Editional	
学長	村上俊亮ですね	Editional	
俊亮	村上俊亮ですね	Editional	
月	村上俊亮ですね	Editional	
むら	村上俊亮ですね	Editional	
日本	山内リエですね	Editional	
女子	山内リエですね	Editional	
走高跳	山内リエですね	Editional	
オリンピック	山内リエですね	Editional	
山内	山内リエですね	Editional	
月	春日野結衣ですね	Editional	
スリー	春日野結衣ですね	Editional	
サイズ	春日野結衣ですね	Editional	
春日野	春日野結衣ですね	Editional	
結衣	春日野結衣ですね	Editional	
村松	村松以弘ですね	Editional	
画	村松以弘ですね	Editional	
江戸	村松以弘ですね	Editional	
斎	村松以弘ですね	Editional	
掛川	村松以弘ですね	Editional	
石山	石山脩平ですね	Editional	
脩	石山脩平ですね	Editional	
月	石山脩平ですね	Editional	
大学	石山脩平ですね	Editional	
平	石山脩平ですね	Editional	
機関	王立ザクセン邦有鉄道XVIII H型蒸気機関車ですね	Editional	
鉄道	王立ザクセン邦有鉄道XVIII H型蒸気機関車ですね	Editional	
気筒	王立ザクセン邦有鉄道XVIII H型蒸気機関車ですね	Editional	
ザクセン	王立ザクセン邦有鉄道XVIII H型蒸気機関車ですね	Editional	
邦	王立ザクセン邦有鉄道XVIII H型蒸気機関車ですね	Editional	
若森	若森県庁ですね	Editional	
県庁	若森県庁ですね	Editional	
月	若森県庁ですね	Editional	
県	若森県庁ですね	Editional	
グレゴリオ	若森県庁ですね	Editional	
伊賀	飯塚伊賀七ですね	Editional	
谷田部	飯塚伊賀七ですね	Editional	
人形	飯塚伊賀七ですね	Editional	
月	飯塚伊賀七ですね	Editional	
飯塚	飯塚伊賀七ですね	Editional	
谷田部	谷田部 (つくば市)ですね	Editional	
つくば	谷田部 (つくば市)ですね	Editional	
中心	谷田部 (つくば市)ですね	Editional	
明治	谷田部 (つくば市)ですね	Editional	
陣屋	谷田部 (つくば市)ですね	Editional	
月	アグネス・フォン・ヴュルテンベルクですね	Editional	
娘	アグネス・フォン・ヴュルテンベルクですね	Editional	
公	アグネス・フォン・ヴュルテンベルクですね	Editional	
侯	アグネス・フォン・ヴュルテンベルクですね	Editional	
ハインリヒ	アグネス・フォン・ヴュルテンベルクですね	Editional	
教授	暉峻淑子ですね	Editional	
暉	暉峻淑子ですね	Editional	
峻	暉峻淑子ですね	Editional	
経済	暉峻淑子ですね	Editional	
学者	暉峻淑子ですね	Editional	
任	藤原頼任ですね	Editional	
頼	藤原頼任ですね	Editional	
藤原	藤原頼任ですね	Editional	
右	藤原頼任ですね	Editional	
丹波	藤原頼任ですね	Editional	
月	藤原忠家ですね	Editional	
藤原	藤原忠家ですね	Editional	
大納言	藤原忠家ですね	Editional	
忠	藤原忠家ですね	Editional	
権	藤原忠家ですね	Editional	
武石	武石胤盛ですね	Editional	
胤	武石胤盛ですね	Editional	
盛	武石胤盛ですね	Editional	
亘理	武石胤盛ですね	Editional	
千葉	武石胤盛ですね	Editional	
教授	川合章ですね	Editional	
川合	川合章ですね	Editional	
章	川合章ですね	Editional	
月	川合章ですね	Editional	
日本	川合章ですね	Editional	
郡	ローレンス郡 (アーカンソー州)ですね	Editional	
人口	ローレンス郡 (アーカンソー州)ですね	Editional	
ローレンス	ローレンス郡 (アーカンソー州)ですね	Editional	
国勢調査	ローレンス郡 (アーカンソー州)ですね	Editional	
アーカンソー	ローレンス郡 (アーカンソー州)ですね	Editional	
伊	伊ケ崎暁生ですね	Editional	
崎	伊ケ崎暁生ですね	Editional	
暁生	伊ケ崎暁生ですね	Editional	
い	伊ケ崎暁生ですね	Editional	
月	伊ケ崎暁生ですね	Editional	
明治大学	別府昭郎ですね	Editional	
大学	別府昭郎ですね	Editional	
課程	別府昭郎ですね	Editional	
講師	別府昭郎ですね	Editional	
広島大学	別府昭郎ですね	Editional	
持田	持田栄一ですね	Editional	
栄一	持田栄一ですね	Editional	
月	持田栄一ですね	Editional	
もち	持田栄一ですね	Editional	
えい	持田栄一ですね	Editional	
藤原	藤原隆経ですね	Editional	
隆	藤原隆経ですね	Editional	
経	藤原隆経ですね	Editional	
美濃	藤原隆経ですね	Editional	
守	藤原隆経ですね	Editional	
ミケランジェロ	ミケランジェロの暗号ですね	Editional	
暗号	ミケランジェロの暗号ですね	Editional	
映画	ミケランジェロの暗号ですね	Editional	
ナチス	ミケランジェロの暗号ですね	Editional	
ドイツ	ミケランジェロの暗号ですね	Editional	
月	おねだり豊ですね	Editional	
芸能	おねだり豊ですね	Editional	
森脇	おねだり豊ですね	Editional	
豊	おねだり豊ですね	Editional	
時代	おねだり豊ですね	Editional	
藤原	藤原大滝ですね	Editional	
陸奥	藤原大滝ですね	Editional	
大滝	藤原大滝ですね	Editional	
官位	藤原大滝ですね	Editional	
大学	藤原大滝ですね	Editional	
教授	海老原治善ですね	Editional	
海老原	海老原治善ですね	Editional	
治	海老原治善ですね	Editional	
善	海老原治善ですね	Editional	
月	海老原治善ですね	Editional	
藤原	藤原全子ですね	Editional	
全子	藤原全子ですね	Editional	
月	藤原全子ですね	Editional	
久安	藤原全子ですね	Editional	
俊	藤原全子ですね	Editional	
前沢	前沢氏ですね	Editional	
胤	前沢氏ですね	Editional	
佐竹	前沢氏ですね	Editional	
城主	前沢氏ですね	Editional	
系譜	前沢氏ですね	Editional	
李	李始榮ですね	Editional	
大統領	李始榮ですね	Editional	
始	李始榮ですね	Editional	
朝鮮	李始榮ですね	Editional	
政権	李始榮ですね	Editional	
東京	木下一雄ですね	Editional	
学校	木下一雄ですね	Editional	
木下	木下一雄ですね	Editional	
師範	木下一雄ですね	Editional	
一雄	木下一雄ですね	Editional	
藤原	藤原宗善ですね	Editional	
尾張	藤原宗善ですね	Editional	
宗	藤原宗善ですね	Editional	
善	藤原宗善ですね	Editional	
守	藤原宗善ですね	Editional	
ミツコ	ミツコ感覚ですね	Editional	
感覚	ミツコ感覚ですね	Editional	
日本	ミツコ感覚ですね	Editional	
映画	ミツコ感覚ですね	Editional	
月	ミツコ感覚ですね	Editional	
神学	ウィリアム・ハミルトン (神学者)ですね	Editional	
ハミルトン	ウィリアム・ハミルトン (神学者)ですね	Editional	
大学	ウィリアム・ハミルトン (神学者)ですね	Editional	
主義	ウィリアム・ハミルトン (神学者)ですね	Editional	
アメリカ合衆国	ウィリアム・ハミルトン (神学者)ですね	Editional	
尹	尹永善ですね	Editional	
月	尹永善ですね	Editional	
永	尹永善ですね	Editional	
善	尹永善ですね	Editional	
朝鮮	尹永善ですね	Editional	
藤原	藤原正雄ですね	Editional	
正雄	藤原正雄ですね	Editional	
備前	藤原正雄ですね	Editional	
和	藤原正雄ですね	Editional	
肥前	藤原正雄ですね	Editional	
機関	王立バイエルン邦有鉄道PtL2/2型蒸気機関車ですね	Editional	
鉄道	王立バイエルン邦有鉄道PtL2/2型蒸気機関車ですね	Editional	
国鉄	王立バイエルン邦有鉄道PtL2/2型蒸気機関車ですね	Editional	
バイエルン	王立バイエルン邦有鉄道PtL2/2型蒸気機関車ですね	Editional	
ドイツ	王立バイエルン邦有鉄道PtL2/2型蒸気機関車ですね	Editional	
月	占部雄貞ですね	Editional	
占部	占部雄貞ですね	Editional	
雄	占部雄貞ですね	Editional	
貞	占部雄貞ですね	Editional	
宮	占部雄貞ですね	Editional	
すず	若菜すずですね	Editional	
若菜	若菜すずですね	Editional	
月	若菜すずですね	Editional	
女優	若菜すずですね	Editional	
日本	若菜すずですね	Editional	
晴湖	費晴湖ですね	Editional	
画	費晴湖ですね	Editional	
長崎	費晴湖ですね	Editional	
画家	費晴湖ですね	Editional	
名	費晴湖ですね	Editional	
雲	矢吹璋雲ですね	Editional	
名古屋	矢吹璋雲ですね	Editional	
璋	矢吹璋雲ですね	Editional	
月	矢吹璋雲ですね	Editional	
愛知	矢吹璋雲ですね	Editional	
西郡	西郡局ですね	Editional	
家康	西郡局ですね	Editional	
鵜殿	西郡局ですね	Editional	
池田	西郡局ですね	Editional	
輝政	西郡局ですね	Editional	
ロシア	ユーリー・アイヘンワリドですね	Editional	
月	ユーリー・アイヘンワリドですね	Editional	
印象	ユーリー・アイヘンワリドですね	Editional	
作家	ユーリー・アイヘンワリドですね	Editional	
ユーリー	ユーリー・アイヘンワリドですね	Editional	
光一郎	高味光一郎ですね	Editional	
月	高味光一郎ですね	Editional	
味	高味光一郎ですね	Editional	
たかみ	高味光一郎ですね	Editional	
こういちろう	高味光一郎ですね	Editional	
張	張岱ですね	Editional	
劉	張岱ですね	Editional	
呉	張岱ですね	Editional	
太守	張岱ですね	Editional	
将軍	張岱ですね	Editional	
桜田	桜田昌三ですね	Editional	
昌三	桜田昌三ですね	Editional	
さくら	桜田昌三ですね	Editional	
月	桜田昌三ですね	Editional	
日本	桜田昌三ですね	Editional	
右	佐伯雄勝ですね	Editional	
佐伯	佐伯雄勝ですね	Editional	
馬頭	佐伯雄勝ですね	Editional	
親王	佐伯雄勝ですね	Editional	
天	佐伯雄勝ですね	Editional	
坂本	坂本光男ですね	Editional	
光男	坂本光男ですね	Editional	
日本	坂本光男ですね	Editional	
埼玉	坂本光男ですね	Editional	
映画	坂本光男ですね	Editional	
澤井	澤井晋介ですね	Editional	
晋	澤井晋介ですね	Editional	
しん	澤井晋介ですね	Editional	
月	澤井晋介ですね	Editional	
日本	澤井晋介ですね	Editional	
戸塚	戸塚廉ですね	Editional	
掛川	戸塚廉ですね	Editional	
新聞	戸塚廉ですね	Editional	
廉	戸塚廉ですね	Editional	
月	戸塚廉ですね	Editional	
寺岡	寺岡勝則ですね	Editional	
勝則	寺岡勝則ですね	Editional	
のり	寺岡勝則ですね	Editional	
昭和	寺岡勝則ですね	Editional	
月	寺岡勝則ですね	Editional	
和	文室助雄ですね	Editional	
文室	文室助雄ですね	Editional	
丹波	文室助雄ですね	Editional	
守	文室助雄ですね	Editional	
助雄	文室助雄ですね	Editional	
教	藤原実教ですね	Editional	
藤原	藤原実教ですね	Editional	
中納言	藤原実教ですね	Editional	
公卿	藤原実教ですね	Editional	
右	藤原実教ですね	Editional	
ジャック	ジャック・チャーチルですね	Editional	
バグ	ジャック・チャーチルですね	Editional	
パイプ	ジャック・チャーチルですね	Editional	
コマンド	ジャック・チャーチルですね	Editional	
部隊	ジャック・チャーチルですね	Editional	
高瀬	高瀬一樹ですね	Editional	
一樹	高瀬一樹ですね	Editional	
月	高瀬一樹ですね	Editional	
日本	高瀬一樹ですね	Editional	
東京	高瀬一樹ですね	Editional	
ベスト	彭立尭ですね	Editional	
囲碁	彭立尭ですね	Editional	
全国	彭立尭ですね	Editional	
世界	彭立尭ですね	Editional	
中国	彭立尭ですね	Editional	
インターチェンジ	金御岳インターチェンジですね	Editional	
都城	金御岳インターチェンジですね	Editional	
御岳	金御岳インターチェンジですね	Editional	
金	金御岳インターチェンジですね	Editional	
かねみ	金御岳インターチェンジですね	Editional	
梶原	梶原涼晴ですね	Editional	
涼	梶原涼晴ですね	Editional	
晴	梶原涼晴ですね	Editional	
かじ	梶原涼晴ですね	Editional	
わら	梶原涼晴ですね	Editional	
源	源高雅ですね	Editional	
藤原	源高雅ですね	Editional	
道長	源高雅ですね	Editional	
守	源高雅ですね	Editional	
高雅	源高雅ですね	Editional	
ミシェル	ル・モン＝サン＝ミシェルですね	Editional	
サン	ル・モン＝サン＝ミシェルですね	Editional	
修道院	ル・モン＝サン＝ミシェルですね	Editional	
モン	ル・モン＝サン＝ミシェルですね	Editional	
客	ル・モン＝サン＝ミシェルですね	Editional	
藤原	藤原経通ですね	Editional	
経	藤原経通ですね	Editional	
公卿	藤原経通ですね	Editional	
帥	藤原経通ですね	Editional	
ふじ	藤原経通ですね	Editional	
安原	安原和見ですね	Editional	
和見	安原和見ですね	Editional	
やす	安原和見ですね	Editional	
かずみ	安原和見ですね	Editional	
日本	安原和見ですね	Editional	
月	一色誠一ですね	Editional	
社長	一色誠一ですね	Editional	
一色	一色誠一ですね	Editional	
誠一	一色誠一ですね	Editional	
株式会社	一色誠一ですね	Editional	
石油	木村康ですね	Editional	
会長	木村康ですね	Editional	
木村	木村康ですね	Editional	
康	木村康ですね	Editional	
株式会社	木村康ですね	Editional	
近田	近田鳶迩ですね	Editional	
鳶	近田鳶迩ですね	Editional	
迩	近田鳶迩ですね	Editional	
東京	近田鳶迩ですね	Editional	
新人	近田鳶迩ですね	Editional	
中村	中村みしんですね	Editional	
しん	中村みしんですね	Editional	
東京	中村みしんですね	Editional	
新人	中村みしんですね	Editional	
佳作	中村みしんですね	Editional	
天野	天野暁月ですね	Editional	
月	天野暁月ですね	Editional	
暁	天野暁月ですね	Editional	
あま	天野暁月ですね	Editional	
新人	天野暁月ですね	Editional	
教授	宮澤康人ですね	Editional	
東京大学	宮澤康人ですね	Editional	
学部	宮澤康人ですね	Editional	
宮澤	宮澤康人ですね	Editional	
康人	宮澤康人ですね	Editional	
サッカー	山村佑樹ですね	Editional	
山村	山村佑樹ですね	Editional	
佑	山村佑樹ですね	Editional	
月	山村佑樹ですね	Editional	
選手	山村佑樹ですね	Editional	
法人	安井香一ですね	Editional	
安井	安井香一ですね	Editional	
香	安井香一ですね	Editional	
一般	安井香一ですね	Editional	
財団	安井香一ですね	Editional	
加藤	加藤宣明ですね	Editional	
宣明	加藤宣明ですね	Editional	
かとう	加藤宣明ですね	Editional	
のぶ	加藤宣明ですね	Editional	
昭和	加藤宣明ですね	Editional	
日	コンスタンチン・スメタニンですね	Editional	
月	コンスタンチン・スメタニンですね	Editional	
条約	コンスタンチン・スメタニンですね	Editional	
ソ	コンスタンチン・スメタニンですね	Editional	
大使	コンスタンチン・スメタニンですね	Editional	
川崎	川崎勉ですね	Editional	
勉	川崎勉ですね	Editional	
月	川崎勉ですね	Editional	
日本	川崎勉ですね	Editional	
検事	川崎勉ですね	Editional	
聖	聖闘士星矢Ω登場人物一覧ですね	Editional	
闘士	聖闘士星矢Ω登場人物一覧ですね	Editional	
衣	聖闘士星矢Ω登場人物一覧ですね	Editional	
矢	聖闘士星矢Ω登場人物一覧ですね	Editional	
鋼鉄	聖闘士星矢Ω登場人物一覧ですね	Editional	
高杉	高杉晋一ですね	Editional	
晋一	高杉晋一ですね	Editional	
月	高杉晋一ですね	Editional	
たか	高杉晋一ですね	Editional	
しん	高杉晋一ですね	Editional	
鄭	鄭氏湖城殿内ですね	Editional	
古波蔵	鄭氏湖城殿内ですね	Editional	
士族	鄭氏湖城殿内ですね	Editional	
親方	鄭氏湖城殿内ですね	Editional	
城殿	鄭氏湖城殿内ですね	Editional	
小学校	酒田市立亀城小学校ですね	Editional	
酒田	酒田市立亀城小学校ですね	Editional	
市立	酒田市立亀城小学校ですね	Editional	
本校	酒田市立亀城小学校ですね	Editional	
月	酒田市立亀城小学校ですね	Editional	
教授	大岡敏昭ですね	Editional	
住宅	大岡敏昭ですね	Editional	
大岡	大岡敏昭ですね	Editional	
敏昭	大岡敏昭ですね	Editional	
日本	大岡敏昭ですね	Editional	
三島	檄 (三島由紀夫)ですね	Editional	
自衛隊	檄 (三島由紀夫)ですね	Editional	
檄	檄 (三島由紀夫)ですね	Editional	
日本	檄 (三島由紀夫)ですね	Editional	
月	檄 (三島由紀夫)ですね	Editional	
翁	翁氏永山殿内ですね	Editional	
永山	翁氏永山殿内ですね	Editional	
盛	翁氏永山殿内ですね	Editional	
地頭	翁氏永山殿内ですね	Editional	
親方	翁氏永山殿内ですね	Editional	
二見	二見虎三郎ですね	Editional	
河井	二見虎三郎ですね	Editional	
虎三	二見虎三郎ですね	Editional	
郎	二見虎三郎ですね	Editional	
藩士	二見虎三郎ですね	Editional	
レンガ	龍憲セラーですね	Editional	
龍	龍憲セラーですね	Editional	
憲	龍憲セラーですね	Editional	
ワイン	龍憲セラーですね	Editional	
明治	龍憲セラーですね	Editional	
小山	小山正 (映画評論家)ですね	Editional	
正	小山正 (映画評論家)ですね	Editional	
映画	小山正 (映画評論家)ですね	Editional	
テレビ	小山正 (映画評論家)ですね	Editional	
プロデューサー	小山正 (映画評論家)ですね	Editional	
言語	中村桃子 (言語学者)ですね	Editional	
中村	中村桃子 (言語学者)ですね	Editional	
桃子	中村桃子 (言語学者)ですね	Editional	
学者	中村桃子 (言語学者)ですね	Editional	
関東学院大学	中村桃子 (言語学者)ですね	Editional	
歌手	シャーリー・バッシーですね	Editional	
イギリス	シャーリー・バッシーですね	Editional	
女性	シャーリー・バッシーですね	Editional	
ボンド	シャーリー・バッシーですね	Editional	
テーマ	シャーリー・バッシーですね	Editional	
ワイン	宮光園ですね	Editional	
ブドウ	宮光園ですね	Editional	
宮崎	宮光園ですね	Editional	
宮	宮光園ですね	Editional	
光太郎	宮光園ですね	Editional	
ハミド	ハミド・スーリヤンですね	Editional	
ローマ字	ハミド・スーリヤンですね	Editional	
月	ハミド・スーリヤンですね	Editional	
イラン	ハミド・スーリヤンですね	Editional	
レスリング	ハミド・スーリヤンですね	Editional	
団体	三宅諒ですね	Editional	
大会	三宅諒ですね	Editional	
アジア	三宅諒ですね	Editional	
個人	三宅諒ですね	Editional	
フルーレ	三宅諒ですね	Editional	
アクション	屋敷紘子ですね	Editional	
月	屋敷紘子ですね	Editional	
映画	屋敷紘子ですね	Editional	
屋敷	屋敷紘子ですね	Editional	
紘子	屋敷紘子ですね	Editional	
郡	キャロル郡 (アーカンソー州)ですね	Editional	
キャロル	キャロル郡 (アーカンソー州)ですね	Editional	
アーカンソー	キャロル郡 (アーカンソー州)ですね	Editional	
人口	キャロル郡 (アーカンソー州)ですね	Editional	
アメリカ合衆国	キャロル郡 (アーカンソー州)ですね	Editional	
郡	バクスター郡 (アーカンソー州)ですね	Editional	
バクスター	バクスター郡 (アーカンソー州)ですね	Editional	
アーカンソー	バクスター郡 (アーカンソー州)ですね	Editional	
人口	バクスター郡 (アーカンソー州)ですね	Editional	
国勢調査	バクスター郡 (アーカンソー州)ですね	Editional	
郡	フルトン郡 (アーカンソー州)ですね	Editional	
人口	フルトン郡 (アーカンソー州)ですね	Editional	
フルトン	フルトン郡 (アーカンソー州)ですね	Editional	
アーカンソー	フルトン郡 (アーカンソー州)ですね	Editional	
国勢調査	フルトン郡 (アーカンソー州)ですね	Editional	
海軍	飯倉貞造ですね	Editional	
月	飯倉貞造ですね	Editional	
航空	飯倉貞造ですね	Editional	
飯倉	飯倉貞造ですね	Editional	
武部	飯倉貞造ですね	Editional	
郡	クレイ郡 (アーカンソー州)ですね	Editional	
クレイ	クレイ郡 (アーカンソー州)ですね	Editional	
アーカンソー	クレイ郡 (アーカンソー州)ですね	Editional	
所在地	クレイ郡 (アーカンソー州)ですね	Editional	
トン	クレイ郡 (アーカンソー州)ですね	Editional	
さとう	さとう未知子ですね	Editional	
知子	さとう未知子ですね	Editional	
未知子	さとう未知子ですね	Editional	
みちこ	さとう未知子ですね	Editional	
月	さとう未知子ですね	Editional	
朝霞	朝霞市立朝霞第九小学校ですね	Editional	
小学校	朝霞市立朝霞第九小学校ですね	Editional	
市立	朝霞市立朝霞第九小学校ですね	Editional	
子	朝霞市立朝霞第九小学校ですね	Editional	
りつ	朝霞市立朝霞第九小学校ですね	Editional	
ママ	三島由紀夫レター教室ですね	Editional	
氷	三島由紀夫レター教室ですね	Editional	
手紙	三島由紀夫レター教室ですね	Editional	
三島	三島由紀夫レター教室ですね	Editional	
トビ	三島由紀夫レター教室ですね	Editional	
吉野	吉野有佳ですね	Editional	
有佳	吉野有佳ですね	Editional	
よし	吉野有佳ですね	Editional	
ゆか	吉野有佳ですね	Editional	
月	吉野有佳ですね	Editional	
折原	折原怜ですね	Editional	
怜	折原怜ですね	Editional	
おり	折原怜ですね	Editional	
月	折原怜ですね	Editional	
広島	折原怜ですね	Editional	
月	ボリス・トマシェフスキーですね	Editional	
人物	ボリス・トマシェフスキーですね	Editional	
ボリス	ボリス・トマシェフスキーですね	Editional	
ユリウス	ボリス・トマシェフスキーですね	Editional	
サンクトペテルブルク	ボリス・トマシェフスキーですね	Editional	
竹下	竹下かおりですね	Editional	
かおり	竹下かおりですね	Editional	
たけ	竹下かおりですね	Editional	
月	竹下かおりですね	Editional	
大阪	竹下かおりですね	Editional	
松井	松井理子ですね	Editional	
理子	松井理子ですね	Editional	
月	松井理子ですね	Editional	
大阪	松井理子ですね	Editional	
まつい	松井理子ですね	Editional	
教授	石川吉右衛門ですね	Editional	
委員	石川吉右衛門ですね	Editional	
法学部	石川吉右衛門ですね	Editional	
東京大学	石川吉右衛門ですね	Editional	
会長	石川吉右衛門ですね	Editional	
教授	長谷川強ですね	Editional	
長谷川	長谷川強ですね	Editional	
強	長谷川強ですね	Editional	
国文学研究資料館	長谷川強ですね	Editional	
はせがわ	長谷川強ですね	Editional	
見附	見附絵莉ですね	Editional	
警察官	見附絵莉ですね	Editional	
大阪	見附絵莉ですね	Editional	
巡査	見附絵莉ですね	Editional	
絵莉	見附絵莉ですね	Editional	
教授	江本裕ですね	Editional	
江本	江本裕ですね	Editional	
裕	江本裕ですね	Editional	
大妻女子大学	江本裕ですね	Editional	
助教授	江本裕ですね	Editional	
月	内海大輔ですね	Editional	
内海	内海大輔ですね	Editional	
大輔	内海大輔ですね	Editional	
うつ	内海大輔ですね	Editional	
だい	内海大輔ですね	Editional	
教授	渡辺守邦ですね	Editional	
渡辺	渡辺守邦ですね	Editional	
守	渡辺守邦ですね	Editional	
邦	渡辺守邦ですね	Editional	
日本	渡辺守邦ですね	Editional	
アカシア	Green/アカシア 〜持田香織×JOURNAL STANDARD Special CD BOX〜ですね	Editional	
持田	Green/アカシア 〜持田香織×JOURNAL STANDARD Special CD BOX〜ですね	Editional	
香織	Green/アカシア 〜持田香織×JOURNAL STANDARD Special CD BOX〜ですね	Editional	
雑誌	Green/アカシア 〜持田香織×JOURNAL STANDARD Special CD BOX〜ですね	Editional	
シングル	Green/アカシア 〜持田香織×JOURNAL STANDARD Special CD BOX〜ですね	Editional	
さく	山田さくやですね	Editional	
山田	山田さくやですね	Editional	
やまだ	山田さくやですね	Editional	
女性	山田さくやですね	Editional	
月	山田さくやですね	Editional	
月	紗倉まなですね	Editional	
女優	紗倉まなですね	Editional	
作品	紗倉まなですね	Editional	
紗倉	紗倉まなですね	Editional	
最優秀	紗倉まなですね	Editional	
鶴賀	鶴賀二郎ですね	Editional	
二郎	鶴賀二郎ですね	Editional	
沢田	鶴賀二郎ですね	Editional	
妻	鶴賀二郎ですね	Editional	
金井	鶴賀二郎ですね	Editional	
日本	玉井正寿ですね	Editional	
玉井	玉井正寿ですね	Editional	
正	玉井正寿ですね	Editional	
寿	玉井正寿ですね	Editional	
バリュー	玉井正寿ですね	Editional	
月	坂本弘ですね	Editional	
アナウンサー	坂本弘ですね	Editional	
福島中央テレビ	坂本弘ですね	Editional	
坂本	坂本弘ですね	Editional	
弘	坂本弘ですね	Editional	
教授	舟越康寿ですね	Editional	
学校	舟越康寿ですね	Editional	
経済	舟越康寿ですね	Editional	
大学	舟越康寿ですね	Editional	
舟越	舟越康寿ですね	Editional	
ドラマ	負けて、勝つ 〜戦後を創った男・吉田茂〜ですね	Editional	
吉田	負けて、勝つ 〜戦後を創った男・吉田茂〜ですね	Editional	
茂	負けて、勝つ 〜戦後を創った男・吉田茂〜ですね	Editional	
月	負けて、勝つ 〜戦後を創った男・吉田茂〜ですね	Editional	
男	負けて、勝つ 〜戦後を創った男・吉田茂〜ですね	Editional	
小説	本所次郎ですね	Editional	
本所	本所次郎ですね	Editional	
次郎	本所次郎ですね	Editional	
月	本所次郎ですね	Editional	
ほん	本所次郎ですね	Editional	
オートレース	永井秀樹 (オートレース選手)ですね	Editional	
月	永井秀樹 (オートレース選手)ですね	Editional	
永井	永井秀樹 (オートレース選手)ですね	Editional	
秀樹	永井秀樹 (オートレース選手)ですね	Editional	
選手	永井秀樹 (オートレース選手)ですね	Editional	
藤原	藤原上子ですね	Editional	
上	藤原上子ですね	Editional	
時代	藤原上子ですね	Editional	
延	藤原上子ですね	Editional	
ふじ	藤原上子ですね	Editional	
鍾馗	鍾馗半兵衛ですね	Editional	
半兵衛	鍾馗半兵衛ですね	Editional	
旗本奴	鍾馗半兵衛ですね	Editional	
矢	鍾馗半兵衛ですね	Editional	
歌川	鍾馗半兵衛ですね	Editional	
藤原	藤原定文ですね	Editional	
定	藤原定文ですね	Editional	
文	藤原定文ですね	Editional	
右	藤原定文ですね	Editional	
馬頭	藤原定文ですね	Editional	
寛平	藤原定国ですね	Editional	
藤原	藤原定国ですね	Editional	
月	藤原定国ですね	Editional	
醍醐天皇	藤原定国ですね	Editional	
蔵人	藤原定国ですね	Editional	
日本	淡路卓ですね	Editional	
淡路	淡路卓ですね	Editional	
選手	淡路卓ですね	Editional	
オリンピック	淡路卓ですね	Editional	
蒲	淡路卓ですね	Editional	
日本	太田慶太郎ですね	Editional	
杢太郎	太田慶太郎ですね	Editional	
太田	太田慶太郎ですね	Editional	
月	太田慶太郎ですね	Editional	
木下	太田慶太郎ですね	Editional	
教授	鈴木重生ですね	Editional	
鈴木	鈴木重生ですね	Editional	
重	鈴木重生ですね	Editional	
中央大学	鈴木重生ですね	Editional	
すずき	鈴木重生ですね	Editional	
京本	京本大我ですね	Editional	
ギター	京本大我ですね	Editional	
自分	京本大我ですね	Editional	
父親	京本大我ですね	Editional	
滝沢	京本大我ですね	Editional	
教授	長谷川政春ですね	Editional	
長谷川	長谷川政春ですね	Editional	
政春	長谷川政春ですね	Editional	
清泉女子大学	長谷川政春ですね	Editional	
國學院大學	長谷川政春ですね	Editional	
ひと	まいけるひとしですね	Editional	
日本	まいけるひとしですね	Editional	
写真	まいけるひとしですね	Editional	
香川	まいけるひとしですね	Editional	
高松	まいけるひとしですね	Editional	
函数	汎函数計算ですね	Editional	
多項式	汎函数計算ですね	Editional	
作用素	汎函数計算ですね	Editional	
汎	汎函数計算ですね	Editional	
数値	汎函数計算ですね	Editional	
羽里	羽里早紀子ですね	Editional	
早紀子	羽里早紀子ですね	Editional	
月	羽里早紀子ですね	Editional	
日本	羽里早紀子ですね	Editional	
女優	羽里早紀子ですね	Editional	
中村	中村彰ですね	Editional	
彰	中村彰ですね	Editional	
なか	中村彰ですね	Editional	
むら	中村彰ですね	Editional	
七瀬	七瀬里帆ですね	Editional	
里	七瀬里帆ですね	Editional	
帆	七瀬里帆ですね	Editional	
日本	七瀬里帆ですね	Editional	
女優	七瀬里帆ですね	Editional	
函数	汎函数微分ですね	Editional	
汎	汎函数微分ですね	Editional	
密度	汎函数微分ですね	Editional	
一般	汎函数微分ですね	Editional	
空間	汎函数微分ですね	Editional	
野村	野村伸一ですね	Editional	
伸一	野村伸一ですね	Editional	
大学	野村伸一ですね	Editional	
教授	野村伸一ですね	Editional	
慶大	野村伸一ですね	Editional	
安田	安田依央ですね	Editional	
央	安田依央ですね	Editional	
やす	安田依央ですね	Editional	
小説	安田依央ですね	Editional	
司法	安田依央ですね	Editional	
時代	天野隆子ですね	Editional	
天野	天野隆子ですね	Editional	
隆子	天野隆子ですね	Editional	
テレビ	天野隆子ですね	Editional	
小説	天野隆子ですね	Editional	
文化財	星野紘ですね	Editional	
星野	星野紘ですね	Editional	
紘	星野紘ですね	Editional	
日本	星野紘ですね	Editional	
東京	星野紘ですね	Editional	
芳賀	芳賀日出男ですね	Editional	
日出男	芳賀日出男ですね	Editional	
日本	芳賀日出男ですね	Editional	
写真	芳賀日出男ですね	Editional	
民俗	芳賀日出男ですね	Editional	
丹野	丹野顕ですね	Editional	
たん	丹野顕ですね	Editional	
時代	丹野顕ですね	Editional	
文筆	丹野顕ですね	Editional	
顕	丹野顕ですね	Editional	
健吾	王狼伝ですね	Editional	
王	王狼伝ですね	Editional	
狼	王狼伝ですね	Editional	
世紀	王狼伝ですね	Editional	
白泉社	王狼伝ですね	Editional	
ビリー	ビリー・ザ・ヒッツですね	Editional	
ジョエル	ビリー・ザ・ヒッツですね	Editional	
本	ビリー・ザ・ヒッツですね	Editional	
本国	ビリー・ザ・ヒッツですね	Editional	
アメリカ	ビリー・ザ・ヒッツですね	Editional	
たい	たいらまさおですね	Editional	
まさお	たいらまさおですね	Editional	
平	たいらまさおですね	Editional	
本名	たいらまさおですね	Editional	
正夫	たいらまさおですね	Editional	
晋	晋遊舎新書ですね	Editional	
新書	晋遊舎新書ですね	Editional	
レーベル	晋遊舎新書ですね	Editional	
しん	晋遊舎新書ですね	Editional	
安部	晋遊舎新書ですね	Editional	
取締役	ミハイル・アブィゾフですね	Editional	
政府	ミハイル・アブィゾフですね	Editional	
月	ミハイル・アブィゾフですね	Editional	
ロシア	ミハイル・アブィゾフですね	Editional	
大臣	ミハイル・アブィゾフですね	Editional	
月	ホセ・アルトゥーベですね	Editional	
打率	ホセ・アルトゥーベですね	Editional	
本塁打	ホセ・アルトゥーベですね	Editional	
安打	ホセ・アルトゥーベですね	Editional	
シーズン	ホセ・アルトゥーベですね	Editional	
中園	中園理沙ですね	Editional	
理沙	中園理沙ですね	Editional	
音楽	中園理沙ですね	Editional	
ピアノ	中園理沙ですね	Editional	
なか	中園理沙ですね	Editional	
教授	伊藤和衛ですね	Editional	
伊藤	伊藤和衛ですね	Editional	
和衛	伊藤和衛ですね	Editional	
東京教育大学	伊藤和衛ですね	Editional	
いとう	伊藤和衛ですね	Editional	
丹羽	丹羽五郎 (開拓者)ですね	Editional	
会津	丹羽五郎 (開拓者)ですね	Editional	
明治	丹羽五郎 (開拓者)ですね	Editional	
藩士	丹羽五郎 (開拓者)ですね	Editional	
五郎	丹羽五郎 (開拓者)ですね	Editional	
シングル	アフロディーテ (山崎まさよしの曲)ですね	Editional	
月	アフロディーテ (山崎まさよしの曲)ですね	Editional	
楽曲	アフロディーテ (山崎まさよしの曲)ですね	Editional	
夏	アフロディーテ (山崎まさよしの曲)ですね	Editional	
ソング	アフロディーテ (山崎まさよしの曲)ですね	Editional	
武部	武部宏の日曜とーくですね	Editional	
宏	武部宏の日曜とーくですね	Editional	
京都	武部宏の日曜とーくですね	Editional	
ラジオ	武部宏の日曜とーくですね	Editional	
アシスタント	武部宏の日曜とーくですね	Editional	
消防署	河東消防署ですね	Editional	
河東	河東消防署ですね	Editional	
慶尚南道	河東消防署ですね	Editional	
消防	河東消防署ですね	Editional	
本部	河東消防署ですね	Editional	
バスケットボール	黒岩元希ですね	Editional	
黒	黒岩元希ですね	Editional	
岩元	黒岩元希ですね	Editional	
希	黒岩元希ですね	Editional	
黒岩	黒岩元希ですね	Editional	
神奈川	青木晋平ですね	Editional	
県立	青木晋平ですね	Editional	
秦野	青木晋平ですね	Editional	
学校	青木晋平ですね	Editional	
世界	青木晋平ですね	Editional	
深沢	深沢一夫ですね	Editional	
一夫	深沢一夫ですね	Editional	
作家	深沢一夫ですね	Editional	
シナリオ	深沢一夫ですね	Editional	
横浜	深沢一夫ですね	Editional	
チャールズ	ヘンリー・ベネット (初代アーリントン伯)ですね	Editional	
フランス	ヘンリー・ベネット (初代アーリントン伯)ですね	Editional	
公	ヘンリー・ベネット (初代アーリントン伯)ですね	Editional	
王	ヘンリー・ベネット (初代アーリントン伯)ですね	Editional	
オランダ	ヘンリー・ベネット (初代アーリントン伯)ですね	Editional	
文学	松澤和宏ですね	Editional	
名古屋大学	松澤和宏ですね	Editional	
文学部	松澤和宏ですね	Editional	
博士	松澤和宏ですね	Editional	
松澤	松澤和宏ですね	Editional	
天	源清蔭ですね	Editional	
月	源清蔭ですね	Editional	
延喜	源清蔭ですね	Editional	
源	源清蔭ですね	Editional	
清	源清蔭ですね	Editional	
東京	岡田孝男ですね	Editional	
岡田	岡田孝男ですね	Editional	
月	岡田孝男ですね	Editional	
医学	岡田孝男ですね	Editional	
教授	岡田孝男ですね	Editional	
工学	福田宏 (工学者)ですね	Editional	
情報処理	福田宏 (工学者)ですね	Editional	
准	福田宏 (工学者)ですね	Editional	
教授	福田宏 (工学者)ですね	Editional	
情報	福田宏 (工学者)ですね	Editional	
吉村	吉村流ですね	Editional	
家元	吉村流ですね	Editional	
雄	吉村流ですね	Editional	
内弟子	吉村流ですね	Editional	
輝	吉村流ですね	Editional	
ピンク	ピンク・マルティーニですね	Editional	
マルティーニ	ピンク・マルティーニですね	Editional	
アメリカ合衆国	ピンク・マルティーニですね	Editional	
ジャズ	ピンク・マルティーニですね	Editional	
アンサンブル	ピンク・マルティーニですね	Editional	
鄭	鄭相永ですね	Editional	
永	鄭相永ですね	Editional	
月	鄭相永ですね	Editional	
韓国	鄭相永ですね	Editional	
企業	鄭相永ですね	Editional	
アンドリュース	ヘンリー・チャールズ・アンドリュースですね	Editional	
植物	ヘンリー・チャールズ・アンドリュースですね	Editional	
画家	ヘンリー・チャールズ・アンドリュースですね	Editional	
図版	ヘンリー・チャールズ・アンドリュースですね	Editional	
ヘンリー	ヘンリー・チャールズ・アンドリュースですね	Editional	
写真	山田實ですね	Editional	
沖縄	山田實ですね	Editional	
山田	山田實ですね	Editional	
那覇	山田實ですね	Editional	
實	山田實ですね	Editional	
教授	田中生夫ですね	Editional	
経済	田中生夫ですね	Editional	
田中	田中生夫ですね	Editional	
夫	田中生夫ですね	Editional	
月	田中生夫ですね	Editional	
丸	橋立丸ですね	Editional	
橋立	橋立丸ですね	Editional	
船団	橋立丸ですね	Editional	
捕鯨	橋立丸ですね	Editional	
月	橋立丸ですね	Editional	
バレーボール	張嫺ですね	Editional	
中国	張嫺ですね	Editional	
張	張嫺ですね	Editional	
女子	張嫺ですね	Editional	
ワールド	張嫺ですね	Editional	
アナウンサー	藤生恭子ですね	Editional	
オリックス	藤生恭子ですね	Editional	
藤生	藤生恭子ですね	Editional	
常総学院	藤生恭子ですね	Editional	
恭子	藤生恭子ですね	Editional	
天皇	仲野親王ですね	Editional	
親王	仲野親王ですね	Editional	
太守	仲野親王ですね	Editional	
天	仲野親王ですね	Editional	
墓	仲野親王ですね	Editional	
青木	青木潤太朗ですね	Editional	
潤	青木潤太朗ですね	Editional	
太朗	青木潤太朗ですね	Editional	
じゅん	青木潤太朗ですね	Editional	
日本	青木潤太朗ですね	Editional	
アメリカ	アルバート・ウェデマイヤーですね	Editional	
中国	アルバート・ウェデマイヤーですね	Editional	
月	アルバート・ウェデマイヤーですね	Editional	
陸軍	アルバート・ウェデマイヤーですね	Editional	
作戦	アルバート・ウェデマイヤーですね	Editional	
武部	武部宏ですね	Editional	
宏	武部宏ですね	Editional	
京都	武部宏ですね	Editional	
月	武部宏ですね	Editional	
小豆島	武部宏ですね	Editional	
郡	スコット郡 (ミズーリ州)ですね	Editional	
スコット	スコット郡 (ミズーリ州)ですね	Editional	
ミズーリ	スコット郡 (ミズーリ州)ですね	Editional	
州	スコット郡 (ミズーリ州)ですね	Editional	
アメリカ合衆国	スコット郡 (ミズーリ州)ですね	Editional	
京都大	加藤邦男ですね	Editional	
工学	加藤邦男ですね	Editional	
教授	加藤邦男ですね	Editional	
工学部	加藤邦男ですね	Editional	
加藤	加藤邦男ですね	Editional	
松本	松本桂樹ですね	Editional	
桂樹	松本桂樹ですね	Editional	
日本	松本桂樹ですね	Editional	
臨床	松本桂樹ですね	Editional	
心理	松本桂樹ですね	Editional	
議員	中西珠子ですね	Editional	
参議院	中西珠子ですね	Editional	
通常	中西珠子ですね	Editional	
中西	中西珠子ですね	Editional	
珠子	中西珠子ですね	Editional	
関口	関口鯉吉ですね	Editional	
東京	関口鯉吉ですね	Editional	
帝国	関口鯉吉ですね	Editional	
大学	関口鯉吉ですね	Editional	
鯉	関口鯉吉ですね	Editional	
椿	椿華谷ですね	Editional	
椿山	椿華谷ですね	Editional	
崋山	椿華谷ですね	Editional	
華	椿華谷ですね	Editional	
谷	椿華谷ですね	Editional	
シーズン	河合竜児ですね	Editional	
月	河合竜児ですね	Editional	
ヘッドコーチ	河合竜児ですね	Editional	
信州	河合竜児ですね	Editional	
日本	河合竜児ですね	Editional	
渡辺	渡辺如山ですね	Editional	
月	渡辺如山ですね	Editional	
崋山	渡辺如山ですね	Editional	
江戸	渡辺如山ですね	Editional	
五郎	渡辺如山ですね	Editional	
つつじ	群馬県道372号つつじが岡線ですね	Editional	
群馬	群馬県道372号つつじが岡線ですね	Editional	
岡	群馬県道372号つつじが岡線ですね	Editional	
道路	群馬県道372号つつじが岡線ですね	Editional	
館林	群馬県道372号つつじが岡線ですね	Editional	
月	唐橋在豊ですね	Editional	
任	唐橋在豊ですね	Editional	
唐橋	唐橋在豊ですね	Editional	
豊	唐橋在豊ですね	Editional	
内記	唐橋在豊ですね	Editional	
広瀬	広瀬友利子ですね	Editional	
友	広瀬友利子ですね	Editional	
利子	広瀬友利子ですね	Editional	
ニューヨーク	広瀬友利子ですね	Editional	
ひろ	広瀬友利子ですね	Editional	
石黒	石黒吉次郎ですね	Editional	
吉次郎	石黒吉次郎ですね	Editional	
専修大学	石黒吉次郎ですね	Editional	
教授	石黒吉次郎ですね	Editional	
じろう	石黒吉次郎ですね	Editional	
教授	金文京ですね	Editional	
文学	金文京ですね	Editional	
京都大	金文京ですね	Editional	
金	金文京ですね	Editional	
文京	金文京ですね	Editional	
月	五十嵐利恵ですね	Editional	
新潟	五十嵐利恵ですね	Editional	
テレビ	五十嵐利恵ですね	Editional	
中途	五十嵐利恵ですね	Editional	
五十嵐	五十嵐利恵ですね	Editional	
藤原	藤原守義ですね	Editional	
守	藤原守義ですね	Editional	
天	藤原守義ですね	Editional	
公卿	藤原守義ですね	Editional	
地方	藤原守義ですね	Editional	
月	ブランドン・レアードですね	Editional	
本塁打	ブランドン・レアードですね	Editional	
日本	ブランドン・レアードですね	Editional	
シーズン	ブランドン・レアードですね	Editional	
寿司	ブランドン・レアードですね	Editional	
月	クリス・スチュワートですね	Editional	
マイナー	クリス・スチュワートですね	Editional	
メジャー	クリス・スチュワートですね	Editional	
シーズン	クリス・スチュワートですね	Editional	
本塁打	クリス・スチュワートですね	Editional	
妻木	妻木頼保ですね	Editional	
頼	妻木頼保ですね	Editional	
月	妻木頼保ですね	Editional	
保	妻木頼保ですね	Editional	
宝永	妻木頼保ですね	Editional	
社会	大橋照枝ですね	Editional	
教授	大橋照枝ですね	Editional	
大橋	大橋照枝ですね	Editional	
照枝	大橋照枝ですね	Editional	
月	大橋照枝ですね	Editional	
江	倉敷市立帯江小学校ですね	Editional	
小学校	倉敷市立帯江小学校ですね	Editional	
倉敷	倉敷市立帯江小学校ですね	Editional	
帯	倉敷市立帯江小学校ですね	Editional	
市立	倉敷市立帯江小学校ですね	Editional	
葵	葵メディカルアカデミーですね	Editional	
メディカル	葵メディカルアカデミーですね	Editional	
アカデミー	葵メディカルアカデミーですね	Editional	
学校	葵メディカルアカデミーですね	Editional	
あおい	葵メディカルアカデミーですね	Editional	
雪	あしたの雪之丞ですね	Editional	
丞	あしたの雪之丞ですね	Editional	
ゆき	あしたの雪之丞ですね	Editional	
月	あしたの雪之丞ですね	Editional	
アダルト	あしたの雪之丞ですね	Editional	
藤原	藤原忠信 (三乃三位)ですね	Editional	
守	藤原忠信 (三乃三位)ですね	Editional	
忠信	藤原忠信 (三乃三位)ですね	Editional	
美濃	藤原忠信 (三乃三位)ですね	Editional	
月	藤原忠信 (三乃三位)ですね	Editional	
オリンピック	湯元進一ですね	Editional	
ロンドン	湯元進一ですね	Editional	
日本	湯元進一ですね	Editional	
レスリング	湯元進一ですね	Editional	
和歌山	湯元進一ですね	Editional	
竹島	李明博竹島上陸ですね	Editional	
韓国	李明博竹島上陸ですね	Editional	
李	李明博竹島上陸ですね	Editional	
明博	李明博竹島上陸ですね	Editional	
大統領	李明博竹島上陸ですね	Editional	
クラ	クラリサ・チャンですね	Editional	
リサ	クラリサ・チャンですね	Editional	
出身	クラリサ・チャンですね	Editional	
レスリング	クラリサ・チャンですね	Editional	
オリンピック	クラリサ・チャンですね	Editional	
日本	橋本雄ですね	Editional	
中世	橋本雄ですね	Editional	
国立	橋本雄ですね	Editional	
橋本	橋本雄ですね	Editional	
雄	橋本雄ですね	Editional	
月	山越享太郎ですね	Editional	
選手	山越享太郎ですね	Editional	
山越	山越享太郎ですね	Editional	
享	山越享太郎ですね	Editional	
太郎	山越享太郎ですね	Editional	
京都大	藤原辰史ですね	Editional	
農業	藤原辰史ですね	Editional	
科学	藤原辰史ですね	Editional	
人間	藤原辰史ですね	Editional	
藤原	藤原辰史ですね	Editional	
中川	Nsum 〜中川翔子がうたってみた!〜ですね	Editional	
翔子	Nsum 〜中川翔子がうたってみた!〜ですね	Editional	
ジャケット	Nsum 〜中川翔子がうたってみた!〜ですね	Editional	
人気	Nsum 〜中川翔子がうたってみた!〜ですね	Editional	
わし	Nsum 〜中川翔子がうたってみた!〜ですね	Editional	
選手	佐野夢加ですね	Editional	
陸上	佐野夢加ですね	Editional	
増穂	佐野夢加ですね	Editional	
走者	佐野夢加ですね	Editional	
佐野	佐野夢加ですね	Editional	
平野	平野克幸ですね	Editional	
克幸	平野克幸ですね	Editional	
ゆき	平野克幸ですね	Editional	
日本	平野克幸ですね	Editional	
男性	平野克幸ですね	Editional	
本	徳川美術館蔵伝行成筆本重之集ですね	Editional	
伝	徳川美術館蔵伝行成筆本重之集ですね	Editional	
重之	徳川美術館蔵伝行成筆本重之集ですね	Editional	
成	徳川美術館蔵伝行成筆本重之集ですね	Editional	
歌	徳川美術館蔵伝行成筆本重之集ですね	Editional	
郡	ストーン郡 (ミズーリ州)ですね	Editional	
ストーン	ストーン郡 (ミズーリ州)ですね	Editional	
州	ストーン郡 (ミズーリ州)ですね	Editional	
人口	ストーン郡 (ミズーリ州)ですね	Editional	
共和党	ストーン郡 (ミズーリ州)ですね	Editional	
夏井	夏井睦ですね	Editional	
月	夏井睦ですね	Editional	
外科	夏井睦ですね	Editional	
療法	夏井睦ですね	Editional	
湿潤	夏井睦ですね	Editional	
月	ヴラジーミル・ネミロヴィチ＝ダンチェンコですね	Editional	
演劇	ヴラジーミル・ネミロヴィチ＝ダンチェンコですね	Editional	
モスクワ	ヴラジーミル・ネミロヴィチ＝ダンチェンコですね	Editional	
ロシア	ヴラジーミル・ネミロヴィチ＝ダンチェンコですね	Editional	
大学	ヴラジーミル・ネミロヴィチ＝ダンチェンコですね	Editional	
三和	三水会ですね	Editional	
三水	三水会ですね	Editional	
グループ	三水会ですね	Editional	
社長	三水会ですね	Editional	
クローバー	三水会ですね	Editional	
クレイグ	クレイグ・ライアンですね	Editional	
ライアン	クレイグ・ライアンですね	Editional	
月	クレイグ・ライアンですね	Editional	
カリフォルニア	クレイグ・ライアンですね	Editional	
アメリカ合衆国	クレイグ・ライアンですね	Editional	
甲斐	穂坂路ですね	Editional	
武田	穂坂路ですね	Editional	
穂坂	穂坂路ですね	Editional	
龍	穂坂路ですね	Editional	
月	穂坂路ですね	Editional	
相原	相原四郎ですね	Editional	
海軍	相原四郎ですね	Editional	
航空	相原四郎ですね	Editional	
月	相原四郎ですね	Editional	
明治	相原四郎ですね	Editional	
松下	松下幹夫ですね	Editional	
脚本	松下幹夫ですね	Editional	
幹夫	松下幹夫ですね	Editional	
日本	松下幹夫ですね	Editional	
原作	松下幹夫ですね	Editional	
宝塚歌劇団	田中里衣ですね	Editional	
月	田中里衣ですね	Editional	
トップ	田中里衣ですね	Editional	
東京	田中里衣ですね	Editional	
千波	田中里衣ですね	Editional	
月	横田美菜ですね	Editional	
沖縄	横田美菜ですね	Editional	
映画	横田美菜ですね	Editional	
横田	横田美菜ですね	Editional	
美	横田美菜ですね	Editional	
韮崎	韮崎市立韮崎東中学校ですね	Editional	
市立	韮崎市立韮崎東中学校ですね	Editional	
東中	韮崎市立韮崎東中学校ですね	Editional	
学校	韮崎市立韮崎東中学校ですね	Editional	
りつ	韮崎市立韮崎東中学校ですね	Editional	
クラブ	アーサー・ジョンソンですね	Editional	
アーサー	アーサー・ジョンソンですね	Editional	
ジョンソン	アーサー・ジョンソンですね	Editional	
選手	アーサー・ジョンソンですね	Editional	
レ	アーサー・ジョンソンですね	Editional	
モスクワ	ウラジーミル・コロコリツェフですね	Editional	
警察	ウラジーミル・コロコリツェフですね	Editional	
ロシア	ウラジーミル・コロコリツェフですね	Editional	
内務	ウラジーミル・コロコリツェフですね	Editional	
内務省	ウラジーミル・コロコリツェフですね	Editional	
バス	横芝光町循環バスですね	Editional	
横芝	横芝光町循環バスですね	Editional	
光	横芝光町循環バスですね	Editional	
千葉	横芝光町循環バスですね	Editional	
ひかり	横芝光町循環バスですね	Editional	
月	五条為清ですね	Editional	
任	五条為清ですね	Editional	
五条	五条為清ですね	Editional	
清	五条為清ですね	Editional	
嘉吉	五条為清ですね	Editional	
雪	桜井雪館ですね	Editional	
画	桜井雪館ですね	Editional	
桜井	桜井雪館ですね	Editional	
雪舟	桜井雪館ですね	Editional	
月	桜井雪館ですね	Editional	
深野	深野香ですね	Editional	
香	深野香ですね	Editional	
英語	深野香ですね	Editional	
かおり	深野香ですね	Editional	
日本	深野香ですね	Editional	
日本	原中勝征ですね	Editional	
医師	原中勝征ですね	Editional	
会長	原中勝征ですね	Editional	
東京大学	原中勝征ですね	Editional	
医学部	原中勝征ですね	Editional	
医師	横倉義武ですね	Editional	
日本	横倉義武ですね	Editional	
会長	横倉義武ですね	Editional	
横倉	横倉義武ですね	Editional	
義武	横倉義武ですね	Editional	
医師	羽田春兔ですね	Editional	
昭和	羽田春兔ですね	Editional	
会長	羽田春兔ですね	Editional	
日本	羽田春兔ですね	Editional	
羽田	羽田春兔ですね	Editional	
日本	黒澤潤三ですね	Editional	
医師	黒澤潤三ですね	Editional	
会長	黒澤潤三ですね	Editional	
黒澤	黒澤潤三ですね	Editional	
潤	黒澤潤三ですね	Editional	
日本	藤田望ですね	Editional	
月	藤田望ですね	Editional	
ラグビー	藤田望ですね	Editional	
藤田	藤田望ですね	Editional	
望	藤田望ですね	Editional	
象潟	象潟地震ですね	Editional	
地震	象潟地震ですね	Editional	
津波	象潟地震ですね	Editional	
月	象潟地震ですね	Editional	
酒田	象潟地震ですね	Editional	
日本	北川俊澄ですね	Editional	
ラグビー	北川俊澄ですね	Editional	
月	北川俊澄ですね	Editional	
北川	北川俊澄ですね	Editional	
俊	北川俊澄ですね	Editional	
右門	右門捕物帖 (1969年のテレビドラマ)ですね	Editional	
劇	右門捕物帖 (1969年のテレビドラマ)ですね	Editional	
右	右門捕物帖 (1969年のテレビドラマ)ですね	Editional	
捕物	右門捕物帖 (1969年のテレビドラマ)ですね	Editional	
帖	右門捕物帖 (1969年のテレビドラマ)ですね	Editional	
鉱物	南部松夫ですね	Editional	
日本	南部松夫ですね	Editional	
鉱床	南部松夫ですね	Editional	
南部	南部松夫ですね	Editional	
学会	南部松夫ですね	Editional	
関	関雅夫ですね	Editional	
雅夫	関雅夫ですね	Editional	
せき	関雅夫ですね	Editional	
まさお	関雅夫ですね	Editional	
月	関雅夫ですね	Editional	
円堂	円堂都司昭ですね	Editional	
司	円堂都司昭ですね	Editional	
昭	円堂都司昭ですね	Editional	
日本	円堂都司昭ですね	Editional	
音楽	円堂都司昭ですね	Editional	
月	デビッド・アダムスですね	Editional	
メジャー	デビッド・アダムスですね	Editional	
傘下	デビッド・アダムスですね	Editional	
本塁打	デビッド・アダムスですね	Editional	
打率	デビッド・アダムスですね	Editional	
銃	木村銃太郎ですね	Editional	
月	木村銃太郎ですね	Editional	
砲術	木村銃太郎ですね	Editional	
木村	木村銃太郎ですね	Editional	
太郎	木村銃太郎ですね	Editional	
藤巻	光をあつめて (藤巻亮太の曲)ですね	Editional	
亮太	光をあつめて (藤巻亮太の曲)ですね	Editional	
光	光をあつめて (藤巻亮太の曲)ですね	Editional	
曲	光をあつめて (藤巻亮太の曲)ですね	Editional	
ひかり	光をあつめて (藤巻亮太の曲)ですね	Editional	
名古屋	杉浦友祐ですね	Editional	
クッキング	杉浦友祐ですね	Editional	
杉浦	杉浦友祐ですね	Editional	
友	杉浦友祐ですね	Editional	
祐	杉浦友祐ですね	Editional	
月	コール・デブリースですね	Editional	
コール	コール・デブリースですね	Editional	
ミネソタ	コール・デブリースですね	Editional	
右	コール・デブリースですね	Editional	
メジャー	コール・デブリースですね	Editional	
音楽	田村和紀夫ですね	Editional	
尚美	田村和紀夫ですね	Editional	
学園	田村和紀夫ですね	Editional	
大学	田村和紀夫ですね	Editional	
田村	田村和紀夫ですね	Editional	
鮎川	鮎川千里ですね	Editional	
千里	鮎川千里ですね	Editional	
女優	鮎川千里ですね	Editional	
あゆ	鮎川千里ですね	Editional	
ちさと	鮎川千里ですね	Editional	
デービス	ニコル・デービスですね	Editional	
大学	ニコル・デービスですね	Editional	
選手	ニコル・デービスですね	Editional	
カリフォルニア	ニコル・デービスですね	Editional	
バレーボール	ニコル・デービスですね	Editional	
古代	大城道則ですね	Editional	
エジプト	大城道則ですね	Editional	
大城	大城道則ですね	Editional	
道則	大城道則ですね	Editional	
駒澤大学	大城道則ですね	Editional	
植物	シャルル＝ルイ・レリティエ・ドゥ・ブリュテルですね	Editional	
アマチュア	シャルル＝ルイ・レリティエ・ドゥ・ブリュテルですね	Editional	
学者	シャルル＝ルイ・レリティエ・ドゥ・ブリュテルですね	Editional	
パリ	シャルル＝ルイ・レリティエ・ドゥ・ブリュテルですね	Editional	
ルイ	シャルル＝ルイ・レリティエ・ドゥ・ブリュテルですね	Editional	
李	李ヨウ (朝鮮)ですね	Editional	
大君	李ヨウ (朝鮮)ですね	Editional	
世	李ヨウ (朝鮮)ですね	Editional	
月	李ヨウ (朝鮮)ですね	Editional	
宗	李ヨウ (朝鮮)ですね	Editional	
ローレンス	ローレンス郡 (ミズーリ州)ですね	Editional	
郡	ローレンス郡 (ミズーリ州)ですね	Editional	
人口	ローレンス郡 (ミズーリ州)ですね	Editional	
国勢調査	ローレンス郡 (ミズーリ州)ですね	Editional	
マイル	ローレンス郡 (ミズーリ州)ですね	Editional	
郡	ダグラス郡 (ミズーリ州)ですね	Editional	
ダグラス	ダグラス郡 (ミズーリ州)ですね	Editional	
州	ダグラス郡 (ミズーリ州)ですね	Editional	
民主党	ダグラス郡 (ミズーリ州)ですね	Editional	
人口	ダグラス郡 (ミズーリ州)ですね	Editional	
早稲田大学	渡邉義浩ですね	Editional	
教授	渡邉義浩ですね	Editional	
義浩	渡邉義浩ですね	Editional	
中国	渡邉義浩ですね	Editional	
学校	渡邉義浩ですね	Editional	
アイヌ	瀬川拓郎ですね	Editional	
文化	瀬川拓郎ですね	Editional	
旭川	瀬川拓郎ですね	Editional	
瀬川	瀬川拓郎ですね	Editional	
拓郎	瀬川拓郎ですね	Editional	
日本	三津原博ですね	Editional	
昭和	三津原博ですね	Editional	
薬局	三津原博ですね	Editional	
社長	三津原博ですね	Editional	
三津	三津原博ですね	Editional	
田久保	田久保宗稔ですね	Editional	
宗	田久保宗稔ですね	Editional	
稔	田久保宗稔ですね	Editional	
むね	田久保宗稔ですね	Editional	
月	田久保宗稔ですね	Editional	
神経	ボリス・チェプロフですね	Editional	
心理	ボリス・チェプロフですね	Editional	
過程	ボリス・チェプロフですね	Editional	
月	ボリス・チェプロフですね	Editional	
才能	ボリス・チェプロフですね	Editional	
風景	ジョージ・イネスですね	Editional	
画家	ジョージ・イネスですね	Editional	
ニューヨーク	ジョージ・イネスですね	Editional	
アメリカ	ジョージ・イネスですね	Editional	
美術館	ジョージ・イネスですね	Editional	
名義	天堂里砂ですね	Editional	
天堂	天堂里砂ですね	Editional	
里砂	天堂里砂ですね	Editional	
中央公論	天堂里砂ですね	Editional	
社	天堂里砂ですね	Editional	
民	韓駿傑ですね	Editional	
委員	韓駿傑ですね	Editional	
吉林	韓駿傑ですね	Editional	
韓	韓駿傑ですね	Editional	
駿	韓駿傑ですね	Editional	
明治	カール・ケッペンですね	Editional	
月	カール・ケッペンですね	Editional	
ドイツ	カール・ケッペンですね	Editional	
紀州	カール・ケッペンですね	Editional	
プロイセン	カール・ケッペンですね	Editional	
木工	石川長津ですね	Editional	
石川	石川長津ですね	Editional	
仁	石川長津ですね	Editional	
長津	石川長津ですね	Editional	
頭	石川長津ですね	Editional	
すずらん	宮崎美子のすずらん本屋堂ですね	Editional	
月	宮崎美子のすずらん本屋堂ですね	Editional	
番組	宮崎美子のすずらん本屋堂ですね	Editional	
宮崎	宮崎美子のすずらん本屋堂ですね	Editional	
美子	宮崎美子のすずらん本屋堂ですね	Editional	
シーズン	山口祐希ですね	Editional	
山口	山口祐希ですね	Editional	
リーグ	山口祐希ですね	Editional	
アシスト	山口祐希ですね	Editional	
青森	山口祐希ですね	Editional	
東金	東金市内循環バスですね	Editional	
バス	東金市内循環バスですね	Editional	
市内	東金市内循環バスですね	Editional	
土	東金市内循環バスですね	Editional	
年末年始	東金市内循環バスですね	Editional	
橘	橘知衣代ですね	Editional	
知衣	橘知衣代ですね	Editional	
たちばな	橘知衣代ですね	Editional	
月	橘知衣代ですね	Editional	
日本	橘知衣代ですね	Editional	
浜田	浜田杏堂ですね	Editional	
杏	浜田杏堂ですね	Editional	
月	浜田杏堂ですね	Editional	
江戸	浜田杏堂ですね	Editional	
大坂	浜田杏堂ですね	Editional	
時田	時田あいみですね	Editional	
あい	時田あいみですね	Editional	
女優	時田あいみですね	Editional	
日本	時田あいみですね	Editional	
身長	時田あいみですね	Editional	
月	ジョージ・スペンサー (第2代スペンサー伯爵)ですね	Editional	
海軍	ジョージ・スペンサー (第2代スペンサー伯爵)ですね	Editional	
伯爵	ジョージ・スペンサー (第2代スペンサー伯爵)ですね	Editional	
初代	ジョージ・スペンサー (第2代スペンサー伯爵)ですね	Editional	
イギリス	ジョージ・スペンサー (第2代スペンサー伯爵)ですね	Editional	
ジョージ	ジョージ・スペンサーですね	Editional	
子犬	ベートーベン2ですね	Editional	
ベートーベン	ベートーベン2ですね	Editional	
ジョージ	ベートーベン2ですね	Editional	
ニュートン	ベートーベン2ですね	Editional	
フロイド	ベートーベン2ですね	Editional	
レスリング	シャリフ・シャリホフですね	Editional	
五輪	シャリフ・シャリホフですね	Editional	
フリー	シャリフ・シャリホフですね	Editional	
スタイル	シャリフ・シャリホフですね	Editional	
シャリフ	シャリフ・シャリホフですね	Editional	
チーム	ヒュー・マッカーチョンですね	Editional	
オリンピック	ヒュー・マッカーチョンですね	Editional	
バレーボール	ヒュー・マッカーチョンですね	Editional	
月	ヒュー・マッカーチョンですね	Editional	
大学	ヒュー・マッカーチョンですね	Editional	
図書館	大滝則忠ですね	Editional	
国立	大滝則忠ですね	Editional	
川西	大滝則忠ですね	Editional	
玉庭	大滝則忠ですね	Editional	
同館	大滝則忠ですね	Editional	
ラジオ	小山乃里子のうた声ラジオですね	Editional	
小山	小山乃里子のうた声ラジオですね	Editional	
乃里子	小山乃里子のうた声ラジオですね	Editional	
うた	小山乃里子のうた声ラジオですね	Editional	
月	小山乃里子のうた声ラジオですね	Editional	
ほり	堀江政生のほりほりラジオですね	Editional	
堀江	堀江政生のほりほりラジオですね	Editional	
政	堀江政生のほりほりラジオですね	Editional	
ラジオ	堀江政生のほりほりラジオですね	Editional	
月	堀江政生のほりほりラジオですね	Editional	
永沢	永沢哲ですね	Editional	
哲	永沢哲ですね	Editional	
てつ	永沢哲ですね	Editional	
日本	永沢哲ですね	Editional	
宗教	永沢哲ですね	Editional	
山梨	水木亮ですね	Editional	
小説	水木亮ですね	Editional	
文学	水木亮ですね	Editional	
水木	水木亮ですね	Editional	
亮	水木亮ですね	Editional	
保	藤原保実ですね	Editional	
藤原	藤原保実ですね	Editional	
権守	藤原保実ですね	Editional	
公卿	藤原保実ですね	Editional	
中納言	藤原保実ですね	Editional	
日本	リチャード・オーガスト・エリクソンですね	Editional	
大使館	リチャード・オーガスト・エリクソンですね	Editional	
国務省	リチャード・オーガスト・エリクソンですね	Editional	
政治	リチャード・オーガスト・エリクソンですね	Editional	
東京	リチャード・オーガスト・エリクソンですね	Editional	
白石	白石凌海ですね	Editional	
凌	白石凌海ですね	Editional	
海	白石凌海ですね	Editional	
仏教	白石凌海ですね	Editional	
しら	白石凌海ですね	Editional	
ジュリー	ジュリー・ブルセですね	Editional	
ブル	ジュリー・ブルセですね	Editional	
セ	ジュリー・ブルセですね	Editional	
クロスカントリー	ジュリー・ブルセですね	Editional	
月	ジュリー・ブルセですね	Editional	
天平	多治比広足ですね	Editional	
宝	多治比広足ですね	Editional	
多治比	多治比広足ですね	Editional	
中納言	多治比広足ですね	Editional	
広足	多治比広足ですね	Editional	
月	ダニエル・リンスですね	Editional	
セッター	ダニエル・リンスですね	Editional	
ダニエル	ダニエル・リンスですね	Editional	
ブラジル	ダニエル・リンスですね	Editional	
女子	ダニエル・リンスですね	Editional	
橋本	橋本徹郎ですね	Editional	
徹郎	橋本徹郎ですね	Editional	
月	橋本徹郎ですね	Editional	
日本	橋本徹郎ですね	Editional	
会員	橋本徹郎ですね	Editional	
郡	カーター郡 (ミズーリ州)ですね	Editional	
カーター	カーター郡 (ミズーリ州)ですね	Editional	
学校	カーター郡 (ミズーリ州)ですね	Editional	
ミズーリ	カーター郡 (ミズーリ州)ですね	Editional	
州	カーター郡 (ミズーリ州)ですね	Editional	
怪獣	山村哲夫ですね	Editional	
山村	山村哲夫ですね	Editional	
現場	山村哲夫ですね	Editional	
書籍	山村哲夫ですね	Editional	
哲夫	山村哲夫ですね	Editional	
日本	川名登ですね	Editional	
教授	川名登ですね	Editional	
千葉経済大学	川名登ですね	Editional	
千葉	川名登ですね	Editional	
史学	川名登ですね	Editional	
高橋	高橋優のインディーズアルバムですね	Editional	
優	高橋優のインディーズアルバムですね	Editional	
アルバム	高橋優のインディーズアルバムですね	Editional	
自主	高橋優のインディーズアルバムですね	Editional	
ページ	高橋優のインディーズアルバムですね	Editional	
月	庄幸司郎ですね	Editional	
庄	庄幸司郎ですね	Editional	
昭和	庄幸司郎ですね	Editional	
幸	庄幸司郎ですね	Editional	
司郎	庄幸司郎ですね	Editional	
彬	玉観彬ですね	Editional	
朝鮮	玉観彬ですね	Editional	
興	玉観彬ですね	Editional	
團	玉観彬ですね	Editional	
李	玉観彬ですね	Editional	
信州	齊藤洋介ですね	Editional	
洋介	齊藤洋介ですね	Editional	
月	齊藤洋介ですね	Editional	
チーム	齊藤洋介ですね	Editional	
シーズン	齊藤洋介ですね	Editional	
佐々木	佐々木美麗ですね	Editional	
美麗	佐々木美麗ですね	Editional	
月	佐々木美麗ですね	Editional	
日立	佐々木美麗ですね	Editional	
ささき	佐々木美麗ですね	Editional	
野々村	野々村紗夜ですね	Editional	
紗	野々村紗夜ですね	Editional	
のむら	野々村紗夜ですね	Editional	
さや	野々村紗夜ですね	Editional	
日本	野々村紗夜ですね	Editional	
法人	堀井良殷ですね	Editional	
理事	堀井良殷ですね	Editional	
堀井	堀井良殷ですね	Editional	
良	堀井良殷ですね	Editional	
殷	堀井良殷ですね	Editional	
写真	土屋朝美 (写真家)ですね	Editional	
日本	土屋朝美 (写真家)ですね	Editional	
土屋	土屋朝美 (写真家)ですね	Editional	
朝美	土屋朝美 (写真家)ですね	Editional	
協会	土屋朝美 (写真家)ですね	Editional	
倉	倉西裕子ですね	Editional	
西	倉西裕子ですね	Editional	
裕子	倉西裕子ですね	Editional	
日本	倉西裕子ですね	Editional	
くら	倉西裕子ですね	Editional	
李	李会榮ですね	Editional	
榮	李会榮ですね	Editional	
月	李会榮ですね	Editional	
大韓民国	李会榮ですね	Editional	
テロリスト	李会榮ですね	Editional	
心理	アレクサンドル・ザポロージェツ (心理学者)ですね	Editional	
対象	アレクサンドル・ザポロージェツ (心理学者)ですね	Editional	
目	アレクサンドル・ザポロージェツ (心理学者)ですね	Editional	
子ども	アレクサンドル・ザポロージェツ (心理学者)ですね	Editional	
条件	アレクサンドル・ザポロージェツ (心理学者)ですね	Editional	
郡	ウェイン郡 (ミズーリ州)ですね	Editional	
ウェイン	ウェイン郡 (ミズーリ州)ですね	Editional	
州	ウェイン郡 (ミズーリ州)ですね	Editional	
ミズーリ	ウェイン郡 (ミズーリ州)ですね	Editional	
人口	ウェイン郡 (ミズーリ州)ですね	Editional	
源	源保ですね	Editional	
保	源保ですね	Editional	
若狭	源保ですね	Editional	
守	源保ですね	Editional	
兄弟	源保ですね	Editional	
藤原	藤原清岳ですね	Editional	
継	藤原清岳ですね	Editional	
延	藤原清岳ですね	Editional	
清	藤原清岳ですね	Editional	
時代	藤原清岳ですね	Editional	
マラソン	ウィルソン・キプサング・キプロティチですね	Editional	
世界	ウィルソン・キプサング・キプロティチですね	Editional	
選手	ウィルソン・キプサング・キプロティチですね	Editional	
ロンドン	ウィルソン・キプサング・キプロティチですね	Editional	
ケニア	ウィルソン・キプサング・キプロティチですね	Editional	
橋野	橋野純平ですね	Editional	
純	橋野純平ですね	Editional	
平	橋野純平ですね	Editional	
はし	橋野純平ですね	Editional	
じゅん	橋野純平ですね	Editional	
前田	前田綾香ですね	Editional	
綾香	前田綾香ですね	Editional	
青	前田綾香ですね	Editional	
あや	前田綾香ですね	Editional	
月	前田綾香ですね	Editional	
教授	江藤文夫ですね	Editional	
江藤	江藤文夫ですね	Editional	
文夫	江藤文夫ですね	Editional	
月	江藤文夫ですね	Editional	
成蹊大学	江藤文夫ですね	Editional	
山本	山本大ですね	Editional	
月	山本大ですね	Editional	
高知	山本大ですね	Editional	
教授	山本大ですね	Editional	
大	山本大ですね	Editional	
月	フリードリヒ・ツー・ヴィートですね	Editional	
ドイツ	フリードリヒ・ツー・ヴィートですね	Editional	
娘	フリードリヒ・ツー・ヴィートですね	Editional	
間	フリードリヒ・ツー・ヴィートですね	Editional	
長男	フリードリヒ・ツー・ヴィートですね	Editional	
日本	日下寛治ですね	Editional	
日展	日下寛治ですね	Editional	
会員	日下寛治ですね	Editional	
日下	日下寛治ですね	Editional	
寛治	日下寛治ですね	Editional	
進	進威志ですね	Editional	
威	進威志ですね	Editional	
志	進威志ですね	Editional	
しん	進威志ですね	Editional	
たけし	進威志ですね	Editional	
鎌倉	清水謙ですね	Editional	
リーグ	清水謙ですね	Editional	
清水	清水謙ですね	Editional	
謙	清水謙ですね	Editional	
神奈川	清水謙ですね	Editional	
サウス	サウスエンド＝オン＝シーですね	Editional	
エンド	サウスエンド＝オン＝シーですね	Editional	
ロンドン	サウスエンド＝オン＝シーですね	Editional	
ふ頭	サウスエンド＝オン＝シーですね	Editional	
地区	サウスエンド＝オン＝シーですね	Editional	
心理	コンスタンチン・コルニーロフですね	Editional	
研究所	コンスタンチン・コルニーロフですね	Editional	
モスクワ	コンスタンチン・コルニーロフですね	Editional	
大学	コンスタンチン・コルニーロフですね	Editional	
月	コンスタンチン・コルニーロフですね	Editional	
チャート	コール・ミー・メイビーですね	Editional	
楽曲	コール・ミー・メイビーですね	Editional	
月	コール・ミー・メイビーですね	Editional	
コール	コール・ミー・メイビーですね	Editional	
トップ	コール・ミー・メイビーですね	Editional	
東京	垣内松三ですね	Editional	
教授	垣内松三ですね	Editional	
垣内	垣内松三ですね	Editional	
松三	垣内松三ですね	Editional	
月	垣内松三ですね	Editional	
女	野人女直ですね	Editional	
直	野人女直ですね	Editional	
野人	野人女直ですね	Editional	
海	野人女直ですね	Editional	
西	野人女直ですね	Editional	
函数	ロンスキー行列式ですね	Editional	
ロン	ロンスキー行列式ですね	Editional	
スキー	ロンスキー行列式ですね	Editional	
線型	ロンスキー行列式ですね	Editional	
一般	ロンスキー行列式ですね	Editional	
森	森一生 (曖昧さ回避)ですね	Editional	
一生	森一生 (曖昧さ回避)ですね	Editional	
森	森一生 (工学者)ですね	Editional	
一生	森一生 (工学者)ですね	Editional	
工学	森一生 (工学者)ですね	Editional	
月	森一生 (工学者)ですね	Editional	
日本	森一生 (工学者)ですね	Editional	
月	五条為学ですね	Editional	
学	五条為学ですね	Editional	
五条	五条為学ですね	Editional	
母親	五条為学ですね	Editional	
任	五条為学ですね	Editional	
レコード	エルマークですね	Editional	
会社	エルマークですね	Editional	
サイト	エルマークですね	Editional	
エル	エルマークですね	Editional	
日本	エルマークですね	Editional	
中央大学	村岡晋一ですね	Editional	
村岡	村岡晋一ですね	Editional	
ドイツ	村岡晋一ですね	Editional	
晋一	村岡晋一ですね	Editional	
哲学	村岡晋一ですね	Editional	
吹奏楽	辻峰拓ですね	Editional	
辻	辻峰拓ですね	Editional	
峰	辻峰拓ですね	Editional	
拓	辻峰拓ですね	Editional	
さいたま	辻峰拓ですね	Editional	
月	ジョセフ・ルードですね	Editional	
リング	ジョセフ・ルードですね	Editional	
タッグ	ジョセフ・ルードですね	Editional	
王座	ジョセフ・ルードですね	Editional	
ミネソタ	ジョセフ・ルードですね	Editional	
教授	飯田隆昭ですね	Editional	
飯田	飯田隆昭ですね	Editional	
隆昭	飯田隆昭ですね	Editional	
文学	飯田隆昭ですね	Editional	
三重大学	飯田隆昭ですね	Editional	
ウィリアムズ	ジョージ・ウィリアムズ (YMCA)ですね	Editional	
ジョージ	ジョージ・ウィリアムズ (YMCA)ですね	Editional	
若者	ジョージ・ウィリアムズ (YMCA)ですね	Editional	
生地	ジョージ・ウィリアムズ (YMCA)ですね	Editional	
青年	ジョージ・ウィリアムズ (YMCA)ですね	Editional	
吉川	Beat goes on (吉川晃司のアルバム)ですね	Editional	
晃司	Beat goes on (吉川晃司のアルバム)ですね	Editional	
アルバム	Beat goes on (吉川晃司のアルバム)ですね	Editional	
日本	Beat goes on (吉川晃司のアルバム)ですね	Editional	
ミュージシャン	Beat goes on (吉川晃司のアルバム)ですね	Editional	
李	李ヨウですね	Editional	
ヨウ	李ヨウですね	Editional	
名前	李ヨウですね	Editional	
漢字	李ヨウですね	Editional	
中心	李ヨウですね	Editional	
諏訪	諏訪優ですね	Editional	
優	諏訪優ですね	Editional	
月	諏訪優ですね	Editional	
日本	諏訪優ですね	Editional	
詩人	諏訪優ですね	Editional	
陸上	スティーブン・キプロティチですね	Editional	
マラソン	スティーブン・キプロティチですね	Editional	
世界	スティーブン・キプロティチですね	Editional	
男子	スティーブン・キプロティチですね	Editional	
五輪	スティーブン・キプロティチですね	Editional	
大学	鈴木沙喜代ですね	Editional	
鈴木	鈴木沙喜代ですね	Editional	
沙	鈴木沙喜代ですね	Editional	
喜代	鈴木沙喜代ですね	Editional	
アナウンサー	鈴木沙喜代ですね	Editional	
映画	田中雄之ですね	Editional	
田中	田中雄之ですね	Editional	
雄	田中雄之ですね	Editional	
日本	田中雄之ですね	Editional	
博報堂	田中雄之ですね	Editional	
植物	小泉秀雄ですね	Editional	
小泉	小泉秀雄ですね	Editional	
学校	小泉秀雄ですね	Editional	
中学校	小泉秀雄ですね	Editional	
大雪山	小泉秀雄ですね	Editional	
菅野	菅野彰子ですね	Editional	
彰子	菅野彰子ですね	Editional	
す	菅野彰子ですね	Editional	
あきこ	菅野彰子ですね	Editional	
東京	菅野彰子ですね	Editional	
長崎	長崎七左衛門ですね	Editional	
秋田	長崎七左衛門ですね	Editional	
農業	長崎七左衛門ですね	Editional	
左衛門	長崎七左衛門ですね	Editional	
長岐	長崎七左衛門ですね	Editional	
桜	林桜園ですね	Editional	
国学	林桜園ですね	Editional	
熊本	林桜園ですね	Editional	
林	林桜園ですね	Editional	
肥後	林桜園ですね	Editional	
教授	徳田進ですね	Editional	
高崎	徳田進ですね	Editional	
徳田	徳田進ですね	Editional	
群馬	徳田進ですね	Editional	
学校	徳田進ですね	Editional	
月	ディエゴ・マリーニョですね	Editional	
チーム	ディエゴ・マリーニョですね	Editional	
スペイン	ディエゴ・マリーニョですね	Editional	
シーズン	ディエゴ・マリーニョですね	Editional	
トップ	ディエゴ・マリーニョですね	Editional	
チーム	フリオ・ベラスケスですね	Editional	
シーズン	フリオ・ベラスケスですね	Editional	
トップ	フリオ・ベラスケスですね	Editional	
月	フリオ・ベラスケスですね	Editional	
リーグ	フリオ・ベラスケスですね	Editional	
月	松井裕樹ですね	Editional	
一軍	松井裕樹ですね	Editional	
投手	松井裕樹ですね	Editional	
シーズン	松井裕樹ですね	Editional	
松井	松井裕樹ですね	Editional	
学校	徳田浄ですね	Editional	
群馬	徳田浄ですね	Editional	
前身	徳田浄ですね	Editional	
県立	徳田浄ですね	Editional	
徳田	徳田浄ですね	Editional	
朴	朴鍾佑ですね	Editional	
月	朴鍾佑ですね	Editional	
オリンピック	朴鍾佑ですね	Editional	
韓国	朴鍾佑ですね	Editional	
国際	朴鍾佑ですね	Editional	
郡	レイノルズ郡 (ミズーリ州)ですね	Editional	
レイノルズ	レイノルズ郡 (ミズーリ州)ですね	Editional	
州	レイノルズ郡 (ミズーリ州)ですね	Editional	
庁舎	レイノルズ郡 (ミズーリ州)ですね	Editional	
人口	レイノルズ郡 (ミズーリ州)ですね	Editional	
月	大谷翔平ですね	Editional	
投手	大谷翔平ですね	Editional	
本塁打	大谷翔平ですね	Editional	
打者	大谷翔平ですね	Editional	
メジャー	大谷翔平ですね	Editional	
技術	三村高志ですね	Editional	
半導体	三村高志ですね	Editional	
三村	三村高志ですね	Editional	
高志	三村高志ですね	Editional	
月	三村高志ですね	Editional	
海軍	安達東三郎ですね	Editional	
安達	安達東三郎ですね	Editional	
航空	安達東三郎ですね	Editional	
月	安達東三郎ですね	Editional	
海兵	安達東三郎ですね	Editional	
宇都宮	宇都宮オークラ劇場ですね	Editional	
映画	宇都宮オークラ劇場ですね	Editional	
劇場	宇都宮オークラ劇場ですね	Editional	
うつのみや	宇都宮オークラ劇場ですね	Editional	
日本	宇都宮オークラ劇場ですね	Editional	
レスリング	キャロル・ハインですね	Editional	
カナダ	キャロル・ハインですね	Editional	
ブリティッシュコロンビア	キャロル・ハインですね	Editional	
ベトナム	キャロル・ハインですね	Editional	
選手	キャロル・ハインですね	Editional	
女子	浜田遥ですね	Editional	
月	浜田遥ですね	Editional	
サッカー	浜田遥ですね	Editional	
選手	浜田遥ですね	Editional	
仙台	浜田遥ですね	Editional	
王	遊☆戯☆王デュエルモンスターズ7 決闘都市伝説ですね	Editional	
カード	遊☆戯☆王デュエルモンスターズ7 決闘都市伝説ですね	Editional	
ゲーム	遊☆戯☆王デュエルモンスターズ7 決闘都市伝説ですね	Editional	
原作	遊☆戯☆王デュエルモンスターズ7 決闘都市伝説ですね	Editional	
バトル	遊☆戯☆王デュエルモンスターズ7 決闘都市伝説ですね	Editional	
江馬	江馬章太郎ですね	Editional	
明治	江馬章太郎ですね	Editional	
京都	江馬章太郎ですね	Editional	
医師	江馬章太郎ですね	Editional	
月	江馬章太郎ですね	Editional	
市川	市川斎入ですね	Editional	
斎	市川斎入ですね	Editional	
入	市川斎入ですね	Editional	
齊	市川斎入ですね	Editional	
いち	市川斎入ですね	Editional	
魔法	魔法少女まどか☆マギカのエピソード一覧ですね	Editional	
エピソード	魔法少女まどか☆マギカのエピソード一覧ですね	Editional	
少女	魔法少女まどか☆マギカのエピソード一覧ですね	Editional	
まどか	魔法少女まどか☆マギカのエピソード一覧ですね	Editional	
アニメ	魔法少女まどか☆マギカのエピソード一覧ですね	Editional	
小林	小林宏明ですね	Editional	
宏明	小林宏明ですね	Editional	
長嶋	小林宏明ですね	Editional	
小説	小林宏明ですね	Editional	
こ	小林宏明ですね	Editional	
月	藤山扇治郎ですね	Editional	
松竹	藤山扇治郎ですね	Editional	
藤山	藤山扇治郎ですね	Editional	
扇	藤山扇治郎ですね	Editional	
治郎	藤山扇治郎ですね	Editional	
月	アンディ・ウーですね	Editional	
プロレス	アンディ・ウーですね	Editional	
アンディ	アンディ・ウーですね	Editional	
ウー	アンディ・ウーですね	Editional	
日本	アンディ・ウーですね	Editional	
出身	スコット・アドキンスですね	Editional	
スコット	スコット・アドキンスですね	Editional	
月	スコット・アドキンスですね	Editional	
イギリス	スコット・アドキンスですね	Editional	
俳優	スコット・アドキンスですね	Editional	
弓	弓導士ですね	Editional	
弓道	弓導士ですね	Editional	
悟	弓導士ですね	Editional	
弓子	弓導士ですね	Editional	
導	弓導士ですね	Editional	
酒田	酒田市立松原小学校ですね	Editional	
小学校	酒田市立松原小学校ですね	Editional	
市立	酒田市立松原小学校ですね	Editional	
松原	酒田市立松原小学校ですね	Editional	
りつ	酒田市立松原小学校ですね	Editional	
写真	小関庄太郎ですね	Editional	
福島	小関庄太郎ですね	Editional	
小関	小関庄太郎ですね	Editional	
芸術	小関庄太郎ですね	Editional	
カメラ	小関庄太郎ですね	Editional	
ソ連	ニコライ・フェドレンコですね	Editional	
月	ニコライ・フェドレンコですね	Editional	
学者	ニコライ・フェドレンコですね	Editional	
東洋	ニコライ・フェドレンコですね	Editional	
ロシア	ニコライ・フェドレンコですね	Editional	
日本	中村満義ですね	Editional	
取締役	中村満義ですね	Editional	
社団	中村満義ですね	Editional	
法人	中村満義ですね	Editional	
協会	中村満義ですね	Editional	
昇	昇仙湖駅ですね	Editional	
仙	昇仙湖駅ですね	Editional	
湖	昇仙湖駅ですね	Editional	
中華人民共和国	昇仙湖駅ですね	Editional	
成	昇仙湖駅ですね	Editional	
銀行	中村一策ですね	Editional	
中村	中村一策ですね	Editional	
一策	中村一策ですね	Editional	
月	中村一策ですね	Editional	
日本	中村一策ですね	Editional	
月	ダニエル・ナバですね	Editional	
打率	ダニエル・ナバですね	Editional	
本塁打	ダニエル・ナバですね	Editional	
選手	ダニエル・ナバですね	Editional	
打点	ダニエル・ナバですね	Editional	
のど	大坂のどかですね	Editional	
大坂	大坂のどかですね	Editional	
徳島	大坂のどかですね	Editional	
学校	大坂のどかですね	Editional	
おおさか	大坂のどかですね	Editional	
ブルース	ブルース・サミットですね	Editional	
キング	ブルース・サミットですね	Editional	
サミット	ブルース・サミットですね	Editional	
アルバム	ブルース・サミットですね	Editional	
本	ブルース・サミットですね	Editional	
草薙	虚像の道化師 ガリレオ7ですね	Editional	
湯川	虚像の道化師 ガリレオ7ですね	Editional	
事件	虚像の道化師 ガリレオ7ですね	Editional	
ガリ	虚像の道化師 ガリレオ7ですね	Editional	
レオ	虚像の道化師 ガリレオ7ですね	Editional	
佐藤	佐藤健人ですね	Editional	
健	佐藤健人ですね	Editional	
さとう	佐藤健人ですね	Editional	
たけ	佐藤健人ですね	Editional	
月	佐藤健人ですね	Editional	
大使	須藤隆也ですね	Editional	
外務省	須藤隆也ですね	Editional	
局長	須藤隆也ですね	Editional	
須藤	須藤隆也ですね	Editional	
隆也	須藤隆也ですね	Editional	
世界	ミカ・コーゴですね	Editional	
月	ミカ・コーゴですね	Editional	
陸上	ミカ・コーゴですね	Editional	
銀メダル	ミカ・コーゴですね	Editional	
銅メダル	ミカ・コーゴですね	Editional	
医学	服部敏良ですね	Editional	
博士	服部敏良ですね	Editional	
日本	服部敏良ですね	Editional	
服部	服部敏良ですね	Editional	
敏	服部敏良ですね	Editional	
海軍	河野三吉ですね	Editional	
河野	河野三吉ですね	Editional	
月	河野三吉ですね	Editional	
航空	河野三吉ですね	Editional	
技術	河野三吉ですね	Editional	
月	まじかるすいーと プリズム・ナナですね	Editional	
プリズム	まじかるすいーと プリズム・ナナですね	Editional	
ボーナス	まじかるすいーと プリズム・ナナですね	Editional	
ナナ	まじかるすいーと プリズム・ナナですね	Editional	
ゲーム	まじかるすいーと プリズム・ナナですね	Editional	
スミス	吉川スミスですね	Editional	
作家	吉川スミスですね	Editional	
吉川	吉川スミスですね	Editional	
よし	吉川スミスですね	Editional	
月	吉川スミスですね	Editional	
紫	高本紫溟ですね	Editional	
国学	高本紫溟ですね	Editional	
阿蘇	高本紫溟ですね	Editional	
高本	高本紫溟ですね	Editional	
肥後	高本紫溟ですね	Editional	
図書館	常世田良ですね	Editional	
常世田	常世田良ですね	Editional	
良	常世田良ですね	Editional	
日本	常世田良ですね	Editional	
りょう	常世田良ですね	Editional	
日本	岡田晋ですね	Editional	
映画	岡田晋ですね	Editional	
岡田	岡田晋ですね	Editional	
晋	岡田晋ですね	Editional	
学科	岡田晋ですね	Editional	
順位	志沢春吉ですね	Editional	
立川	志沢春吉ですね	Editional	
志	志沢春吉ですね	Editional	
沢	志沢春吉ですね	Editional	
春吉	志沢春吉ですね	Editional	
市川	市川一郎ですね	Editional	
一郎	市川一郎ですね	Editional	
月	市川一郎ですね	Editional	
棋士	市川一郎ですね	Editional	
いち	市川一郎ですね	Editional	
月	ウラジーミル・プチコフですね	Editional	
ロシア	ウラジーミル・プチコフですね	Editional	
民間	ウラジーミル・プチコフですね	Editional	
事態	ウラジーミル・プチコフですね	Editional	
軍事	ウラジーミル・プチコフですね	Editional	
石谷	石谷政信ですね	Editional	
清	石谷政信ですね	Editional	
月	石谷政信ですね	Editional	
政信	石谷政信ですね	Editional	
時代	石谷政信ですね	Editional	
月	石谷清正ですね	Editional	
石谷	石谷清正ですね	Editional	
清正	石谷清正ですね	Editional	
清	石谷清正ですね	Editional	
定	石谷清正ですね	Editional	
カヤ	鬼龍院カヤに血を吸われるだけの簡単なおしごとですね	Editional	
鬼龍院	鬼龍院カヤに血を吸われるだけの簡単なおしごとですね	Editional	
血	鬼龍院カヤに血を吸われるだけの簡単なおしごとですね	Editional	
おし	鬼龍院カヤに血を吸われるだけの簡単なおしごとですね	Editional	
月	鬼龍院カヤに血を吸われるだけの簡単なおしごとですね	Editional	
ドイツ	ハインリヒ・ゲオルク・スターマーですね	Editional	
月	ハインリヒ・ゲオルク・スターマーですね	Editional	
日	ハインリヒ・ゲオルク・スターマーですね	Editional	
大使館	ハインリヒ・ゲオルク・スターマーですね	Editional	
大使	ハインリヒ・ゲオルク・スターマーですね	Editional	
三木	大村 (三木市)ですね	Editional	
大村	大村 (三木市)ですね	Editional	
商業	大村 (三木市)ですね	Editional	
西側	大村 (三木市)ですね	Editional	
小野	大村 (三木市)ですね	Editional	
月	ホセ・キンタナですね	Editional	
メジャー	ホセ・キンタナですね	Editional	
ホワイト	ホセ・キンタナですね	Editional	
ソックス	ホセ・キンタナですね	Editional	
投手	ホセ・キンタナですね	Editional	
織田	織田三位ですね	Editional	
信長	織田三位ですね	Editional	
信友	織田三位ですね	Editional	
義統	織田三位ですね	Editional	
宗家	織田三位ですね	Editional	
月	辻本豪三ですね	Editional	
京都大	辻本豪三ですね	Editional	
国立	辻本豪三ですね	Editional	
辻本	辻本豪三ですね	Editional	
センター	辻本豪三ですね	Editional	
植物	ウィリアム・カーティスですね	Editional	
ウィリアム	ウィリアム・カーティスですね	Editional	
月	ウィリアム・カーティスですね	Editional	
学者	ウィリアム・カーティスですね	Editional	
昆虫	ウィリアム・カーティスですね	Editional	
シーズン	久山智志ですね	Editional	
リーグ	久山智志ですね	Editional	
久山	久山智志ですね	Editional	
横浜	久山智志ですね	Editional	
月	久山智志ですね	Editional	
加藤	加藤陽三ですね	Editional	
陽三	加藤陽三ですね	Editional	
月	加藤陽三ですね	Editional	
かとう	加藤陽三ですね	Editional	
ぞう	加藤陽三ですね	Editional	
美術	金子篤司ですね	Editional	
日展	金子篤司ですね	Editional	
金子	金子篤司ですね	Editional	
篤司	金子篤司ですね	Editional	
日本	金子篤司ですね	Editional	
月	J.D.マルティネスですね	Editional	
打点	J.D.マルティネスですね	Editional	
リーグ	J.D.マルティネスですね	Editional	
本塁打	J.D.マルティネスですね	Editional	
打率	J.D.マルティネスですね	Editional	
口腔	佐藤光信 (歯学者)ですね	Editional	
歯学	佐藤光信 (歯学者)ですね	Editional	
大学	佐藤光信 (歯学者)ですね	Editional	
教授	佐藤光信 (歯学者)ですね	Editional	
徳島	佐藤光信 (歯学者)ですね	Editional	
佐藤	佐藤光信ですね	Editional	
光信	佐藤光信ですね	Editional	
プロ	八幡圭祐ですね	Editional	
選手	八幡圭祐ですね	Editional	
圭	八幡圭祐ですね	Editional	
祐	八幡圭祐ですね	Editional	
八幡	八幡圭祐ですね	Editional	
吹き替え	ジーク アンド ルーサーですね	Editional	
ジーク	ジーク アンド ルーサーですね	Editional	
アンド	ジーク アンド ルーサーですね	Editional	
ルーサー	ジーク アンド ルーサーですね	Editional	
原題	ジーク アンド ルーサーですね	Editional	
教授	野崎昭弘ですね	Editional	
東京大学	野崎昭弘ですね	Editional	
学部	野崎昭弘ですね	Editional	
野崎	野崎昭弘ですね	Editional	
昭弘	野崎昭弘ですね	Editional	
地理	深見聡ですね	Editional	
大学	深見聡ですね	Editional	
深見	深見聡ですね	Editional	
聡	深見聡ですね	Editional	
日本	深見聡ですね	Editional	
池上	池上彰の戦争を考えるSPですね	Editional	
彰	池上彰の戦争を考えるSPですね	Editional	
せん	池上彰の戦争を考えるSPですね	Editional	
スペシャル	池上彰の戦争を考えるSPですね	Editional	
月	池上彰の戦争を考えるSPですね	Editional	
佐藤	佐藤睦ですね	Editional	
睦	佐藤睦ですね	Editional	
さとう	佐藤睦ですね	Editional	
月	佐藤睦ですね	Editional	
日本	佐藤睦ですね	Editional	
日本	杉原志啓ですね	Editional	
坂本	杉原志啓ですね	Editional	
杉原	杉原志啓ですね	Editional	
志	杉原志啓ですね	Editional	
音楽	杉原志啓ですね	Editional	
グレン	グレンスミスの日記ですね	Editional	
スミス	グレンスミスの日記ですね	Editional	
ポー	グレンスミスの日記ですね	Editional	
日記	グレンスミスの日記ですね	Editional	
村	グレンスミスの日記ですね	Editional	
オリンピック	デービッド・ボウディアですね	Editional	
込	デービッド・ボウディアですね	Editional	
金メダル	デービッド・ボウディアですね	Editional	
アメリカ	デービッド・ボウディアですね	Editional	
飛び込み	デービッド・ボウディアですね	Editional	
込	ニック・マクローリーですね	Editional	
シンクロ	ニック・マクローリーですね	Editional	
高飛	ニック・マクローリーですね	Editional	
月	ニック・マクローリーですね	Editional	
メダル	ニック・マクローリーですね	Editional	
世	李世キですね	Editional	
金	李世キですね	Editional	
祖	李世キですね	Editional	
宗瑞	李世キですね	Editional	
説話	李世キですね	Editional	
駅	ストーンブリッジ・パーク駅ですね	Editional	
バス	ストーンブリッジ・パーク駅ですね	Editional	
ルート	ストーンブリッジ・パーク駅ですね	Editional	
ロンドン	ストーンブリッジ・パーク駅ですね	Editional	
ベーカー	ストーンブリッジ・パーク駅ですね	Editional	
シリーズ	看護婦・戸田鮎子シリーズですね	Editional	
戸田	看護婦・戸田鮎子シリーズですね	Editional	
鮎子	看護婦・戸田鮎子シリーズですね	Editional	
かん	看護婦・戸田鮎子シリーズですね	Editional	
ドラマ	看護婦・戸田鮎子シリーズですね	Editional	
日本	モーリス・パンゲですね	Editional	
大学	モーリス・パンゲですね	Editional	
フランス	モーリス・パンゲですね	Editional	
パリ	モーリス・パンゲですね	Editional	
教授	モーリス・パンゲですね	Editional	
林	林哲也ですね	Editional	
哲也	林哲也ですね	Editional	
タレント	林哲也ですね	Editional	
つや	林哲也ですね	Editional	
月	林哲也ですね	Editional	
月	金賢聖ですね	Editional	
韓国	金賢聖ですね	Editional	
金	金賢聖ですね	Editional	
期限	金賢聖ですね	Editional	
賢	金賢聖ですね	Editional	
哲学	中村昇 (哲学者)ですね	Editional	
中央大学	中村昇 (哲学者)ですね	Editional	
教授	中村昇 (哲学者)ですね	Editional	
中村	中村昇 (哲学者)ですね	Editional	
昇	中村昇 (哲学者)ですね	Editional	
宿	栗原宿ですね	Editional	
歌田	栗原宿ですね	Editional	
小城	栗原宿ですね	Editional	
下栗原	栗原宿ですね	Editional	
栗原	栗原宿ですね	Editional	
中国	金陵協和神学院ですね	Editional	
金	金陵協和神学院ですね	Editional	
神学校	金陵協和神学院ですね	Editional	
陵	金陵協和神学院ですね	Editional	
神学	金陵協和神学院ですね	Editional	
教授	荻野恒一ですね	Editional	
大学	荻野恒一ですね	Editional	
医学	荻野恒一ですね	Editional	
荻野	荻野恒一ですね	Editional	
恒一	荻野恒一ですね	Editional	
大学	水津一朗ですね	Editional	
地理	水津一朗ですね	Editional	
月	水津一朗ですね	Editional	
山口	水津一朗ですね	Editional	
京都大	水津一朗ですね	Editional	
ゆみ	さゆみんですね	Editional	
日本	さゆみんですね	Editional	
女性	さゆみんですね	Editional	
愛称	さゆみんですね	Editional	
委員	関口博之ですね	Editional	
経済	関口博之ですね	Editional	
財団	関口博之ですね	Editional	
北九州	関口博之ですね	Editional	
関口	関口博之ですね	Editional	
俳優	日方一夫ですね	Editional	
日方	日方一夫ですね	Editional	
一夫	日方一夫ですね	Editional	
中央	日方一夫ですね	Editional	
東宝	日方一夫ですね	Editional	
キング	ブルース・オン・ザ・バイユーですね	Editional	
ブルース	ブルース・オン・ザ・バイユーですね	Editional	
アルバム	ブルース・オン・ザ・バイユーですね	Editional	
自身	ブルース・オン・ザ・バイユーですね	Editional	
楽曲	ブルース・オン・ザ・バイユーですね	Editional	
政治	木宮正史ですね	Editional	
韓国	木宮正史ですね	Editional	
東京大学	木宮正史ですね	Editional	
大学院	木宮正史ですね	Editional	
教授	木宮正史ですね	Editional	
広之	王広之ですね	Editional	
将軍	王広之ですね	Editional	
劉	王広之ですね	Editional	
明	王広之ですね	Editional	
建	王広之ですね	Editional	
月	アダム・ロサレスですね	Editional	
メジャー	アダム・ロサレスですね	Editional	
マイナー	アダム・ロサレスですね	Editional	
傘下	アダム・ロサレスですね	Editional	
ウェイ	アダム・ロサレスですね	Editional	
心理	相場均ですね	Editional	
大学	相場均ですね	Editional	
早稲田大学	相場均ですね	Editional	
教授	相場均ですね	Editional	
慶應義塾	相場均ですね	Editional	
ジョン	ジョン・リチャードソン (博物学者)ですね	Editional	
北極	ジョン・リチャードソン (博物学者)ですね	Editional	
リチャードソン	ジョン・リチャードソン (博物学者)ですね	Editional	
月	ジョン・リチャードソン (博物学者)ですね	Editional	
北部	ジョン・リチャードソン (博物学者)ですね	Editional	
佐藤	佐藤俊夫ですね	Editional	
俊夫	佐藤俊夫ですね	Editional	
さとう	佐藤俊夫ですね	Editional	
精神	村上仁ですね	Editional	
医学	村上仁ですね	Editional	
日本	村上仁ですね	Editional	
精神病	村上仁ですね	Editional	
理学	村上仁ですね	Editional	
古河	永仙院 (古河市)ですね	Editional	
永	永仙院 (古河市)ですね	Editional	
仙	永仙院 (古河市)ですね	Editional	
円覚寺	永仙院 (古河市)ですね	Editional	
公方	永仙院 (古河市)ですね	Editional	
月	チャン・サントクヒですね	Editional	
警察	チャン・サントクヒですね	Editional	
チャン	チャン・サントクヒですね	Editional	
スリナム	チャン・サントクヒですね	Editional	
政治	チャン・サントクヒですね	Editional	
つづら	つづら川出入口ですね	Editional	
松山	つづら川出入口ですね	Editional	
方面	つづら川出入口ですね	Editional	
入口	つづら川出入口ですね	Editional	
道路	つづら川出入口ですね	Editional	
荒田	荒田俊雄ですね	Editional	
俊雄	荒田俊雄ですね	Editional	
月	荒田俊雄ですね	Editional	
大正	荒田俊雄ですね	Editional	
平成	荒田俊雄ですね	Editional	
海藻	遠藤吉三郎ですね	Editional	
遠藤	遠藤吉三郎ですね	Editional	
スキー	遠藤吉三郎ですね	Editional	
日本	遠藤吉三郎ですね	Editional	
ノルウェー	遠藤吉三郎ですね	Editional	
木村	木村定ですね	Editional	
定	木村定ですね	Editional	
医学	木村定ですね	Editional	
京都大	木村定ですね	Editional	
日本	木村定ですね	Editional	
月	ハリー・グレッグですね	Editional	
チーム	ハリー・グレッグですね	Editional	
マンチェスター	ハリー・グレッグですね	Editional	
ユナイテッド	ハリー・グレッグですね	Editional	
ハリー	ハリー・グレッグですね	Editional	
東京	山本忠敬ですね	Editional	
山本	山本忠敬ですね	Editional	
忠敬	山本忠敬ですね	Editional	
月	山本忠敬ですね	Editional	
やまもと	山本忠敬ですね	Editional	
木村	木村駿ですね	Editional	
心理	木村駿ですね	Editional	
教授	木村駿ですね	Editional	
駿	木村駿ですね	Editional	
月	木村駿ですね	Editional	
小川	小川和彦ですね	Editional	
和彦	小川和彦ですね	Editional	
英文	小川和彦ですね	Editional	
日本	小川和彦ですね	Editional	
学者	小川和彦ですね	Editional	
パリ	ジャン＝フランシス・オービュルタンですね	Editional	
ジャン	ジャン＝フランシス・オービュルタンですね	Editional	
友人	ジャン＝フランシス・オービュルタンですね	Editional	
画家	ジャン＝フランシス・オービュルタンですね	Editional	
学校	ジャン＝フランシス・オービュルタンですね	Editional	
月	阿野実顕ですね	Editional	
阿野	阿野実顕ですね	Editional	
実	阿野実顕ですね	Editional	
時代	阿野実顕ですね	Editional	
江戸	阿野実顕ですね	Editional	
華	華雪りらですね	Editional	
雪	華雪りらですね	Editional	
学校	華雪りらですね	Editional	
星	華雪りらですね	Editional	
月	華雪りらですね	Editional	
影	ストーン・コールド -影に潜む-ですね	Editional	
ストーン	ストーン・コールド -影に潜む-ですね	Editional	
コールド	ストーン・コールド -影に潜む-ですね	Editional	
アメリカ合衆国	ストーン・コールド -影に潜む-ですね	Editional	
警察	ストーン・コールド -影に潜む-ですね	Editional	
日本	ロバート・ビュートーですね	Editional	
大学	ロバート・ビュートーですね	Editional	
教授	ロバート・ビュートーですね	Editional	
ロバート	ロバート・ビュートーですね	Editional	
歴史	ロバート・ビュートーですね	Editional	
世界	井上尚弥ですね	Editional	
フライ	井上尚弥ですね	Editional	
井上	井上尚弥ですね	Editional	
月	井上尚弥ですね	Editional	
王者	井上尚弥ですね	Editional	
月	ジム・ミラー (野球)ですね	Editional	
マイナー	ジム・ミラー (野球)ですね	Editional	
メジャー	ジム・ミラー (野球)ですね	Editional	
選手	ジム・ミラー (野球)ですね	Editional	
野球	ジム・ミラー (野球)ですね	Editional	
月	リチャード・ボズウェル・フィンですね	Editional	
日本	リチャード・ボズウェル・フィンですね	Editional	
政治	リチャード・ボズウェル・フィンですね	Editional	
外交	リチャード・ボズウェル・フィンですね	Editional	
大使館	リチャード・ボズウェル・フィンですね	Editional	
リチャード	リチャード・フィンですね	Editional	
フィン	リチャード・フィンですね	Editional	
教授	黒丸正四郎ですね	Editional	
黒丸	黒丸正四郎ですね	Editional	
正	黒丸正四郎ですね	Editional	
四郎	黒丸正四郎ですね	Editional	
医学	黒丸正四郎ですね	Editional	
月	高辻継長ですね	Editional	
高辻	高辻継長ですね	Editional	
文明	高辻継長ですね	Editional	
継	高辻継長ですね	Editional	
中原	高辻継長ですね	Editional	
長	高辻長直ですね	Editional	
直	高辻長直ですね	Editional	
永	高辻長直ですね	Editional	
長者	高辻長直ですね	Editional	
高辻	高辻長直ですね	Editional	
月	高辻章長ですね	Editional	
永	高辻章長ですね	Editional	
高辻	高辻章長ですね	Editional	
章	高辻章長ですね	Editional	
正	高辻章長ですね	Editional	
月	高辻長雅ですね	Editional	
任	高辻長雅ですね	Editional	
天文	高辻長雅ですね	Editional	
五条	高辻長雅ですね	Editional	
高辻	高辻長雅ですね	Editional	
場所	大こう吉男ですね	Editional	
月	大こう吉男ですね	Editional	
相撲	大こう吉男ですね	Editional	
吉男	大こう吉男ですね	Editional	
青森	大こう吉男ですね	Editional	
地理	森川洋ですね	Editional	
広島大学	森川洋ですね	Editional	
教授	森川洋ですね	Editional	
日本	森川洋ですね	Editional	
人文	森川洋ですね	Editional	
木村	木村屋 (曖昧さ回避)ですね	Editional	
むら	木村屋 (曖昧さ回避)ですね	Editional	
綾	黒田綾山ですね	Editional	
玉島	黒田綾山ですね	Editional	
画	黒田綾山ですね	Editional	
黒田	黒田綾山ですね	Editional	
文化	黒田綾山ですね	Editional	
月	ローリー・マクドナルドですね	Editional	
ランキング	ローリー・マクドナルドですね	Editional	
世界	ローリー・マクドナルドですね	Editional	
王座	ローリー・マクドナルドですね	Editional	
王者	ローリー・マクドナルドですね	Editional	
三菱	若林辰雄ですね	Editional	
取締役	若林辰雄ですね	Editional	
銀行	若林辰雄ですね	Editional	
会長	若林辰雄ですね	Editional	
役員	若林辰雄ですね	Editional	
教授	清水誠 (哲学者)ですね	Editional	
清水	清水誠 (哲学者)ですね	Editional	
誠	清水誠 (哲学者)ですね	Editional	
哲学	清水誠 (哲学者)ですね	Editional	
武蔵大学	清水誠 (哲学者)ですね	Editional	
大学	瀧本泰行ですね	Editional	
株式会社	瀧本泰行ですね	Editional	
エアーリンク	瀧本泰行ですね	Editional	
一橋大学	瀧本泰行ですね	Editional	
瀧	瀧本泰行ですね	Editional	
池内	池内計司ですね	Editional	
タオル	池内計司ですね	Editional	
エネルギー	池内計司ですね	Editional	
司	池内計司ですね	Editional	
日本	池内計司ですね	Editional	
月	フランク・コギンスですね	Editional	
フランク	フランク・コギンスですね	Editional	
ジョージア	フランク・コギンスですね	Editional	
アメリカ合衆国	フランク・コギンスですね	Editional	
出身	フランク・コギンスですね	Editional	
株式会社	木山茂年ですね	Editional	
東京	木山茂年ですね	Editional	
取締役	木山茂年ですね	Editional	
デリカ	木山茂年ですね	Editional	
同社	木山茂年ですね	Editional	
極	八柳極人ですね	Editional	
八柳	八柳極人ですね	Editional	
藩士	八柳極人ですね	Editional	
駒	八柳極人ですね	Editional	
杵	八柳極人ですね	Editional	
大使	高野紀元ですね	Editional	
日本	高野紀元ですね	Editional	
高野	高野紀元ですね	Editional	
竹島	高野紀元ですね	Editional	
紀元	高野紀元ですね	Editional	
源	源至ですね	Editional	
至	源至ですね	Editional	
子	源至ですね	Editional	
中務	源至ですね	Editional	
大輔	源至ですね	Editional	
和	源明ですね	Editional	
月	源明ですね	Editional	
守	源明ですね	Editional	
嘉	源明ですね	Editional	
祥	源明ですね	Editional	
清	Fighting Man (清木場俊介の曲)ですね	Editional	
木場	Fighting Man (清木場俊介の曲)ですね	Editional	
俊介	Fighting Man (清木場俊介の曲)ですね	Editional	
曲	Fighting Man (清木場俊介の曲)ですね	Editional	
シングル	Fighting Man (清木場俊介の曲)ですね	Editional	
教授	杉浦守邦ですね	Editional	
杉浦	杉浦守邦ですね	Editional	
守	杉浦守邦ですね	Editional	
邦	杉浦守邦ですね	Editional	
月	杉浦守邦ですね	Editional	
和	源鎮ですね	Editional	
源	源鎮ですね	Editional	
みな	源鎮ですね	Editional	
平安	源鎮ですね	Editional	
時代	源鎮ですね	Editional	
高円宮	高円宮杯 JFA U-18サッカープリンスリーグ東北ですね	Editional	
東北	高円宮杯 JFA U-18サッカープリンスリーグ東北ですね	Editional	
みや	高円宮杯 JFA U-18サッカープリンスリーグ東北ですね	Editional	
アンダー	高円宮杯 JFA U-18サッカープリンスリーグ東北ですね	Editional	
エイティーン	高円宮杯 JFA U-18サッカープリンスリーグ東北ですね	Editional	
小野	小野光景ですね	Editional	
横浜	小野光景ですね	Editional	
月	小野光景ですね	Editional	
光景	小野光景ですね	Editional	
前身	小野光景ですね	Editional	
正邦	ジプシー・ローズですね	Editional	
ローズ	ジプシー・ローズですね	Editional	
ジプシー	ジプシー・ローズですね	Editional	
月	ジプシー・ローズですね	Editional	
人気	ジプシー・ローズですね	Editional	
チーム	高円宮杯 JFA U-18サッカープリンスリーグ九州ですね	Editional	
高円宮	高円宮杯 JFA U-18サッカープリンスリーグ九州ですね	Editional	
九州	高円宮杯 JFA U-18サッカープリンスリーグ九州ですね	Editional	
リーグ	高円宮杯 JFA U-18サッカープリンスリーグ九州ですね	Editional	
みや	高円宮杯 JFA U-18サッカープリンスリーグ九州ですね	Editional	
飯高	飯高ですね	Editional	
日本人	飯高ですね	Editional	
姓	飯高ですね	Editional	
ロシア	ウラジーミル・メジンスキーですね	Editional	
委員	ウラジーミル・メジンスキーですね	Editional	
議長	ウラジーミル・メジンスキーですね	Editional	
月	ウラジーミル・メジンスキーですね	Editional	
作家	ウラジーミル・メジンスキーですね	Editional	
心理	セルゲイ・ルビンシュテインですね	Editional	
大学	セルゲイ・ルビンシュテインですね	Editional	
講座	セルゲイ・ルビンシュテインですね	Editional	
哲学	セルゲイ・ルビンシュテインですね	Editional	
主任	セルゲイ・ルビンシュテインですね	Editional	
昭和	藤野清ですね	Editional	
同社	藤野清ですね	Editional	
取締役	藤野清ですね	Editional	
広島	藤野清ですね	Editional	
藤野	藤野清ですね	Editional	
歌	石川達之ですね	Editional	
石川	石川達之ですね	Editional	
達之	石川達之ですね	Editional	
月	石川達之ですね	Editional	
消防	石川達之ですね	Editional	
エンジェル	エンジェル (藤井フミヤの曲)ですね	Editional	
藤井	エンジェル (藤井フミヤの曲)ですね	Editional	
フミヤ	エンジェル (藤井フミヤの曲)ですね	Editional	
曲	エンジェル (藤井フミヤの曲)ですね	Editional	
シングル	エンジェル (藤井フミヤの曲)ですね	Editional	
藤井	GIRL FRIEND (藤井フミヤの曲)ですね	Editional	
フミヤ	GIRL FRIEND (藤井フミヤの曲)ですね	Editional	
曲	GIRL FRIEND (藤井フミヤの曲)ですね	Editional	
ガール	GIRL FRIEND (藤井フミヤの曲)ですね	Editional	
フレンド	GIRL FRIEND (藤井フミヤの曲)ですね	Editional	
ミスミ	三枝匡ですね	Editional	
事業	三枝匡ですね	Editional	
グループ	三枝匡ですね	Editional	
取締役	三枝匡ですね	Editional	
一橋大学	三枝匡ですね	Editional	
写真	中村昇 (写真家)ですね	Editional	
集英社	中村昇 (写真家)ですね	Editional	
中村	中村昇 (写真家)ですね	Editional	
昇	中村昇 (写真家)ですね	Editional	
なか	中村昇 (写真家)ですね	Editional	
源	源清ですね	Editional	
清	源清ですね	Editional	
みな	源清ですね	Editional	
きよし	源清ですね	Editional	
平安	源清ですね	Editional	
宮城	黒沢光義ですね	Editional	
シングル	黒沢光義ですね	Editional	
黒沢	黒沢光義ですね	Editional	
光義	黒沢光義ですね	Editional	
月	黒沢光義ですね	Editional	
教授	飯塚恵理人ですね	Editional	
飯塚	飯塚恵理人ですね	Editional	
恵理	飯塚恵理人ですね	Editional	
能楽	飯塚恵理人ですね	Editional	
椙山女学園大学	飯塚恵理人ですね	Editional	
宇部興産	渡辺剛二ですね	Editional	
渡辺	渡辺剛二ですね	Editional	
昭和	渡辺剛二ですね	Editional	
山口	渡辺剛二ですね	Editional	
祐	渡辺剛二ですね	Editional	
映画	奥村盛人ですね	Editional	
月	奥村盛人ですね	Editional	
奥村	奥村盛人ですね	Editional	
盛	奥村盛人ですね	Editional	
高知	奥村盛人ですね	Editional	
衆議院	小林進 (政治家)ですね	Editional	
議員	小林進 (政治家)ですね	Editional	
小林	小林進 (政治家)ですね	Editional	
日本	小林進 (政治家)ですね	Editional	
平野	小林進 (政治家)ですね	Editional	
昭和	三宅宗悦ですね	Editional	
月	三宅宗悦ですね	Editional	
京都	三宅宗悦ですね	Editional	
大学	三宅宗悦ですね	Editional	
三宅	三宅宗悦ですね	Editional	
月	ブランドン・ベルトですね	Editional	
一塁	ブランドン・ベルトですね	Editional	
本塁打	ブランドン・ベルトですね	Editional	
シーズン	ブランドン・ベルトですね	Editional	
ブランドン	ブランドン・ベルトですね	Editional	
本塁打	ブランドン・クロフォードですね	Editional	
打率	ブランドン・クロフォードですね	Editional	
月	ブランドン・クロフォードですね	Editional	
打点	ブランドン・クロフォードですね	Editional	
遊撃手	ブランドン・クロフォードですね	Editional	
沖縄	麻田侑希ですね	Editional	
久米島	麻田侑希ですね	Editional	
紬	麻田侑希ですね	Editional	
月	麻田侑希ですね	Editional	
学校	麻田侑希ですね	Editional	
警察	警察署長 ジェッシイ・ストーン 暗夜を渉るですね	Editional	
署長	警察署長 ジェッシイ・ストーン 暗夜を渉るですね	Editional	
町	警察署長 ジェッシイ・ストーン 暗夜を渉るですね	Editional	
暗夜	警察署長 ジェッシイ・ストーン 暗夜を渉るですね	Editional	
渉	警察署長 ジェッシイ・ストーン 暗夜を渉るですね	Editional	
こんにゃく	大石哲史ですね	Editional	
オペラ	大石哲史ですね	Editional	
大石	大石哲史ですね	Editional	
歌	大石哲史ですね	Editional	
座	大石哲史ですね	Editional	
立川	立川志ら乃ですね	Editional	
弟子	立川志ら乃ですね	Editional	
志	立川志ら乃ですね	Editional	
真打	立川志ら乃ですね	Editional	
月	立川志ら乃ですね	Editional	
沢	八ノ沢 (札内川)ですね	Editional	
札内川	八ノ沢 (札内川)ですね	Editional	
十勝	八ノ沢 (札内川)ですね	Editional	
日高山脈	八ノ沢 (札内川)ですね	Editional	
カムイエクウチカウシ山	八ノ沢 (札内川)ですね	Editional	
女子	村松智子ですね	Editional	
日テレ	村松智子ですね	Editional	
村松	村松智子ですね	Editional	
智子	村松智子ですね	Editional	
月	村松智子ですね	Editional	
教授	久重忠夫ですね	Editional	
久重	久重忠夫ですね	Editional	
忠夫	久重忠夫ですね	Editional	
哲学	久重忠夫ですね	Editional	
専修大学	久重忠夫ですね	Editional	
月	上村彩子 (声優)ですね	Editional	
声優	上村彩子 (声優)ですね	Editional	
メンバー	上村彩子 (声優)ですね	Editional	
上村	上村彩子 (声優)ですね	Editional	
彩子	上村彩子 (声優)ですね	Editional	
備中	源安ですね	Editional	
官位	源安ですね	Editional	
仁	源安ですね	Editional	
嘉	源安ですね	Editional	
祥	源安ですね	Editional	
日テレ	田中美南ですね	Editional	
リーグ	田中美南ですね	Editional	
女子	田中美南ですね	Editional	
チーム	田中美南ですね	Editional	
シーズン	田中美南ですね	Editional	
酒井	酒井蘭ですね	Editional	
蘭	酒井蘭ですね	Editional	
さかい	酒井蘭ですね	Editional	
らん	酒井蘭ですね	Editional	
月	酒井蘭ですね	Editional	
月	荒木奈々ですね	Editional	
荒木	荒木奈々ですね	Editional	
奈々	荒木奈々ですね	Editional	
グラビア	荒木奈々ですね	Editional	
本格	荒木奈々ですね	Editional	
津山	広瀬臺山ですね	Editional	
広瀬	広瀬臺山ですね	Editional	
画	広瀬臺山ですね	Editional	
遺墨	広瀬臺山ですね	Editional	
文化	広瀬臺山ですね	Editional	
空手	金城裕ですね	Editional	
舘	金城裕ですね	Editional	
金城	金城裕ですね	Editional	
韓	金城裕ですね	Editional	
武	金城裕ですね	Editional	
本塁打	トッド・フレイジャーですね	Editional	
月	トッド・フレイジャーですね	Editional	
打点	トッド・フレイジャーですね	Editional	
打率	トッド・フレイジャーですね	Editional	
リーグ	トッド・フレイジャーですね	Editional	
おばさん	フランシス・ベイヴィアですね	Editional	
月	フランシス・ベイヴィアですね	Editional	
映画	フランシス・ベイヴィアですね	Editional	
テレビ	フランシス・ベイヴィアですね	Editional	
女優	フランシス・ベイヴィアですね	Editional	
西森	西森千豊ですね	Editional	
千	西森千豊ですね	Editional	
豊	西森千豊ですね	Editional	
にし	西森千豊ですね	Editional	
ちひろ	西森千豊ですね	Editional	
中国	林ロウ苑ですね	Editional	
画	林ロウ苑ですね	Editional	
絵師	林ロウ苑ですね	Editional	
飛	林ロウ苑ですね	Editional	
将軍	林ロウ苑ですね	Editional	
たけし	火薬田ドンですね	Editional	
花火	火薬田ドンですね	Editional	
ネタ	火薬田ドンですね	Editional	
田	火薬田ドンですね	Editional	
キャラクター	火薬田ドンですね	Editional	
ハンナ	ハンナ・ミラーですね	Editional	
ミラー	ハンナ・ミラーですね	Editional	
月	ハンナ・ミラーですね	Editional	
アメリカ合衆国	ハンナ・ミラーですね	Editional	
女性	ハンナ・ミラーですね	Editional	
株	五十嵐壮太郎ですね	Editional	
五十嵐	五十嵐壮太郎ですね	Editional	
壮太	五十嵐壮太郎ですね	Editional	
郎	五十嵐壮太郎ですね	Editional	
月	五十嵐壮太郎ですね	Editional	
信武	田中安定ですね	Editional	
田中	田中安定ですね	Editional	
宗	田中安定ですね	Editional	
生駒	田中安定ですね	Editional	
宇陀	田中安定ですね	Editional	
セキュリティ	辻井重男ですね	Editional	
辻井	辻井重男ですね	Editional	
情報	辻井重男ですね	Editional	
重男	辻井重男ですね	Editional	
教授	辻井重男ですね	Editional	
アラバマ	ジョージ・リンゼイですね	Editional	
エピソード	ジョージ・リンゼイですね	Editional	
ジョージ	ジョージ・リンゼイですね	Editional	
大学	ジョージ・リンゼイですね	Editional	
番組	ジョージ・リンゼイですね	Editional	
半澤	半澤周三ですね	Editional	
周三	半澤周三ですね	Editional	
釜石	半澤周三ですね	Editional	
日	半澤周三ですね	Editional	
鐵	半澤周三ですね	Editional	
榊	榊順次郎ですね	Editional	
順次郎	榊順次郎ですね	Editional	
日本	榊順次郎ですね	Editional	
産婦人科	榊順次郎ですね	Editional	
安政	榊順次郎ですね	Editional	
英語	荒井弥栄ですね	Editional	
月	荒井弥栄ですね	Editional	
東京	荒井弥栄ですね	Editional	
日本	荒井弥栄ですね	Editional	
講師	荒井弥栄ですね	Editional	
月	Choose me ダーリンですね	Editional	
シングル	Choose me ダーリンですね	Editional	
ダーリン	Choose me ダーリンですね	Editional	
前作	Choose me ダーリンですね	Editional	
小倉	Choose me ダーリンですね	Editional	
ラテン	マスード・エスマイルプールですね	Editional	
月	マスード・エスマイルプールですね	Editional	
イラン	マスード・エスマイルプールですね	Editional	
レスリング	マスード・エスマイルプールですね	Editional	
選手	マスード・エスマイルプールですね	Editional	
とんねるず	ハレバレとんねるず 略してテレとんですね	Editional	
番組	ハレバレとんねるず 略してテレとんですね	Editional	
テレビ東京	ハレバレとんねるず 略してテレとんですね	Editional	
爆弾	ハレバレとんねるず 略してテレとんですね	Editional	
賞金	ハレバレとんねるず 略してテレとんですね	Editional	
脚本	山永明子ですね	Editional	
永	山永明子ですね	Editional	
テレビ	山永明子ですね	Editional	
ドラマ	山永明子ですね	Editional	
山	山永明子ですね	Editional	
映画	ジャン・ユンカーマンですね	Editional	
アメリカ	ジャン・ユンカーマンですね	Editional	
憲法	ジャン・ユンカーマンですね	Editional	
アメリカ合衆国	ジャン・ユンカーマンですね	Editional	
ジャーナリスト	ジャン・ユンカーマンですね	Editional	
植物	エリザベス・ブラックウェル (植物画家)ですね	Editional	
夫	エリザベス・ブラックウェル (植物画家)ですね	Editional	
薬草	エリザベス・ブラックウェル (植物画家)ですね	Editional	
薬剤師	エリザベス・ブラックウェル (植物画家)ですね	Editional	
医師	エリザベス・ブラックウェル (植物画家)ですね	Editional	
教授	平石直昭ですね	Editional	
政治	平石直昭ですね	Editional	
東京大学	平石直昭ですね	Editional	
助教授	平石直昭ですね	Editional	
平石	平石直昭ですね	Editional	
教授	西口順子ですね	Editional	
西口	西口順子ですね	Editional	
順子	西口順子ですね	Editional	
日本	西口順子ですね	Editional	
大学	西口順子ですね	Editional	
教授	速水侑ですね	Editional	
速水	速水侑ですね	Editional	
日本	速水侑ですね	Editional	
仏教	速水侑ですね	Editional	
東海大学	速水侑ですね	Editional	
大島	大島破竹郎ですね	Editional	
佐賀	大島破竹郎ですね	Editional	
県知事	大島破竹郎ですね	Editional	
月	大島破竹郎ですね	Editional	
昭和	大島破竹郎ですね	Editional	
子分	清水次郎長 (1971年のテレビドラマ)ですね	Editional	
葉	清水次郎長 (1971年のテレビドラマ)ですね	Editional	
本	清水次郎長 (1971年のテレビドラマ)ですね	Editional	
彰子	清水次郎長 (1971年のテレビドラマ)ですね	Editional	
回	清水次郎長 (1971年のテレビドラマ)ですね	Editional	
春	渡辺幾春ですね	Editional	
名古屋	渡辺幾春ですね	Editional	
大正	渡辺幾春ですね	Editional	
昭和	渡辺幾春ですね	Editional	
日本	渡辺幾春ですね	Editional	
中尾	中尾堯ですね	Editional	
立正大学	中尾堯ですね	Editional	
教授	中尾堯ですね	Editional	
文学部	中尾堯ですね	Editional	
昭和	中尾堯ですね	Editional	
郡	ジェファーソン郡 (ミズーリ州)ですね	Editional	
ジェファーソン	ジェファーソン郡 (ミズーリ州)ですね	Editional	
州	ジェファーソン郡 (ミズーリ州)ですね	Editional	
人口	ジェファーソン郡 (ミズーリ州)ですね	Editional	
クリントン	ジェファーソン郡 (ミズーリ州)ですね	Editional	
番組	ツイテル!?ですね	Editional	
月	ツイテル!?ですね	Editional	
岩手	ツイテル!?ですね	Editional	
ツイ	ツイテル!?ですね	Editional	
テル	ツイテル!?ですね	Editional	
月	リチャード・ウィルソン・ペトリーですね	Editional	
日本	リチャード・ウィルソン・ペトリーですね	Editional	
政治	リチャード・ウィルソン・ペトリーですね	Editional	
大学	リチャード・ウィルソン・ペトリーですね	Editional	
アメリカ	リチャード・ウィルソン・ペトリーですね	Editional	
日本	勝浦令子ですね	Editional	
東京女子大学	勝浦令子ですね	Editional	
勝浦	勝浦令子ですね	Editional	
令子	勝浦令子ですね	Editional	
教授	勝浦令子ですね	Editional	
羽咋	羽咋七塚ですね	Editional	
七塚	羽咋七塚ですね	Editional	
塚	羽咋七塚ですね	Editional	
磐	羽咋七塚ですね	Editional	
別命	羽咋七塚ですね	Editional	
日本	山岸泉琳ですね	Editional	
山岸	山岸泉琳ですね	Editional	
泉	山岸泉琳ですね	Editional	
東京	山岸泉琳ですね	Editional	
画家	山岸泉琳ですね	Editional	
伊藤	伊藤和也ですね	Editional	
アフガニスタン	伊藤和也ですね	Editional	
テロ	伊藤和也ですね	Editional	
農業	伊藤和也ですね	Editional	
和也	伊藤和也ですね	Editional	
右	南部無右衛門ですね	Editional	
衛門	南部無右衛門ですね	Editional	
南部	南部無右衛門ですね	Editional	
丹羽	南部無右衛門ですね	Editional	
没年	南部無右衛門ですね	Editional	
坂井	坂井直政ですね	Editional	
丹羽	坂井直政ですね	Editional	
長秀	坂井直政ですね	Editional	
戦い	坂井直政ですね	Editional	
前田	坂井直政ですね	Editional	
藤樹	藤樹書院ですね	Editional	
書院	藤樹書院ですね	Editional	
陽明学	藤樹書院ですね	Editional	
中江	藤樹書院ですね	Editional	
私塾	藤樹書院ですね	Editional	
床屋	ハワード・マクニアですね	Editional	
フロイド	ハワード・マクニアですね	Editional	
役	ハワード・マクニアですね	Editional	
月	ハワード・マクニアですね	Editional	
ラジオ	ハワード・マクニアですね	Editional	
番組	ハル・スミスですね	Editional	
スミス	ハル・スミスですね	Editional	
月	ハル・スミスですね	Editional	
間	ハル・スミスですね	Editional	
ハル	ハル・スミスですね	Editional	
和	藤原諸成ですね	Editional	
藤原	藤原諸成ですね	Editional	
仁	藤原諸成ですね	Editional	
成	藤原諸成ですね	Editional	
右京大夫	藤原諸成ですね	Editional	
長沼	長沼賢海ですね	Editional	
学者	長沼賢海ですね	Editional	
新潟	長沼賢海ですね	Editional	
賢	長沼賢海ですね	Editional	
海	長沼賢海ですね	Editional	
竹田	竹田恵子ですね	Editional	
恵子	竹田恵子ですね	Editional	
オペラ	竹田恵子ですね	Editional	
こんにゃく	竹田恵子ですね	Editional	
たけ	竹田恵子ですね	Editional	
市民	小川巧記ですね	Editional	
プロデューサー	小川巧記ですね	Editional	
国際	小川巧記ですね	Editional	
小川	小川巧記ですね	Editional	
巧	小川巧記ですね	Editional	
三重	あまてるこですね	Editional	
キャラクター	あまてるこですね	Editional	
あま	あまてるこですね	Editional	
てるこ	あまてるこですね	Editional	
伊勢	あまてるこですね	Editional	
右翼	李哲承ですね	Editional	
韓国	李哲承ですね	Editional	
学生	李哲承ですね	Editional	
李	李哲承ですね	Editional	
哲承	李哲承ですね	Editional	
野球	中村昭ですね	Editional	
捕手	中村昭ですね	Editional	
月	中村昭ですね	Editional	
中村	中村昭ですね	Editional	
昭	中村昭ですね	Editional	
ホロコースト	ホロコースト -アドルフ・ヒトラーの洗礼-ですね	Editional	
アドルフ	ホロコースト -アドルフ・ヒトラーの洗礼-ですね	Editional	
ヒトラー	ホロコースト -アドルフ・ヒトラーの洗礼-ですね	Editional	
原題	ホロコースト -アドルフ・ヒトラーの洗礼-ですね	Editional	
フランス	ホロコースト -アドルフ・ヒトラーの洗礼-ですね	Editional	
神社	荒井神社 (南丹市)ですね	Editional	
荒井	荒井神社 (南丹市)ですね	Editional	
当社	荒井神社 (南丹市)ですね	Editional	
南	荒井神社 (南丹市)ですね	Editional	
丹	荒井神社 (南丹市)ですね	Editional	
競輪	森美紀ですね	Editional	
月	森美紀ですね	Editional	
学校	森美紀ですね	Editional	
選手	森美紀ですね	Editional	
福岡	森美紀ですね	Editional	
月	アンナ・リュブリンスカヤですね	Editional	
心理	アンナ・リュブリンスカヤですね	Editional	
対象	アンナ・リュブリンスカヤですね	Editional	
子ども	アンナ・リュブリンスカヤですね	Editional	
アンナ	アンナ・リュブリンスカヤですね	Editional	
神社	船井神社ですね	Editional	
船井	船井神社ですね	Editional	
住吉	船井神社ですね	Editional	
明神	船井神社ですね	Editional	
地	船井神社ですね	Editional	
中沢	中沢護人ですね	Editional	
日本	中沢護人ですね	Editional	
技術	中沢護人ですね	Editional	
護	中沢護人ですね	Editional	
月	中沢護人ですね	Editional	
空手	田中昌彦ですね	Editional	
日本	田中昌彦ですね	Editional	
大学	田中昌彦ですね	Editional	
協会	田中昌彦ですね	Editional	
大会	田中昌彦ですね	Editional	
経済	ロバート・アイスナーですね	Editional	
ロバート	ロバート・アイスナーですね	Editional	
月	ロバート・アイスナーですね	Editional	
ニューヨーク	ロバート・アイスナーですね	Editional	
生まれ	ロバート・アイスナーですね	Editional	
五島	五島市立福江小学校ですね	Editional	
小学校	五島市立福江小学校ですね	Editional	
市立	五島市立福江小学校ですね	Editional	
福江	五島市立福江小学校ですね	Editional	
うし	五島市立福江小学校ですね	Editional	
労働党	シェリー・ヤヒモビッチですね	Editional	
党首	シェリー・ヤヒモビッチですね	Editional	
議席	シェリー・ヤヒモビッチですね	Editional	
月	シェリー・ヤヒモビッチですね	Editional	
イスラエル	シェリー・ヤヒモビッチですね	Editional	
短歌	池田はるみですね	Editional	
歌集	池田はるみですね	Editional	
はるみ	池田はるみですね	Editional	
歌人	池田はるみですね	Editional	
現代	池田はるみですね	Editional	
教授	増田芳雄ですね	Editional	
植物	増田芳雄ですね	Editional	
増田	増田芳雄ですね	Editional	
芳雄	増田芳雄ですね	Editional	
大阪市立大学	増田芳雄ですね	Editional	
短歌	山田富士郎ですね	Editional	
山田	山田富士郎ですね	Editional	
歌人	山田富士郎ですね	Editional	
富	山田富士郎ですね	Editional	
士郎	山田富士郎ですね	Editional	
歌川	歌川芳邨ですね	Editional	
明治	歌川芳邨ですね	Editional	
芳	歌川芳邨ですね	Editional	
時代	歌川芳邨ですね	Editional	
むら	歌川芳邨ですね	Editional	
土門	土門健司ですね	Editional	
騎手	土門健司ですね	Editional	
競馬	土門健司ですね	Editional	
厩舎	土門健司ですね	Editional	
月	土門健司ですね	Editional	
作品	箏三重奏 (船川利夫)ですね	Editional	
箏	箏三重奏 (船川利夫)ですね	Editional	
船川	箏三重奏 (船川利夫)ですね	Editional	
利夫	箏三重奏 (船川利夫)ですね	Editional	
泉	箏三重奏 (船川利夫)ですね	Editional	
郡	コール郡 (ミズーリ州)ですね	Editional	
コール	コール郡 (ミズーリ州)ですね	Editional	
ミズーリ	コール郡 (ミズーリ州)ですね	Editional	
ジェファーソン	コール郡 (ミズーリ州)ですね	Editional	
シティ	コール郡 (ミズーリ州)ですね	Editional	
郡	ミラー郡 (ミズーリ州)ですね	Editional	
ミラー	ミラー郡 (ミズーリ州)ですね	Editional	
人口	ミラー郡 (ミズーリ州)ですね	Editional	
ミズーリ	ミラー郡 (ミズーリ州)ですね	Editional	
アメリカ合衆国	ミラー郡 (ミズーリ州)ですね	Editional	
出汐	出汐 (広島市)ですね	Editional	
広島	出汐 (広島市)ですね	Editional	
地区	出汐 (広島市)ですね	Editional	
皆実	出汐 (広島市)ですね	Editional	
宇品線	出汐 (広島市)ですね	Editional	
美学	岩城見一ですね	Editional	
教授	岩城見一ですね	Editional	
岩城	岩城見一ですね	Editional	
京都大	岩城見一ですね	Editional	
京都	岩城見一ですね	Editional	
カード	遊☆戯☆王デュエルモンスターズ8 破滅の大邪神ですね	Editional	
前作	遊☆戯☆王デュエルモンスターズ8 破滅の大邪神ですね	Editional	
モード	遊☆戯☆王デュエルモンスターズ8 破滅の大邪神ですね	Editional	
王	遊☆戯☆王デュエルモンスターズ8 破滅の大邪神ですね	Editional	
神	遊☆戯☆王デュエルモンスターズ8 破滅の大邪神ですね	Editional	
当地	下新城 (川崎市)ですね	Editional	
中原	下新城 (川崎市)ですね	Editional	
下新城	下新城 (川崎市)ですね	Editional	
川崎	下新城 (川崎市)ですね	Editional	
街道	下新城 (川崎市)ですね	Editional	
月	クリスティアン・アツですね	Editional	
ガーナ	クリスティアン・アツですね	Editional	
アツ	クリスティアン・アツですね	Editional	
ニューカッスル	クリスティアン・アツですね	Editional	
ユナイテッド	クリスティアン・アツですね	Editional	
アルバム	チャック・シュルディナーですね	Editional	
ギター	チャック・シュルディナーですね	Editional	
月	チャック・シュルディナーですね	Editional	
バンド	チャック・シュルディナーですね	Editional	
音楽	チャック・シュルディナーですね	Editional	
平田	平田三位ですね	Editional	
尾張	平田三位ですね	Editional	
信長	平田三位ですね	Editional	
名	平田三位ですね	Editional	
織田	平田三位ですね	Editional	
近衛	源善ですね	Editional	
中将	源善ですね	Editional	
源	源善ですね	Editional	
左	源善ですね	Editional	
昌	源善ですね	Editional	
いわき	藤田忠平ですね	Editional	
ギャラリー	藤田忠平ですね	Editional	
藤田	藤田忠平ですね	Editional	
忠平	藤田忠平ですね	Editional	
ふじ	藤田忠平ですね	Editional	
宮崎	黒木あすかですね	Editional	
あすか	黒木あすかですね	Editional	
黒木	黒木あすかですね	Editional	
ソプラノ	黒木あすかですね	Editional	
歌手	黒木あすかですね	Editional	
月	三田啓貴ですね	Editional	
チーム	三田啓貴ですね	Editional	
リーグ	三田啓貴ですね	Editional	
背番号	三田啓貴ですね	Editional	
三田	三田啓貴ですね	Editional	
湊	湊利記ですね	Editional	
利	湊利記ですね	Editional	
講談社	湊利記ですね	Editional	
みなと	湊利記ですね	Editional	
りき	湊利記ですね	Editional	
講談社	森野樹ですね	Editional	
森野	森野樹ですね	Editional	
樹	森野樹ですね	Editional	
日本	森野樹ですね	Editional	
小説	森野樹ですね	Editional	
外科	宮本忍ですね	Editional	
大学	宮本忍ですね	Editional	
教授	宮本忍ですね	Editional	
宮本	宮本忍ですね	Editional	
忍	宮本忍ですね	Editional	
バス	茂原市民バスですね	Editional	
年末年始	茂原市民バスですね	Editional	
茂原	茂原市民バスですね	Editional	
市民	茂原市民バスですね	Editional	
コミュニティ	茂原市民バスですね	Editional	
医学部	杉晴夫ですね	Editional	
杉	杉晴夫ですね	Editional	
日本	杉晴夫ですね	Editional	
教授	杉晴夫ですね	Editional	
博士	杉晴夫ですね	Editional	
キューバ	カストロ主義ですね	Editional	
主義	カストロ主義ですね	Editional	
カストロ	カストロ主義ですね	Editional	
ソビエト	カストロ主義ですね	Editional	
連邦	カストロ主義ですね	Editional	
村上	村上勝和ですね	Editional	
勝	村上勝和ですね	Editional	
和	村上勝和ですね	Editional	
大阪	村上勝和ですね	Editional	
清水谷	村上勝和ですね	Editional	
鹿島	鹿島天足和気神社ですね	Editional	
神社	鹿島天足和気神社ですね	Editional	
天	鹿島天足和気神社ですね	Editional	
足	鹿島天足和気神社ですね	Editional	
和気	鹿島天足和気神社ですね	Editional	
柔道	飯塚国三郎ですね	Editional	
師範	飯塚国三郎ですね	Editional	
昭和	飯塚国三郎ですね	Editional	
講道館	飯塚国三郎ですね	Editional	
慶應義塾	飯塚国三郎ですね	Editional	
斉木	斉木楠雄のΨ難ですね	Editional	
月	斉木楠雄のΨ難ですね	Editional	
能力	斉木楠雄のΨ難ですね	Editional	
生徒	斉木楠雄のΨ難ですね	Editional	
本	斉木楠雄のΨ難ですね	Editional	
サマーズ	ホープ・サマーズですね	Editional	
ワラ	ホープ・サマーズですね	Editional	
テレビ	ホープ・サマーズですね	Editional	
役	ホープ・サマーズですね	Editional	
ホープ	ホープ・サマーズですね	Editional	
自治体	ルビアンですね	Editional	
ルビ	ルビアンですね	Editional	
アン	ルビアンですね	Editional	
地区	ルビアンですね	Editional	
集落	ルビアンですね	Editional	
本多	本多隆朗の京のあったか円かじりですね	Editional	
隆	本多隆朗の京のあったか円かじりですね	Editional	
朗	本多隆朗の京のあったか円かじりですね	Editional	
京	本多隆朗の京のあったか円かじりですね	Editional	
円	本多隆朗の京のあったか円かじりですね	Editional	
月	寺澤辰麿ですね	Editional	
社長	寺澤辰麿ですね	Editional	
横浜銀行	寺澤辰麿ですね	Editional	
頭取	寺澤辰麿ですね	Editional	
寺澤	寺澤辰麿ですね	Editional	
佐伯	佐伯堅田インターチェンジですね	Editional	
インターチェンジ	佐伯堅田インターチェンジですね	Editional	
堅田	佐伯堅田インターチェンジですね	Editional	
大分	佐伯堅田インターチェンジですね	Editional	
長谷	佐伯堅田インターチェンジですね	Editional	
木下	木下栞ですね	Editional	
栞	木下栞ですね	Editional	
女子	木下栞ですね	Editional	
長野	木下栞ですね	Editional	
日テレ	木下栞ですね	Editional	
東坊城	東坊城秀長ですね	Editional	
月	東坊城秀長ですね	Editional	
時代	東坊城秀長ですね	Editional	
秀長	東坊城秀長ですね	Editional	
子	東坊城秀長ですね	Editional	
精神	前田重治ですね	Editional	
九州大学	前田重治ですね	Editional	
教授	前田重治ですね	Editional	
前田	前田重治ですね	Editional	
重治	前田重治ですね	Editional	
女子	土光真代ですね	Editional	
戸田	土光真代ですね	Editional	
日テレ	土光真代ですね	Editional	
日本	土光真代ですね	Editional	
土光	土光真代ですね	Editional	
大阪	渡部悟ですね	Editional	
渡部	渡部悟ですね	Editional	
悟	渡部悟ですね	Editional	
わ	渡部悟ですね	Editional	
なべ	渡部悟ですね	Editional	
女子	道上彩花ですね	Editional	
サッカー	道上彩花ですね	Editional	
高校	道上彩花ですね	Editional	
大会	道上彩花ですね	Editional	
リーグ	道上彩花ですね	Editional	
女子	藤田のぞみですね	Editional	
シーズン	藤田のぞみですね	Editional	
月	藤田のぞみですね	Editional	
リーグ	藤田のぞみですね	Editional	
のぞみ	藤田のぞみですね	Editional	
経済学部	永田正臣ですね	Editional	
永田	永田正臣ですね	Editional	
正臣	永田正臣ですね	Editional	
日本	永田正臣ですね	Editional	
経済	永田正臣ですね	Editional	
池田	池田咲紀子ですね	Editional	
月	池田咲紀子ですね	Editional	
女子	池田咲紀子ですね	Editional	
浦和レッズ	池田咲紀子ですね	Editional	
レディース	池田咲紀子ですね	Editional	
映画	ホセ・カルヴォですね	Editional	
月	ホセ・カルヴォですね	Editional	
スペイン	ホセ・カルヴォですね	Editional	
西部	ホセ・カルヴォですね	Editional	
劇	ホセ・カルヴォですね	Editional	
ノーフォーク	マッカーサー・スクウェア駅ですね	Editional	
マッカーサー	マッカーサー・スクウェア駅ですね	Editional	
スクウェア	マッカーサー・スクウェア駅ですね	Editional	
英語	マッカーサー・スクウェア駅ですね	Editional	
バージニア	マッカーサー・スクウェア駅ですね	Editional	
スキー	平沢文雄ですね	Editional	
平沢	平沢文雄ですね	Editional	
文雄	平沢文雄ですね	Editional	
中高年	平沢文雄ですね	Editional	
月	平沢文雄ですね	Editional	
ゆ	中村ゆしかですね	Editional	
中村	中村ゆしかですね	Editional	
女子	中村ゆしかですね	Editional	
サッカー	中村ゆしかですね	Editional	
長野	中村ゆしかですね	Editional	
郡	ヘンリー郡 (ミズーリ州)ですね	Editional	
ヘンリー	ヘンリー郡 (ミズーリ州)ですね	Editional	
ミズーリ	ヘンリー郡 (ミズーリ州)ですね	Editional	
アメリカ合衆国	ヘンリー郡 (ミズーリ州)ですね	Editional	
人口	ヘンリー郡 (ミズーリ州)ですね	Editional	
郡	モーガン郡 (ミズーリ州)ですね	Editional	
ガン	モーガン郡 (ミズーリ州)ですね	Editional	
モー	モーガン郡 (ミズーリ州)ですね	Editional	
人口	モーガン郡 (ミズーリ州)ですね	Editional	
アメリカ合衆国	モーガン郡 (ミズーリ州)ですね	Editional	
郡	クーパー郡 (ミズーリ州)ですね	Editional	
クーパー	クーパー郡 (ミズーリ州)ですね	Editional	
人口	クーパー郡 (ミズーリ州)ですね	Editional	
ミズーリ	クーパー郡 (ミズーリ州)ですね	Editional	
国勢調査	クーパー郡 (ミズーリ州)ですね	Editional	
幸	幸兵衛窯ですね	Editional	
兵衛	幸兵衛窯ですね	Editional	
窯	幸兵衛窯ですね	Editional	
がま	幸兵衛窯ですね	Editional	
岐阜	幸兵衛窯ですね	Editional	
ランディ	ジャクソン・ランディ・ローズですね	Editional	
ローズ	ジャクソン・ランディ・ローズですね	Editional	
モデル	ジャクソン・ランディ・ローズですね	Editional	
ギター	ジャクソン・ランディ・ローズですね	Editional	
プロトタイプ	ジャクソン・ランディ・ローズですね	Editional	
三善	鍋田三善ですね	Editional	
月	鍋田三善ですね	Editional	
磐城	鍋田三善ですね	Editional	
安藤	鍋田三善ですね	Editional	
藩	鍋田三善ですね	Editional	
小栗	小栗純子ですね	Editional	
純子	小栗純子ですね	Editional	
日本	小栗純子ですね	Editional	
宗教	小栗純子ですね	Editional	
じゅん	小栗純子ですね	Editional	
メタル	メタルギアシリーズにおける年表ですね	Editional	
ギア	メタルギアシリーズにおける年表ですね	Editional	
シリーズ	メタルギアシリーズにおける年表ですね	Editional	
年表	メタルギアシリーズにおける年表ですね	Editional	
出来事	メタルギアシリーズにおける年表ですね	Editional	
バイパス	水橋バイパスですね	Editional	
芳賀	水橋バイパスですね	Editional	
水橋	水橋バイパスですね	Editional	
栃木	水橋バイパスですね	Editional	
区間	水橋バイパスですね	Editional	
教授	野本和幸ですね	Editional	
哲学	野本和幸ですね	Editional	
野本	野本和幸ですね	Editional	
和幸	野本和幸ですね	Editional	
東京都立大学	野本和幸ですね	Editional	
大学	大出晁ですね	Editional	
教授	大出晁ですね	Editional	
慶應義塾	大出晁ですね	Editional	
大出	大出晁ですね	Editional	
哲学	大出晁ですね	Editional	
女優	夏目優希ですね	Editional	
夏目	夏目優希ですね	Editional	
優希	夏目優希ですね	Editional	
月	夏目優希ですね	Editional	
なつ	夏目優希ですね	Editional	
東京	佐藤伸之ですね	Editional	
演劇	佐藤伸之ですね	Editional	
劇団	佐藤伸之ですね	Editional	
舞踊	佐藤伸之ですね	Editional	
佐藤	佐藤伸之ですね	Editional	
音楽	黒田亜樹ですね	Editional	
ピアノ	黒田亜樹ですね	Editional	
コンクール	黒田亜樹ですね	Editional	
現代	黒田亜樹ですね	Editional	
黒田	黒田亜樹ですね	Editional	
塾	廉塾ですね	Editional	
廉	廉塾ですね	Editional	
茶山	廉塾ですね	Editional	
講堂	廉塾ですね	Editional	
福山	廉塾ですね	Editional	
国際	山中誠ですね	Editional	
昭和	山中誠ですね	Editional	
大使	山中誠ですね	Editional	
大学	山中誠ですね	Editional	
外務省	山中誠ですね	Editional	
リーグ	リーガ1 (インドネシア)ですね	Editional	
インドネシア	リーガ1 (インドネシア)ですね	Editional	
サッカー	リーガ1 (インドネシア)ですね	Editional	
シーズン	リーガ1 (インドネシア)ですね	Editional	
上位	リーガ1 (インドネシア)ですね	Editional	
大島	大島史洋ですね	Editional	
歌人	大島史洋ですね	Editional	
洋	大島史洋ですね	Editional	
未来	大島史洋ですね	Editional	
史	大島史洋ですね	Editional	
桂木	桂木悠希ですね	Editional	
悠	桂木悠希ですね	Editional	
かつらぎ	桂木悠希ですね	Editional	
月	桂木悠希ですね	Editional	
日本	桂木悠希ですね	Editional	
月	クリス・ニコルですね	Editional	
シーズン	クリス・ニコルですね	Editional	
北アイルランド	クリス・ニコルですね	Editional	
クリス	クリス・ニコルですね	Editional	
ニコル	クリス・ニコルですね	Editional	
ベルギー	フランソワ・スクイテンですね	Editional	
漫画	フランソワ・スクイテンですね	Editional	
作品	フランソワ・スクイテンですね	Editional	
ブリュッセル	フランソワ・スクイテンですね	Editional	
闇	フランソワ・スクイテンですね	Editional	
永	永美ハルオですね	Editional	
美	永美ハルオですね	Editional	
漫画	永美ハルオですね	Editional	
日本	永美ハルオですね	Editional	
イラストレーター	永美ハルオですね	Editional	
まどか	円山まどかですね	Editional	
講談社	円山まどかですね	Editional	
円山	円山まどかですね	Editional	
森	円山まどかですね	Editional	
まるや	円山まどかですね	Editional	
平井	平井 (三木市)ですね	Editional	
三木	平井 (三木市)ですね	Editional	
ひらい	平井 (三木市)ですね	Editional	
兵庫	平井 (三木市)ですね	Editional	
大字	平井 (三木市)ですね	Editional	
月	アントニオ・プリエートですね	Editional	
人気	アントニオ・プリエートですね	Editional	
歌手	アントニオ・プリエートですね	Editional	
アントニオ	アントニオ・プリエートですね	Editional	
チリ	アントニオ・プリエートですね	Editional	
特命	高松明ですね	Editional	
全権	高松明ですね	Editional	
大使	高松明ですね	Editional	
高松	高松明ですね	Editional	
明	高松明ですね	Editional	
鳥取	雁金山城ですね	Editional	
雁金	雁金山城ですね	Editional	
山城	雁金山城ですね	Editional	
城	雁金山城ですね	Editional	
久	雁金山城ですね	Editional	
街道	岩崎街道ですね	Editional	
岩崎	岩崎街道ですね	Editional	
花巻	岩崎街道ですね	Editional	
奥州	岩崎街道ですね	Editional	
盛岡	岩崎街道ですね	Editional	
参謀	殖田謙吉ですね	Editional	
海軍	殖田謙吉ですね	Editional	
月	殖田謙吉ですね	Editional	
艦隊	殖田謙吉ですね	Editional	
秋山	殖田謙吉ですね	Editional	
靖子	靖子靖史ですね	Editional	
靖	靖子靖史ですね	Editional	
かぜ	靖子靖史ですね	Editional	
講談社	靖子靖史ですね	Editional	
やすこ	靖子靖史ですね	Editional	
杉谷	杉谷光一ですね	Editional	
光一	杉谷光一ですね	Editional	
こういち	杉谷光一ですね	Editional	
日本	杉谷光一ですね	Editional	
アニメーション	杉谷光一ですね	Editional	
アリス	アリスの恋人ですね	Editional	
ルイス	アリスの恋人ですね	Editional	
キャロル	アリスの恋人ですね	Editional	
月	アリスの恋人ですね	Editional	
女王	アリスの恋人ですね	Editional	
春	徳山一美ですね	Editional	
野球	徳山一美ですね	Editional	
鳥取	徳山一美ですね	Editional	
倉吉	徳山一美ですね	Editional	
徳山	徳山一美ですね	Editional	
本	伊達家旧蔵無年号本古今和歌集ですね	Editional	
伊達	伊達家旧蔵無年号本古今和歌集ですね	Editional	
嘉	伊達家旧蔵無年号本古今和歌集ですね	Editional	
禄	伊達家旧蔵無年号本古今和歌集ですね	Editional	
定家	伊達家旧蔵無年号本古今和歌集ですね	Editional	
月	クルト・フォン・ゴットベルクですね	Editional	
親衛隊	クルト・フォン・ゴットベルクですね	Editional	
警察	クルト・フォン・ゴットベルクですね	Editional	
章	クルト・フォン・ゴットベルクですね	Editional	
白ロシア	クルト・フォン・ゴットベルクですね	Editional	
和歌山大学	松浦善満ですね	Editional	
松浦	松浦善満ですね	Editional	
善	松浦善満ですね	Editional	
教授	松浦善満ですね	Editional	
学部	松浦善満ですね	Editional	
バレンタイン	バレンタイン/ブロード・クリーク駅ですね	Editional	
ブロード	バレンタイン/ブロード・クリーク駅ですね	Editional	
クリーク	バレンタイン/ブロード・クリーク駅ですね	Editional	
英語	バレンタイン/ブロード・クリーク駅ですね	Editional	
バージニア	バレンタイン/ブロード・クリーク駅ですね	Editional	
番組	お笑い地賛地笑バラエティ ガンバッペ魂ですね	Editional	
月	お笑い地賛地笑バラエティ ガンバッペ魂ですね	Editional	
お笑い	お笑い地賛地笑バラエティ ガンバッペ魂ですね	Editional	
ラジオ	お笑い地賛地笑バラエティ ガンバッペ魂ですね	Editional	
笑	お笑い地賛地笑バラエティ ガンバッペ魂ですね	Editional	
弁護士	宮原守男ですね	Editional	
日本	宮原守男ですね	Editional	
顧問	宮原守男ですね	Editional	
宮原	宮原守男ですね	Editional	
守男	宮原守男ですね	Editional	
福田	福田幸弘ですね	Editional	
幸弘	福田幸弘ですね	Editional	
月	福田幸弘ですね	Editional	
ふく	福田幸弘ですね	Editional	
ゆき	福田幸弘ですね	Editional	
羽咋	羽咋神社ですね	Editional	
神社	羽咋神社ですね	Editional	
大塚	羽咋神社ですね	Editional	
石	羽咋神社ですね	Editional	
別命	羽咋神社ですね	Editional	
月	杉山勝彦ですね	Editional	
音楽	杉山勝彦ですね	Editional	
学園	杉山勝彦ですね	Editional	
佐藤	杉山勝彦ですね	Editional	
テーマ	杉山勝彦ですね	Editional	
堀内	堀内優美ですね	Editional	
優美	堀内優美ですね	Editional	
ほり	堀内優美ですね	Editional	
ゆみ	堀内優美ですね	Editional	
月	堀内優美ですね	Editional	
南部	南部瑞子ですね	Editional	
昭和	南部瑞子ですね	Editional	
盛岡	南部瑞子ですね	Editional	
岩手	南部瑞子ですね	Editional	
当主	南部瑞子ですね	Editional	
女子	柴田華絵ですね	Editional	
月	柴田華絵ですね	Editional	
選手	柴田華絵ですね	Editional	
日本	柴田華絵ですね	Editional	
柴田	柴田華絵ですね	Editional	
福来	中沢信午ですね	Editional	
中澤	中沢信午ですね	Editional	
月	中沢信午ですね	Editional	
教授	中沢信午ですね	Editional	
友吉	中沢信午ですね	Editional	
東京	西成甫ですね	Editional	
帝国	西成甫ですね	Editional	
大学	西成甫ですね	Editional	
教授	西成甫ですね	Editional	
西成	西成甫ですね	Editional	
中村	HERO (中村あゆみの曲)ですね	Editional	
あゆみ	HERO (中村あゆみの曲)ですね	Editional	
曲	HERO (中村あゆみの曲)ですね	Editional	
シングル	HERO (中村あゆみの曲)ですね	Editional	
ヒーロー	HERO (中村あゆみの曲)ですね	Editional	
ライヴ	三好ひろあきですね	Editional	
ツアー	三好ひろあきですね	Editional	
京都	三好ひろあきですね	Editional	
メンバー	三好ひろあきですね	Editional	
音楽	三好ひろあきですね	Editional	
権藤	権藤芳一ですね	Editional	
芳一	権藤芳一ですね	Editional	
月	権藤芳一ですね	Editional	
京都	権藤芳一ですね	Editional	
日本	権藤芳一ですね	Editional	
ミク	EXIT TUNES PRESENTS Vocaloconnection feat.初音ミクですね	Editional	
初音	EXIT TUNES PRESENTS Vocaloconnection feat.初音ミクですね	Editional	
音声	EXIT TUNES PRESENTS Vocaloconnection feat.初音ミクですね	Editional	
ソフト	EXIT TUNES PRESENTS Vocaloconnection feat.初音ミクですね	Editional	
ボーカル	EXIT TUNES PRESENTS Vocaloconnection feat.初音ミクですね	Editional	
イスラエル	アル＝ミーダーン劇場ですね	Editional	
劇場	アル＝ミーダーン劇場ですね	Editional	
アル	アル＝ミーダーン劇場ですね	Editional	
アラブ	アル＝ミーダーン劇場ですね	Editional	
アラビア	アル＝ミーダーン劇場ですね	Editional	
禅	前角博雄ですね	Editional	
角	前角博雄ですね	Editional	
センター	前角博雄ですね	Editional	
弟子	前角博雄ですね	Editional	
寺	前角博雄ですね	Editional	
オランダ	サン＝ドニの戦い (1678年)ですね	Editional	
フランス	サン＝ドニの戦い (1678年)ですね	Editional	
サン	サン＝ドニの戦い (1678年)ですね	Editional	
リュクサンブール	サン＝ドニの戦い (1678年)ですね	Editional	
戦い	サン＝ドニの戦い (1678年)ですね	Editional	
太田黒	新開大神宮ですね	Editional	
新開	新開大神宮ですね	Editional	
大神宮	新開大神宮ですね	Editional	
熊本	新開大神宮ですね	Editional	
文	新開大神宮ですね	Editional	
レシピ	田中愛子のハッピーレシピですね	Editional	
食	田中愛子のハッピーレシピですね	Editional	
田中	田中愛子のハッピーレシピですね	Editional	
愛子	田中愛子のハッピーレシピですね	Editional	
月	田中愛子のハッピーレシピですね	Editional	
世帯	ロートン (アイオワ州)ですね	Editional	
ロー	ロートン (アイオワ州)ですね	Editional	
トン	ロートン (アイオワ州)ですね	Editional	
人口	ロートン (アイオワ州)ですね	Editional	
国勢調査	ロートン (アイオワ州)ですね	Editional	
音楽	有馬理絵ですね	Editional	
日本	有馬理絵ですね	Editional	
クラリネット	有馬理絵ですね	Editional	
奈良	有馬理絵ですね	Editional	
大学	有馬理絵ですね	Editional	
砂金	砂金伸ですね	Editional	
伸	砂金伸ですね	Editional	
しん	砂金伸ですね	Editional	
月	砂金伸ですね	Editional	
日本	砂金伸ですね	Editional	
タイガー大越	タイガー大越ですね	Editional	
兵庫	タイガー大越ですね	Editional	
芦屋	タイガー大越ですね	Editional	
たい	タイガー大越ですね	Editional	
おこし	タイガー大越ですね	Editional	
学校	木村豊幸ですね	Editional	
木村	木村豊幸ですね	Editional	
豊幸	木村豊幸ですね	Editional	
俳優	木村豊幸ですね	Editional	
血	木村豊幸ですね	Editional	
北海道	北海道道1053号真駒内茨戸東雁来自転車道線ですね	Editional	
自転車	北海道道1053号真駒内茨戸東雁来自転車道線ですね	Editional	
真駒内	北海道道1053号真駒内茨戸東雁来自転車道線ですね	Editional	
茨戸	北海道道1053号真駒内茨戸東雁来自転車道線ですね	Editional	
東雁来	北海道道1053号真駒内茨戸東雁来自転車道線ですね	Editional	
江川	江川マストンですね	Editional	
月	江川マストンですね	Editional	
マス	江川マストンですね	Editional	
トン	江川マストンですね	Editional	
東京	江川マストンですね	Editional	
チャールズ	チャールズ・ブロンソン/愛と銃弾ですね	Editional	
銃弾	チャールズ・ブロンソン/愛と銃弾ですね	Editional	
タイトル	チャールズ・ブロンソン/愛と銃弾ですね	Editional	
あい	チャールズ・ブロンソン/愛と銃弾ですね	Editional	
じゅう	チャールズ・ブロンソン/愛と銃弾ですね	Editional	
月	高橋沙織ですね	Editional	
日本	高橋沙織ですね	Editional	
バレーボール	高橋沙織ですね	Editional	
トヨタ車体	高橋沙織ですね	Editional	
女子	高橋沙織ですね	Editional	
月	江南スタイルですね	Editional	
江南	江南スタイルですね	Editional	
スタイル	江南スタイルですね	Editional	
回数	江南スタイルですね	Editional	
韓国	江南スタイルですね	Editional	
サン	サン＝ドニの戦いですね	Editional	
戦い	サン＝ドニの戦いですね	Editional	
郡	ジョンソン郡 (ミズーリ州)ですね	Editional	
ジョンソン	ジョンソン郡 (ミズーリ州)ですね	Editional	
人口	ジョンソン郡 (ミズーリ州)ですね	Editional	
ミズーリ	ジョンソン郡 (ミズーリ州)ですね	Editional	
アメリカ合衆国	ジョンソン郡 (ミズーリ州)ですね	Editional	
郡	ジャクソン郡 (ミズーリ州)ですね	Editional	
ジャクソン	ジャクソン郡 (ミズーリ州)ですね	Editional	
ミズーリ	ジャクソン郡 (ミズーリ州)ですね	Editional	
カンザス	ジャクソン郡 (ミズーリ州)ですね	Editional	
シティ	ジャクソン郡 (ミズーリ州)ですね	Editional	
女子	高木ひかりですね	Editional	
高木	高木ひかりですね	Editional	
ひかり	高木ひかりですね	Editional	
月	高木ひかりですね	Editional	
神奈川	高木ひかりですね	Editional	
秋田	秋田貞夫ですね	Editional	
少年	秋田貞夫ですね	Editional	
月	秋田貞夫ですね	Editional	
福島	秋田貞夫ですね	Editional	
鉄次	秋田貞夫ですね	Editional	
川島	小久保工業所プレゼンツ 文化放送 川島なお美 ミセスDJ ラ・ラ・ラランですね	Editional	
番組	小久保工業所プレゼンツ 文化放送 川島なお美 ミセスDJ ラ・ラ・ラランですね	Editional	
月	小久保工業所プレゼンツ 文化放送 川島なお美 ミセスDJ ラ・ラ・ラランですね	Editional	
小久保	小久保工業所プレゼンツ 文化放送 川島なお美 ミセスDJ ラ・ラ・ラランですね	Editional	
工業	小久保工業所プレゼンツ 文化放送 川島なお美 ミセスDJ ラ・ラ・ラランですね	Editional	
日本	ジョン・ベスターですね	Editional	
文学	ジョン・ベスターですね	Editional	
ジョン	ジョン・ベスターですね	Editional	
日本語	ジョン・ベスターですね	Editional	
大学	ジョン・ベスターですね	Editional	
岩垣	岩垣守彦ですね	Editional	
守彦	岩垣守彦ですね	Editional	
がき	岩垣守彦ですね	Editional	
日本	岩垣守彦ですね	Editional	
英語	岩垣守彦ですね	Editional	
佐賀	佐賀純一ですね	Editional	
純一	佐賀純一ですね	Editional	
茨城	佐賀純一ですね	Editional	
土浦	佐賀純一ですね	Editional	
病院	佐賀純一ですね	Editional	
月	竹下幸之介ですね	Editional	
大会	竹下幸之介ですね	Editional	
王座	竹下幸之介ですね	Editional	
竹下	竹下幸之介ですね	Editional	
プロレス	竹下幸之介ですね	Editional	
清水	清水賢吾ですね	Editional	
賢吾	清水賢吾ですね	Editional	
しみず	清水賢吾ですね	Editional	
月	清水賢吾ですね	Editional	
日本	清水賢吾ですね	Editional	
堀	堀 (曖昧さ回避)ですね	Editional	
ほり	堀 (曖昧さ回避)ですね	Editional	
戦車	ニーナとうさぎと魔法の戦車ですね	Editional	
ニーナ	ニーナとうさぎと魔法の戦車ですね	Editional	
うさぎ	ニーナとうさぎと魔法の戦車ですね	Editional	
月	ニーナとうさぎと魔法の戦車ですね	Editional	
魔法	ニーナとうさぎと魔法の戦車ですね	Editional	
西川	西川明花ですね	Editional	
明	西川明花ですね	Editional	
花	西川明花ですね	Editional	
女子	西川明花ですね	Editional	
サッカー	西川明花ですね	Editional	
川柳	松木秀ですね	Editional	
歌集	松木秀ですね	Editional	
歌人	松木秀ですね	Editional	
短歌	松木秀ですね	Editional	
松木	松木秀ですね	Editional	
藤原	藤原山人ですね	Editional	
山人	藤原山人ですね	Editional	
刑部	藤原山人ですね	Editional	
月	藤原山人ですね	Editional	
朝	藤原山人ですね	Editional	
小川	宇城市立小川中学校ですね	Editional	
中学校	宇城市立小川中学校ですね	Editional	
市立	宇城市立小川中学校ですね	Editional	
りつ	宇城市立小川中学校ですね	Editional	
熊本	宇城市立小川中学校ですね	Editional	
月	奥村佳恵ですね	Editional	
蜷川	奥村佳恵ですね	Editional	
作品	奥村佳恵ですね	Editional	
奥村	奥村佳恵ですね	Editional	
佳恵	奥村佳恵ですね	Editional	
堤	堤康徳ですね	Editional	
康徳	堤康徳ですね	Editional	
イタリア	堤康徳ですね	Editional	
文学	堤康徳ですね	Editional	
東京外国語大学	堤康徳ですね	Editional	
シーズン	エリ・ボーですね	Editional	
リーグ	エリ・ボーですね	Editional	
月	エリ・ボーですね	Editional	
マルセイユ	エリ・ボーですね	Editional	
エリ	エリ・ボーですね	Editional	
みうら	みうらじゅんのサントラくんですね	Editional	
ゲスト	みうらじゅんのサントラくんですね	Editional	
じゅん	みうらじゅんのサントラくんですね	Editional	
音楽	みうらじゅんのサントラくんですね	Editional	
月	みうらじゅんのサントラくんですね	Editional	
インターチェンジ	東根北インターチェンジですね	Editional	
東根	東根北インターチェンジですね	Editional	
北	東根北インターチェンジですね	Editional	
山形	東根北インターチェンジですね	Editional	
中央	東根北インターチェンジですね	Editional	
心理	ナタリア・メンチンスカヤですね	Editional	
過程	ナタリア・メンチンスカヤですね	Editional	
知識	ナタリア・メンチンスカヤですね	Editional	
算数	ナタリア・メンチンスカヤですね	Editional	
面	ナタリア・メンチンスカヤですね	Editional	
ペリー	ペリー・プレスクール・プロジェクトですね	Editional	
学校	ペリー・プレスクール・プロジェクトですね	Editional	
プレ	ペリー・プレスクール・プロジェクトですね	Editional	
スクール	ペリー・プレスクール・プロジェクトですね	Editional	
プロジェクト	ペリー・プレスクール・プロジェクトですね	Editional	
伊澤	伊澤道盛ですね	Editional	
歯科	伊澤道盛ですね	Editional	
道	伊澤道盛ですね	Editional	
盛	伊澤道盛ですね	Editional	
明治	伊澤道盛ですね	Editional	
インターチェンジ	釜石北インターチェンジですね	Editional	
釜石	釜石北インターチェンジですね	Editional	
北	釜石北インターチェンジですね	Editional	
きた	釜石北インターチェンジですね	Editional	
岩手	釜石北インターチェンジですね	Editional	
犬飼	犬飼智也ですね	Editional	
智也	犬飼智也ですね	Editional	
月	犬飼智也ですね	Editional	
清水	犬飼智也ですね	Editional	
ユース	犬飼智也ですね	Editional	
亜紀	亜紀書房ですね	Editional	
書房	亜紀書房ですね	Editional	
談	亜紀書房ですね	Editional	
志	亜紀書房ですね	Editional	
コンテンツ	亜紀書房ですね	Editional	
英語	ジャン・マケーレブですね	Editional	
大学	ジャン・マケーレブですね	Editional	
米国	ジャン・マケーレブですね	Editional	
バージニア	ジャン・マケーレブですね	Editional	
日本	ジャン・マケーレブですね	Editional	
安田	安田一郎ですね	Editional	
一郎	安田一郎ですね	Editional	
やす	安田一郎ですね	Editional	
いちろう	安田一郎ですね	Editional	
保弘	分林保弘ですね	Editional	
林	分林保弘ですね	Editional	
日本	分林保弘ですね	Editional	
センター	分林保弘ですね	Editional	
わけ	分林保弘ですね	Editional	
レスリング	吉田栄勝ですね	Editional	
吉田	吉田栄勝ですね	Editional	
栄勝	吉田栄勝ですね	Editional	
オリンピック	吉田栄勝ですね	Editional	
選手権	吉田栄勝ですね	Editional	
三宅	三宅卓ですね	Editional	
卓	三宅卓ですね	Editional	
株式会社	三宅卓ですね	Editional	
日本	三宅卓ですね	Editional	
センター	三宅卓ですね	Editional	
文	橋本実俊ですね	Editional	
月	橋本実俊ですね	Editional	
橋本	橋本実俊ですね	Editional	
俊	橋本実俊ですね	Editional	
弘安	橋本実俊ですね	Editional	
伊澤	伊澤信平ですね	Editional	
明治	伊澤信平ですね	Editional	
信平	伊澤信平ですね	Editional	
月	伊澤信平ですね	Editional	
蘭軒	伊澤信平ですね	Editional	
コリンズ	アンディ・コリンズですね	Editional	
ゲーム	アンディ・コリンズですね	Editional	
アンディ	アンディ・コリンズですね	Editional	
映画	アンディ・コリンズですね	Editional	
自分	アンディ・コリンズですね	Editional	
安田	安田一郎 (心理学者)ですね	Editional	
心理	安田一郎 (心理学者)ですね	Editional	
一郎	安田一郎 (心理学者)ですね	Editional	
学者	安田一郎 (心理学者)ですね	Editional	
やす	安田一郎 (心理学者)ですね	Editional	
自分	ジェームズ・ワイアットですね	Editional	
ゲーム	ジェームズ・ワイアットですね	Editional	
教	ジェームズ・ワイアットですね	Editional	
役者	ジェームズ・ワイアットですね	Editional	
ドラゴン	ジェームズ・ワイアットですね	Editional	
基	園基氏ですね	Editional	
実	園基氏ですね	Editional	
西園寺	園基氏ですね	Editional	
園	園基氏ですね	Editional	
基氏	園基氏ですね	Editional	
藤沢	藤沢空襲ですね	Editional	
月	藤沢空襲ですね	Editional	
艦載	藤沢空襲ですね	Editional	
工場	藤沢空襲ですね	Editional	
被害	藤沢空襲ですね	Editional	
総務	国定勇人ですね	Editional	
月	国定勇人ですね	Editional	
市長	国定勇人ですね	Editional	
新潟	国定勇人ですね	Editional	
三条	国定勇人ですね	Editional	
重量挙げ	アリ・ミルザイですね	Editional	
アリ	アリ・ミルザイですね	Editional	
ラテン	アリ・ミルザイですね	Editional	
月	アリ・ミルザイですね	Editional	
イラン	アリ・ミルザイですね	Editional	
英語	安田一郎 (英語学者)ですね	Editional	
教授	安田一郎 (英語学者)ですね	Editional	
成城大学	安田一郎 (英語学者)ですね	Editional	
講師	安田一郎 (英語学者)ですね	Editional	
埼玉	安田一郎 (英語学者)ですね	Editional	
月	石谷政勝ですね	Editional	
石谷	石谷政勝ですね	Editional	
政勝	石谷政勝ですね	Editional	
慶長	石谷政勝ですね	Editional	
徳川	石谷政勝ですね	Editional	
年金	水島藤一郎ですね	Editional	
保険	水島藤一郎ですね	Editional	
機構	水島藤一郎ですね	Editional	
法人	水島藤一郎ですね	Editional	
理事	水島藤一郎ですね	Editional	
スミス	ラルフ・A・スミスですね	Editional	
福音	ラルフ・A・スミスですね	Editional	
三鷹	ラルフ・A・スミスですね	Editional	
教会	ラルフ・A・スミスですね	Editional	
牧師	ラルフ・A・スミスですね	Editional	
郡	ハワード郡 (ミズーリ州)ですね	Editional	
ハワード	ハワード郡 (ミズーリ州)ですね	Editional	
ミズーリ	ハワード郡 (ミズーリ州)ですね	Editional	
人口	ハワード郡 (ミズーリ州)ですね	Editional	
国勢調査	ハワード郡 (ミズーリ州)ですね	Editional	
郡	ウォーレン郡 (ミズーリ州)ですね	Editional	
ウォーレン	ウォーレン郡 (ミズーリ州)ですね	Editional	
州	ウォーレン郡 (ミズーリ州)ですね	Editional	
ミズーリ	ウォーレン郡 (ミズーリ州)ですね	Editional	
共和党	ウォーレン郡 (ミズーリ州)ですね	Editional	
二階堂	二階堂紘嗣ですね	Editional	
紘	二階堂紘嗣ですね	Editional	
ライト	二階堂紘嗣ですね	Editional	
ノベル	二階堂紘嗣ですね	Editional	
日本	二階堂紘嗣ですね	Editional	
教授	牧野巽ですね	Editional	
牧野	牧野巽ですね	Editional	
社会	牧野巽ですね	Editional	
東京	牧野巽ですね	Editional	
巽	牧野巽ですね	Editional	
病理	伴俊男ですね	Editional	
伴	伴俊男ですね	Editional	
俊男	伴俊男ですね	Editional	
月	伴俊男ですね	Editional	
昭和	伴俊男ですね	Editional	
社会	松本潤一郎ですね	Editional	
松本	松本潤一郎ですね	Editional	
潤一郎	松本潤一郎ですね	Editional	
月	松本潤一郎ですね	Editional	
東京	松本潤一郎ですね	Editional	
定理	ハーン–バナッハの定理ですね	Editional	
ハーン	ハーン–バナッハの定理ですね	Editional	
空間	ハーン–バナッハの定理ですね	Editional	
線形	ハーン–バナッハの定理ですね	Editional	
関数	ハーン–バナッハの定理ですね	Editional	
江田	江田結香ですね	Editional	
新体操	江田結香ですね	Editional	
結香	江田結香ですね	Editional	
芸能	江田結香ですね	Editional	
月	江田結香ですね	Editional	
原画	八島タカヒロですね	Editional	
八島	八島タカヒロですね	Editional	
タカ	八島タカヒロですね	Editional	
ヒロ	八島タカヒロですね	Editional	
ゲーム	八島タカヒロですね	Editional	
野球	安田辰昭ですね	Editional	
安田	安田辰昭ですね	Editional	
辰	安田辰昭ですね	Editional	
昭	安田辰昭ですね	Editional	
高校	安田辰昭ですね	Editional	
小田原	小田原空襲ですね	Editional	
アメリカ	小田原空襲ですね	Editional	
工場	小田原空襲ですね	Editional	
航空	小田原空襲ですね	Editional	
月	小田原空襲ですね	Editional	
軍学	渋江正真ですね	Editional	
正真	渋江正真ですね	Editional	
縄張り	渋江正真ですね	Editional	
越前	渋江正真ですね	Editional	
本丸	渋江正真ですね	Editional	
役	ディック・エリオットですね	Editional	
ディック	ディック・エリオットですね	Editional	
月	ディック・エリオットですね	Editional	
作品	ディック・エリオットですね	Editional	
印象	ディック・エリオットですね	Editional	
享	妻木頼隆ですね	Editional	
妻木	妻木頼隆ですね	Editional	
保	妻木頼隆ですね	Editional	
宝永	妻木頼隆ですね	Editional	
頼	妻木頼隆ですね	Editional	
スキー	清水礼留飛ですね	Editional	
大会	清水礼留飛ですね	Editional	
月	清水礼留飛ですね	Editional	
選手	清水礼留飛ですね	Editional	
ソチ	清水礼留飛ですね	Editional	
神社	安福河伯神社ですね	Editional	
安福	安福河伯神社ですね	Editional	
河	安福河伯神社ですね	Editional	
伯	安福河伯神社ですね	Editional	
亘理	安福河伯神社ですね	Editional	
東京	大島正徳ですね	Editional	
委員	大島正徳ですね	Editional	
哲学	大島正徳ですね	Editional	
帝国	大島正徳ですね	Editional	
大島	大島正徳ですね	Editional	
清水	清水義高ですね	Editional	
最上	清水義高ですね	Editional	
義高	清水義高ですね	Editional	
永	清水義高ですね	Editional	
禄	清水義高ですね	Editional	
個人	小坂悠真ですね	Editional	
日本	小坂悠真ですね	Editional	
メドレー	小坂悠真ですね	Editional	
東日本	小坂悠真ですね	Editional	
中央	小坂悠真ですね	Editional	
藤井	藤井常世ですね	Editional	
常世	藤井常世ですね	Editional	
月	藤井常世ですね	Editional	
歌人	藤井常世ですね	Editional	
折口	藤井常世ですね	Editional	
月	吉本実憂ですね	Editional	
太鼓	吉本実憂ですね	Editional	
グループ	吉本実憂ですね	Editional	
北九州	吉本実憂ですね	Editional	
祇園	吉本実憂ですね	Editional	
小澤	小澤奈々花ですね	Editional	
奈々	小澤奈々花ですね	Editional	
花	小澤奈々花ですね	Editional	
月	小澤奈々花ですね	Editional	
日本	小澤奈々花ですね	Editional	
ハミルトン	アレクサンダー・ハミルトン (航海士)ですね	Editional	
インド	アレクサンダー・ハミルトン (航海士)ですね	Editional	
アレクサンダー	アレクサンダー・ハミルトン (航海士)ですね	Editional	
商人	アレクサンダー・ハミルトン (航海士)ですね	Editional	
ボンベイ	アレクサンダー・ハミルトン (航海士)ですね	Editional	
黒木	黒い十人の黒木瞳。ですね	Editional	
瞳	黒い十人の黒木瞳。ですね	Editional	
ドラマ	黒い十人の黒木瞳。ですね	Editional	
エピソード	黒い十人の黒木瞳。ですね	Editional	
プレミアム	黒い十人の黒木瞳。ですね	Editional	
大公	カール・ボルヴィン・ツー・メクレンブルクですね	Editional	
月	カール・ボルヴィン・ツー・メクレンブルクですね	Editional	
カール	カール・ボルヴィン・ツー・メクレンブルクですね	Editional	
姉	カール・ボルヴィン・ツー・メクレンブルクですね	Editional	
メス	カール・ボルヴィン・ツー・メクレンブルクですね	Editional	
田村	田村ジャーナルですね	Editional	
ジャーナル	田村ジャーナルですね	Editional	
政治	田村ジャーナルですね	Editional	
むら	田村ジャーナルですね	Editional	
日本	田村ジャーナルですね	Editional	
月	北村花絵ですね	Editional	
北村	北村花絵ですね	Editional	
花絵	北村花絵ですね	Editional	
テレビ静岡	北村花絵ですね	Editional	
横浜	北村花絵ですね	Editional	
師範	峰岸米造ですね	Editional	
学校	峰岸米造ですね	Editional	
月	峰岸米造ですね	Editional	
群馬	峰岸米造ですね	Editional	
峰岸	峰岸米造ですね	Editional	
取締役	津谷正明ですね	Editional	
会長	津谷正明ですね	Editional	
ブリヂストン	津谷正明ですね	Editional	
役員	津谷正明ですね	Editional	
タイヤ	津谷正明ですね	Editional	
コンパイラ	リチャード・グリーンブラットですね	Editional	
ハッカー	リチャード・グリーンブラットですね	Editional	
チェス	リチャード・グリーンブラットですね	Editional	
プログラマ	リチャード・グリーンブラットですね	Editional	
コンピュータ	リチャード・グリーンブラットですね	Editional	
日本	戸田義雄ですね	Editional	
教授	戸田義雄ですね	Editional	
宗教	戸田義雄ですね	Editional	
國學院大學	戸田義雄ですね	Editional	
戸田	戸田義雄ですね	Editional	
社会	岡田謙ですね	Editional	
東京	岡田謙ですね	Editional	
大学	岡田謙ですね	Editional	
岡田	岡田謙ですね	Editional	
謙	岡田謙ですね	Editional	
月	西園寺しょう子ですね	Editional	
伏見天皇	西園寺しょう子ですね	Editional	
京極	西園寺しょう子ですね	Editional	
西園寺	西園寺しょう子ですね	Editional	
為兼	西園寺しょう子ですね	Editional	
江	江謐ですね	Editional	
劉	江謐ですね	Editional	
尚書	江謐ですね	Editional	
建	江謐ですね	Editional	
武	江謐ですね	Editional	
月	ビリー・リプケンですね	Editional	
打率	ビリー・リプケンですね	Editional	
打席	ビリー・リプケンですね	Editional	
ビリー	ビリー・リプケンですね	Editional	
オリオールズ	ビリー・リプケンですね	Editional	
地理	青野寿郎ですね	Editional	
日本	青野寿郎ですね	Editional	
教授	青野寿郎ですね	Editional	
地誌	青野寿郎ですね	Editional	
漁村	青野寿郎ですね	Editional	
社会	姫岡勤ですね	Editional	
姫	姫岡勤ですね	Editional	
岡	姫岡勤ですね	Editional	
日本	姫岡勤ですね	Editional	
京都大	姫岡勤ですね	Editional	
シーズン	ダニエル・トリビオですね	Editional	
チーム	ダニエル・トリビオですね	Editional	
月	ダニエル・トリビオですね	Editional	
トップ	ダニエル・トリビオですね	Editional	
ダニエル	ダニエル・トリビオですね	Editional	
平成	日原傳ですね	Editional	
昭和	日原傳ですね	Editional	
俳人	日原傳ですね	Editional	
日原	日原傳ですね	Editional	
傳	日原傳ですね	Editional	
理事	青木仁志ですね	Editional	
日本	青木仁志ですね	Editional	
法人	青木仁志ですね	Editional	
協会	青木仁志ですね	Editional	
青木	青木仁志ですね	Editional	
西園寺	西園寺実俊ですね	Editional	
俊	西園寺実俊ですね	Editional	
公	西園寺実俊ですね	Editional	
月	西園寺実俊ですね	Editional	
実	西園寺実俊ですね	Editional	
文	山中寅文ですね	Editional	
山中	山中寅文ですね	Editional	
寅	山中寅文ですね	Editional	
技術	山中寅文ですね	Editional	
東京大学	山中寅文ですね	Editional	
ルル	ルル・タウンですね	Editional	
タウン	ルル・タウンですね	Editional	
アメリカ合衆国	ルル・タウンですね	Editional	
集落	ルル・タウンですね	Editional	
グアノ	ルル・タウンですね	Editional	
地理	藤岡謙二郎ですね	Editional	
教授	藤岡謙二郎ですね	Editional	
歴史	藤岡謙二郎ですね	Editional	
学会	藤岡謙二郎ですね	Editional	
会長	藤岡謙二郎ですね	Editional	
黄	黄周賢ですね	Editional	
周	黄周賢ですね	Editional	
賢	黄周賢ですね	Editional	
水戸	黄周賢ですね	Editional	
月	黄周賢ですね	Editional	
大台	大台町立大台中学校ですね	Editional	
中学校	大台町立大台中学校ですね	Editional	
町立	大台町立大台中学校ですね	Editional	
おだ	大台町立大台中学校ですね	Editional	
いち	大台町立大台中学校ですね	Editional	
教授	喜多野清一ですね	Editional	
喜	喜多野清一ですね	Editional	
多野	喜多野清一ですね	Editional	
清一	喜多野清一ですね	Editional	
月	喜多野清一ですね	Editional	
法学	青木人志ですね	Editional	
青木	青木人志ですね	Editional	
人志	青木人志ですね	Editional	
ひと	青木人志ですね	Editional	
日本	青木人志ですね	Editional	
楽曲	山下航生ですね	Editional	
春	山下航生ですね	Editional	
主題歌	山下航生ですね	Editional	
シリーズ	山下航生ですね	Editional	
タイトル	山下航生ですね	Editional	
絵本	大友康夫ですね	Editional	
大友	大友康夫ですね	Editional	
康夫	大友康夫ですね	Editional	
埼玉	大友康夫ですね	Editional	
くま	大友康夫ですね	Editional	
大学	ハワード大学ですね	Editional	
ハワード	ハワード大学ですね	Editional	
だい	ハワード大学ですね	Editional	
がく	ハワード大学ですね	Editional	
アメリカ合衆国	ハワード大学ですね	Editional	
ゲーム	健部伸明ですね	Editional	
共著	健部伸明ですね	Editional	
健	健部伸明ですね	Editional	
伸明	健部伸明ですね	Editional	
ライター	健部伸明ですね	Editional	
国務省	ビクトリア・ヌーランドですね	Editional	
ウクライナ	ビクトリア・ヌーランドですね	Editional	
月	ビクトリア・ヌーランドですね	Editional	
アメリカ合衆国	ビクトリア・ヌーランドですね	Editional	
米	ビクトリア・ヌーランドですね	Editional	
月	フランツ・クッチェラですね	Editional	
親衛隊	フランツ・クッチェラですね	Editional	
警察	フランツ・クッチェラですね	Editional	
管区	フランツ・クッチェラですね	Editional	
少将	フランツ・クッチェラですね	Editional	
地理	木内信蔵ですね	Editional	
教授	木内信蔵ですね	Editional	
東京大学	木内信蔵ですね	Editional	
木内	木内信蔵ですね	Editional	
信	木内信蔵ですね	Editional	
郡	セントチャールズ郡 (ミズーリ州)ですね	Editional	
セント	セントチャールズ郡 (ミズーリ州)ですね	Editional	
チャールズ	セントチャールズ郡 (ミズーリ州)ですね	Editional	
人口	セントチャールズ郡 (ミズーリ州)ですね	Editional	
ミズーリ	セントチャールズ郡 (ミズーリ州)ですね	Editional	
郡	リンカーン郡 (ミズーリ州)ですね	Editional	
リンカーン	リンカーン郡 (ミズーリ州)ですね	Editional	
ミズーリ	リンカーン郡 (ミズーリ州)ですね	Editional	
人口	リンカーン郡 (ミズーリ州)ですね	Editional	
ホーン	リンカーン郡 (ミズーリ州)ですね	Editional	
酒井	酒井逸史ですね	Editional	
逸史	酒井逸史ですね	Editional	
さかい	酒井逸史ですね	Editional	
日本	酒井逸史ですね	Editional	
雑誌	酒井逸史ですね	Editional	
子母口	子母口貝塚ですね	Editional	
貝塚	子母口貝塚ですね	Editional	
土器	子母口貝塚ですね	Editional	
昭和	子母口貝塚ですね	Editional	
川崎	子母口貝塚ですね	Editional	
研究所	ナタリア・モロゾワですね	Editional	
障害	ナタリア・モロゾワですね	Editional	
興味	ナタリア・モロゾワですね	Editional	
過程	ナタリア・モロゾワですね	Editional	
月	ナタリア・モロゾワですね	Editional	
軍学	北条流ですね	Editional	
北条	北条流ですね	Editional	
鑑	北条流ですね	Editional	
兵法	北条流ですね	Editional	
氏	北条流ですね	Editional	
岡田	岡田優佳ですね	Editional	
優	岡田優佳ですね	Editional	
佳	岡田優佳ですね	Editional	
ゆう	岡田優佳ですね	Editional	
月	岡田優佳ですね	Editional	
横山	Lovin' You (横山輝一の曲)ですね	Editional	
輝一	Lovin' You (横山輝一の曲)ですね	Editional	
曲	Lovin' You (横山輝一の曲)ですね	Editional	
シングル	Lovin' You (横山輝一の曲)ですね	Editional	
月	Lovin' You (横山輝一の曲)ですね	Editional	
教授	浮田典良ですね	Editional	
月	浮田典良ですね	Editional	
地理	浮田典良ですね	Editional	
京都大	浮田典良ですね	Editional	
浮田	浮田典良ですね	Editional	
佐藤	佐藤組ですね	Editional	
さとう	佐藤組ですね	Editional	
ぐみ	佐藤組ですね	Editional	
教授	織田武雄ですね	Editional	
地理	織田武雄ですね	Editional	
京都大	織田武雄ですね	Editional	
織田	織田武雄ですね	Editional	
武雄	織田武雄ですね	Editional	
五十嵐	五十嵐健人ですね	Editional	
健	五十嵐健人ですね	Editional	
いが	五十嵐健人ですね	Editional	
月	五十嵐健人ですね	Editional	
福井	五十嵐健人ですね	Editional	
平田	平田一喜ですね	Editional	
喜	平田一喜ですね	Editional	
月	平田一喜ですね	Editional	
プロ	平田一喜ですね	Editional	
レスリング	平田一喜ですね	Editional	
守谷	守谷良二ですね	Editional	
良二	守谷良二ですね	Editional	
月	守谷良二ですね	Editional	
りょう	守谷良二ですね	Editional	
立正大学	守谷良二ですね	Editional	
教室	教室 (森川美穂の曲)ですね	Editional	
森川	教室 (森川美穂の曲)ですね	Editional	
美穂	教室 (森川美穂の曲)ですね	Editional	
曲	教室 (森川美穂の曲)ですね	Editional	
月	教室 (森川美穂の曲)ですね	Editional	
スポーツ	小澤一郎 (スポーツライター)ですね	Editional	
ライター	小澤一郎 (スポーツライター)ですね	Editional	
小澤	小澤一郎 (スポーツライター)ですね	Editional	
一郎	小澤一郎 (スポーツライター)ですね	Editional	
サッカー	小澤一郎 (スポーツライター)ですね	Editional	
原	決心 (原真祐美の曲)ですね	Editional	
真祐美	決心 (原真祐美の曲)ですね	Editional	
曲	決心 (原真祐美の曲)ですね	Editional	
シングル	決心 (原真祐美の曲)ですね	Editional	
月	決心 (原真祐美の曲)ですね	Editional	
江	江セキですね	Editional	
明	江セキですね	Editional	
下	江セキですね	Editional	
永	江セキですね	Editional	
元年	江セキですね	Editional	
教授	安達生恒ですね	Editional	
安達	安達生恒ですね	Editional	
恒	安達生恒ですね	Editional	
月	安達生恒ですね	Editional	
農業	安達生恒ですね	Editional	
京都大	足利健亮ですね	Editional	
教授	足利健亮ですね	Editional	
月	足利健亮ですね	Editional	
地理	足利健亮ですね	Editional	
大学院	足利健亮ですね	Editional	
山口	山口正城ですね	Editional	
正	山口正城ですね	Editional	
月	山口正城ですね	Editional	
ぐち	山口正城ですね	Editional	
まさき	山口正城ですね	Editional	
久松	LADY BLUE (久松史奈の曲)ですね	Editional	
史奈	LADY BLUE (久松史奈の曲)ですね	Editional	
シングル	LADY BLUE (久松史奈の曲)ですね	Editional	
曲	LADY BLUE (久松史奈の曲)ですね	Editional	
レディー	LADY BLUE (久松史奈の曲)ですね	Editional	
尊	饗庭氏直ですね	Editional	
饗庭	饗庭氏直ですね	Editional	
氏直	饗庭氏直ですね	Editional	
うじ	饗庭氏直ですね	Editional	
足利	饗庭氏直ですね	Editional	
地理	矢守一彦ですね	Editional	
大阪大学	矢守一彦ですね	Editional	
教授	矢守一彦ですね	Editional	
文学部	矢守一彦ですね	Editional	
矢守	矢守一彦ですね	Editional	
パンドラ	パンドラタイムスですね	Editional	
タイムス	パンドラタイムスですね	Editional	
地理	石田龍次郎ですね	Editional	
日本	石田龍次郎ですね	Editional	
教授	石田龍次郎ですね	Editional	
小松	石田龍次郎ですね	Editional	
石田	石田龍次郎ですね	Editional	
日本	田中梨乃ですね	Editional	
グランプリ	田中梨乃ですね	Editional	
月	田中梨乃ですね	Editional	
田中	田中梨乃ですね	Editional	
梨乃	田中梨乃ですね	Editional	
郡	キャロル郡 (ミズーリ州)ですね	Editional	
キャロル	キャロル郡 (ミズーリ州)ですね	Editional	
人口	キャロル郡 (ミズーリ州)ですね	Editional	
ミズーリ	キャロル郡 (ミズーリ州)ですね	Editional	
国勢調査	キャロル郡 (ミズーリ州)ですね	Editional	
郡	クレイ郡 (ミズーリ州)ですね	Editional	
クレイ	クレイ郡 (ミズーリ州)ですね	Editional	
人口	クレイ郡 (ミズーリ州)ですね	Editional	
アメリカ合衆国	クレイ郡 (ミズーリ州)ですね	Editional	
ミズーリ	クレイ郡 (ミズーリ州)ですね	Editional	
郡	クリントン郡 (ミズーリ州)ですね	Editional	
クリントン	クリントン郡 (ミズーリ州)ですね	Editional	
人口	クリントン郡 (ミズーリ州)ですね	Editional	
国勢調査	クリントン郡 (ミズーリ州)ですね	Editional	
マイル	クリントン郡 (ミズーリ州)ですね	Editional	
アサ	アサシン クリード III レディ リバティですね	Editional	
シン	アサシン クリード III レディ リバティですね	Editional	
レディ	アサシン クリード III レディ リバティですね	Editional	
月	アサシン クリード III レディ リバティですね	Editional	
本	アサシン クリード III レディ リバティですね	Editional	
寄生虫	小宮義孝ですね	Editional	
医学	小宮義孝ですね	Editional	
小宮	小宮義孝ですね	Editional	
義孝	小宮義孝ですね	Editional	
月	小宮義孝ですね	Editional	
日本	永藤武ですね	Editional	
永	永藤武ですね	Editional	
藤	永藤武ですね	Editional	
武	永藤武ですね	Editional	
國學院大學	永藤武ですね	Editional	
東京	松下武史ですね	Editional	
松下	松下武史ですね	Editional	
武史	松下武史ですね	Editional	
芸術	松下武史ですね	Editional	
大学	松下武史ですね	Editional	
東京	班目文雄ですね	Editional	
学校	班目文雄ですね	Editional	
班目	班目文雄ですね	Editional	
文雄	班目文雄ですね	Editional	
月	班目文雄ですね	Editional	
正平	洞院実清ですね	Editional	
洞	洞院実清ですね	Editional	
清	洞院実清ですね	Editional	
南朝	洞院実清ですね	Editional	
大納言	洞院実清ですね	Editional	
岩瀬	岩瀬勝輔ですね	Editional	
潜	岩瀬勝輔ですね	Editional	
特	岩瀬勝輔ですね	Editional	
月	岩瀬勝輔ですね	Editional	
海軍	岩瀬勝輔ですね	Editional	
久慈	久慈義昭ですね	Editional	
市長	久慈義昭ですね	Editional	
義昭	久慈義昭ですね	Editional	
月	久慈義昭ですね	Editional	
岩手	久慈義昭ですね	Editional	
西園寺	西園寺実衡ですね	Editional	
公	西園寺実衡ですね	Editional	
祖父	西園寺実衡ですね	Editional	
実	西園寺実衡ですね	Editional	
公卿	西園寺実衡ですね	Editional	
陸上	池田大介 (陸上選手)ですね	Editional	
日本	池田大介 (陸上選手)ですね	Editional	
選手	池田大介 (陸上選手)ですね	Editional	
十種競技	池田大介 (陸上選手)ですね	Editional	
世界	池田大介 (陸上選手)ですね	Editional	
ミラノ	天野忠夫ですね	Editional	
日本	天野忠夫ですね	Editional	
大学	天野忠夫ですね	Editional	
日本人	天野忠夫ですね	Editional	
イタリア	天野忠夫ですね	Editional	
屋良	屋良朝林ですね	Editional	
朝	屋良朝林ですね	Editional	
王子	屋良朝林ですね	Editional	
琉球	屋良朝林ですね	Editional	
王国	屋良朝林ですね	Editional	
オーストリア	墺土戦争 (1716年-1718年)ですね	Editional	
ベオグラード	墺土戦争 (1716年-1718年)ですね	Editional	
オスマン	墺土戦争 (1716年-1718年)ですね	Editional	
帝国	墺土戦争 (1716年-1718年)ですね	Editional	
月	墺土戦争 (1716年-1718年)ですね	Editional	
墺	墺土戦争ですね	Editional	
土	墺土戦争ですね	Editional	
オーストリア	墺土戦争ですね	Editional	
オスマン	墺土戦争ですね	Editional	
帝国	墺土戦争ですね	Editional	
茨城	長須祥行ですね	Editional	
長須	長須祥行ですね	Editional	
祥行	長須祥行ですね	Editional	
月	長須祥行ですね	Editional	
日本	長須祥行ですね	Editional	
チーム	トニー・ワトソンですね	Editional	
月	トニー・ワトソンですね	Editional	
ホールド	トニー・ワトソンですね	Editional	
最多	トニー・ワトソンですね	Editional	
選手	トニー・ワトソンですね	Editional	
月	アダム・ウォーレン (野球)ですね	Editional	
メジャー	アダム・ウォーレン (野球)ですね	Editional	
選手	アダム・ウォーレン (野球)ですね	Editional	
ヤンキース	アダム・ウォーレン (野球)ですね	Editional	
本塁打	アダム・ウォーレン (野球)ですね	Editional	
福岡	阿刀裕嗣ですね	Editional	
日本	阿刀裕嗣ですね	Editional	
刀	阿刀裕嗣ですね	Editional	
月	阿刀裕嗣ですね	Editional	
裕	阿刀裕嗣ですね	Editional	
室賀	室賀信夫ですね	Editional	
信夫	室賀信夫ですね	Editional	
月	室賀信夫ですね	Editional	
文学部	室賀信夫ですね	Editional	
のぶ	室賀信夫ですね	Editional	
小牧	小牧実繁ですね	Editional	
実	小牧実繁ですね	Editional	
繁	小牧実繁ですね	Editional	
月	小牧実繁ですね	Editional	
博士	小牧実繁ですね	Editional	
教授	梶井功ですね	Editional	
農学部	梶井功ですね	Editional	
農業	梶井功ですね	Editional	
東京農工大学	梶井功ですね	Editional	
梶井	梶井功ですね	Editional	
一橋大学	馬場啓之助ですね	Editional	
経済	馬場啓之助ですね	Editional	
教授	馬場啓之助ですね	Editional	
研究所	馬場啓之助ですね	Editional	
横浜	馬場啓之助ですね	Editional	
ドレス	マリリン・モンローの白いドレスですね	Editional	
モンロー	マリリン・モンローの白いドレスですね	Editional	
映画	マリリン・モンローの白いドレスですね	Editional	
衣裳	マリリン・モンローの白いドレスですね	Editional	
マリリン	マリリン・モンローの白いドレスですね	Editional	
教授	亀田隆之ですね	Editional	
日本	亀田隆之ですね	Editional	
亀田	亀田隆之ですね	Editional	
隆之	亀田隆之ですね	Editional	
関西学院大学	亀田隆之ですね	Editional	
地理	海野一隆ですね	Editional	
教授	海野一隆ですね	Editional	
海野	海野一隆ですね	Editional	
一隆	海野一隆ですね	Editional	
大阪大学	海野一隆ですね	Editional	
地理	小林浩二 (地理学者)ですね	Editional	
小林	小林浩二 (地理学者)ですね	Editional	
浩二	小林浩二 (地理学者)ですね	Editional	
岐阜大学	小林浩二 (地理学者)ですね	Editional	
学部	小林浩二 (地理学者)ですね	Editional	
中学校	千歳市立勇舞中学校ですね	Editional	
勇	千歳市立勇舞中学校ですね	Editional	
千歳	千歳市立勇舞中学校ですね	Editional	
舞	千歳市立勇舞中学校ですね	Editional	
地区	千歳市立勇舞中学校ですね	Editional	
植物	ジャン・リュエルですね	Editional	
著書	ジャン・リュエルですね	Editional	
フランス	ジャン・リュエルですね	Editional	
医学	ジャン・リュエルですね	Editional	
ギリシャ	ジャン・リュエルですね	Editional	
東京	長谷川伝次郎ですね	Editional	
学校	長谷川伝次郎ですね	Editional	
長谷川	長谷川伝次郎ですね	Editional	
伝次郎	長谷川伝次郎ですね	Editional	
月	長谷川伝次郎ですね	Editional	
月	神崎紗衣ですね	Editional	
神崎	神崎紗衣ですね	Editional	
紗	神崎紗衣ですね	Editional	
衣	神崎紗衣ですね	Editional	
アイドル	神崎紗衣ですね	Editional	
テレビ	伊豆東海岸テレビ中継局ですね	Editional	
伊豆	伊豆東海岸テレビ中継局ですね	Editional	
東海岸	伊豆東海岸テレビ中継局ですね	Editional	
大島	伊豆東海岸テレビ中継局ですね	Editional	
ひがし	伊豆東海岸テレビ中継局ですね	Editional	
月	李ミン洙ですね	Editional	
清水	李ミン洙ですね	Editional	
期限	李ミン洙ですね	Editional	
李	李ミン洙ですね	Editional	
韓国	李ミン洙ですね	Editional	
月	藤浪晋太郎ですね	Editional	
投手	藤浪晋太郎ですね	Editional	
甲子園	藤浪晋太郎ですね	Editional	
シーズン	藤浪晋太郎ですね	Editional	
野球	藤浪晋太郎ですね	Editional	
マリー	マリー・フォン・プロイセン (1579-1649)ですね	Editional	
公	マリー・フォン・プロイセン (1579-1649)ですね	Editional	
プロイセン	マリー・フォン・プロイセン (1579-1649)ですね	Editional	
月	マリー・フォン・プロイセン (1579-1649)ですね	Editional	
フォン	マリー・フォン・プロイセン (1579-1649)ですね	Editional	
部門	小田桃花ですね	Editional	
ワールドカップ	小田桃花ですね	Editional	
山口	小田桃花ですね	Editional	
月	小田桃花ですね	Editional	
小田	小田桃花ですね	Editional	
テレビ	三ヶ日都筑テレビ中継局ですね	Editional	
三ヶ日	三ヶ日都筑テレビ中継局ですね	Editional	
都筑	三ヶ日都筑テレビ中継局ですね	Editional	
静岡	三ヶ日都筑テレビ中継局ですね	Editional	
浜松	三ヶ日都筑テレビ中継局ですね	Editional	
菊池	菊池五山 (寺格)ですね	Editional	
五山	菊池五山 (寺格)ですね	Editional	
寺格	菊池五山 (寺格)ですね	Editional	
寺	菊池五山 (寺格)ですね	Editional	
肥後	菊池五山 (寺格)ですね	Editional	
志和	志和池昭一郎ですね	Editional	
ハウス	志和池昭一郎ですね	Editional	
池	志和池昭一郎ですね	Editional	
シルクロード	志和池昭一郎ですね	Editional	
永倉	志和池昭一郎ですね	Editional	
今泉	今泉 (福岡市)ですね	Editional	
天神	今泉 (福岡市)ですね	Editional	
福岡	今泉 (福岡市)ですね	Editional	
地名	今泉 (福岡市)ですね	Editional	
大名	今泉 (福岡市)ですね	Editional	
ワルシャワ	ボリス・ワルシャワですね	Editional	
ボリス	ボリス・ワルシャワですね	Editional	
月	ボリス・ワルシャワですね	Editional	
ソビエト	ボリス・ワルシャワですね	Editional	
連邦	ボリス・ワルシャワですね	Editional	
関数	ミンコフスキー汎関数ですね	Editional	
汎	ミンコフスキー汎関数ですね	Editional	
ノルム	ミンコフスキー汎関数ですね	Editional	
線型	ミンコフスキー汎関数ですね	Editional	
凸	ミンコフスキー汎関数ですね	Editional	
青木	青木幸太郎ですね	Editional	
幸太郎	青木幸太郎ですね	Editional	
競艇	青木幸太郎ですね	Editional	
選手	青木幸太郎ですね	Editional	
番号	青木幸太郎ですね	Editional	
不動産	レオナ・ヘルムズリーですね	Editional	
ヘルムズ	レオナ・ヘルムズリーですね	Editional	
リー	レオナ・ヘルムズリーですね	Editional	
ホテル	レオナ・ヘルムズリーですね	Editional	
ハリー	レオナ・ヘルムズリーですね	Editional	
村田	村田一男ですね	Editional	
一男	村田一男ですね	Editional	
むら	村田一男ですね	Editional	
かずお	村田一男ですね	Editional	
岡山大学	好並隆司ですね	Editional	
並	好並隆司ですね	Editional	
教授	好並隆司ですね	Editional	
月	好並隆司ですね	Editional	
日本	好並隆司ですね	Editional	
千栄子	ムルハーン千栄子ですね	Editional	
日本	ムルハーン千栄子ですね	Editional	
文学	ムルハーン千栄子ですね	Editional	
教授	ムルハーン千栄子ですね	Editional	
ハーン	ムルハーン千栄子ですね	Editional	
月	ライアン・アダムス (野球)ですね	Editional	
メジャー	ライアン・アダムス (野球)ですね	Editional	
ライアン	ライアン・アダムス (野球)ですね	Editional	
アダムス	ライアン・アダムス (野球)ですね	Editional	
野球	ライアン・アダムス (野球)ですね	Editional	
野球	阿久根謙司ですね	Editional	
リーグ	阿久根謙司ですね	Editional	
月	阿久根謙司ですね	Editional	
選手	阿久根謙司ですね	Editional	
東京	阿久根謙司ですね	Editional	
グレース	グレース・ホッパー賞ですね	Editional	
ホッパー	グレース・ホッパー賞ですね	Editional	
コンピュータ	グレース・ホッパー賞ですね	Editional	
英	グレース・ホッパー賞ですね	Editional	
賞	グレース・ホッパー賞ですね	Editional	
東京	有元史郎ですね	Editional	
技術	有元史郎ですね	Editional	
尾道	有元史郎ですね	Editional	
岡山	有元史郎ですね	Editional	
大学	有元史郎ですね	Editional	
サッカー	奈良原武士ですね	Editional	
日本	奈良原武士ですね	Editional	
月	奈良原武士ですね	Editional	
委員	奈良原武士ですね	Editional	
武士	奈良原武士ですね	Editional	
義経	義経=ジンギスカン説ですね	Editional	
蝦夷	義経=ジンギスカン説ですね	Editional	
日本	義経=ジンギスカン説ですね	Editional	
伝説	義経=ジンギスカン説ですね	Editional	
アイヌ	義経=ジンギスカン説ですね	Editional	
選手権	本郷理華ですね	Editional	
全日本	本郷理華ですね	Editional	
世界	本郷理華ですね	Editional	
月	本郷理華ですね	Editional	
ジュニア	本郷理華ですね	Editional	
漫画	足立金太郎ですね	Editional	
足立	足立金太郎ですね	Editional	
金太郎	足立金太郎ですね	Editional	
日本	足立金太郎ですね	Editional	
既婚	足立金太郎ですね	Editional	
香山	香山公園ですね	Editional	
公園	香山公園ですね	Editional	
宮崎	宮崎淳 (小惑星)ですね	Editional	
淳	宮崎淳 (小惑星)ですね	Editional	
月	宮崎淳 (小惑星)ですね	Editional	
小惑星	宮崎淳 (小惑星)ですね	Editional	
みや	宮崎淳 (小惑星)ですね	Editional	
ハリソン	ハリソン郡 (ミズーリ州)ですね	Editional	
郡	ハリソン郡 (ミズーリ州)ですね	Editional	
州	ハリソン郡 (ミズーリ州)ですね	Editional	
共和党	ハリソン郡 (ミズーリ州)ですね	Editional	
人口	ハリソン郡 (ミズーリ州)ですね	Editional	
野球	村中秀人ですね	Editional	
夏	村中秀人ですね	Editional	
甲子園	村中秀人ですね	Editional	
高校	村中秀人ですね	Editional	
平成	村中秀人ですね	Editional	
家庭	恋愛家庭教師ルルミ★Coordinate!ですね	Editional	
教師	恋愛家庭教師ルルミ★Coordinate!ですね	Editional	
ルル	恋愛家庭教師ルルミ★Coordinate!ですね	Editional	
ミ	恋愛家庭教師ルルミ★Coordinate!ですね	Editional	
鮎	恋愛家庭教師ルルミ★Coordinate!ですね	Editional	
地理	尾留川正平ですね	Editional	
昭和	尾留川正平ですね	Editional	
月	尾留川正平ですね	Editional	
日本	尾留川正平ですね	Editional	
委員	尾留川正平ですね	Editional	
稲見	稲見独楽ですね	Editional	
独楽	稲見独楽ですね	Editional	
アフタヌーン	稲見独楽ですね	Editional	
四季	稲見独楽ですね	Editional	
日本	稲見独楽ですね	Editional	
地理	矢嶋仁吉ですね	Editional	
荻窪	矢嶋仁吉ですね	Editional	
矢嶋	矢嶋仁吉ですね	Editional	
東京	矢嶋仁吉ですね	Editional	
中等	矢嶋仁吉ですね	Editional	
マイヤー	ジェラルド・M・マイヤーですね	Editional	
経済	ジェラルド・M・マイヤーですね	Editional	
月	ジェラルド・M・マイヤーですね	Editional	
ワシントン	ジェラルド・M・マイヤーですね	Editional	
生まれ	ジェラルド・M・マイヤーですね	Editional	
大東	大東プレス工業ですね	Editional	
プレス工業	大東プレス工業ですね	Editional	
自動車	大東プレス工業ですね	Editional	
部品	大東プレス工業ですね	Editional	
シェア	大東プレス工業ですね	Editional	
遠藤	遠藤忍ですね	Editional	
伊	遠藤忍ですね	Editional	
海軍	遠藤忍ですね	Editional	
独	遠藤忍ですね	Editional	
月	遠藤忍ですね	Editional	
教授	板倉勝高ですね	Editional	
板倉	板倉勝高ですね	Editional	
勝	板倉勝高ですね	Editional	
日本	板倉勝高ですね	Editional	
経済	板倉勝高ですね	Editional	
高島	高島遼ですね	Editional	
遼	高島遼ですね	Editional	
たかし	高島遼ですね	Editional	
りょう	高島遼ですね	Editional	
月	高島遼ですね	Editional	
ラウ	ゾフィー・ツー・ゾルムス＝ラウバッハですね	Editional	
バッハ	ゾフィー・ツー・ゾルムス＝ラウバッハですね	Editional	
伯	ゾフィー・ツー・ゾルムス＝ラウバッハですね	Editional	
妻	ゾフィー・ツー・ゾルムス＝ラウバッハですね	Editional	
摂政	ゾフィー・ツー・ゾルムス＝ラウバッハですね	Editional	
チェンバロ	大塚直哉ですね	Editional	
東京	大塚直哉ですね	Editional	
芸術	大塚直哉ですね	Editional	
オルガン	大塚直哉ですね	Editional	
大塚	大塚直哉ですね	Editional	
コンサートマスター	カール・ズスケですね	Editional	
管弦楽	カール・ズスケですね	Editional	
ヴァイオリン	カール・ズスケですね	Editional	
奏者	カール・ズスケですね	Editional	
音楽	カール・ズスケですね	Editional	
伯	アグネス・ツー・ゾルムス＝ラウバッハですね	Editional	
アグネス	アグネス・ツー・ゾルムス＝ラウバッハですね	Editional	
ラウ	アグネス・ツー・ゾルムス＝ラウバッハですね	Editional	
バッハ	アグネス・ツー・ゾルムス＝ラウバッハですね	Editional	
妻	アグネス・ツー・ゾルムス＝ラウバッハですね	Editional	
日本	籠瀬良明ですね	Editional	
大学	籠瀬良明ですね	Editional	
籠	籠瀬良明ですね	Editional	
瀬	籠瀬良明ですね	Editional	
良明	籠瀬良明ですね	Editional	
春枝	春枝王ですね	Editional	
月	春枝王ですね	Editional	
斉	春枝王ですね	Editional	
守	春枝王ですね	Editional	
和	春枝王ですね	Editional	
村松	村松優里香ですね	Editional	
優里香	村松優里香ですね	Editional	
月	村松優里香ですね	Editional	
山梨放送	村松優里香ですね	Editional	
甲府	村松優里香ですね	Editional	
中山	安芸中山駅ですね	Editional	
安芸	安芸中山駅ですね	Editional	
ガソリンカー	安芸中山駅ですね	Editional	
芸備線	安芸中山駅ですね	Editional	
昭和	安芸中山駅ですね	Editional	
月	山口恵一郎ですね	Editional	
地理	山口恵一郎ですね	Editional	
山口	山口恵一郎ですね	Editional	
大正	山口恵一郎ですね	Editional	
平成	山口恵一郎ですね	Editional	
月	フリードリヒ・カール (ヴュルテンベルク＝ヴィンネンタール公)ですね	Editional	
摂政	フリードリヒ・カール (ヴュルテンベルク＝ヴィンネンタール公)ですね	Editional	
皇帝	フリードリヒ・カール (ヴュルテンベルク＝ヴィンネンタール公)ですね	Editional	
公	フリードリヒ・カール (ヴュルテンベルク＝ヴィンネンタール公)ですね	Editional	
フリードリヒ	フリードリヒ・カール (ヴュルテンベルク＝ヴィンネンタール公)ですね	Editional	
東京	藤岡由夫ですね	Editional	
藤岡	藤岡由夫ですね	Editional	
由夫	藤岡由夫ですね	Editional	
月	藤岡由夫ですね	Editional	
日本	藤岡由夫ですね	Editional	
民	呉煥章ですね	Editional	
委員	呉煥章ですね	Editional	
月	呉煥章ですね	Editional	
東北	呉煥章ですね	Editional	
国民党	呉煥章ですね	Editional	
月	懐寧公主ですね	Editional	
天啓	懐寧公主ですね	Editional	
懐	懐寧公主ですね	Editional	
寧	懐寧公主ですね	Editional	
公主	懐寧公主ですね	Editional	
厚真	厚真ダムですね	Editional	
ダム	厚真ダムですね	Editional	
用水	厚真ダムですね	Editional	
厚真川	厚真ダムですね	Editional	
堤	厚真ダムですね	Editional	
作戦	丹作戦ですね	Editional	
丹	丹作戦ですね	Editional	
月	丹作戦ですね	Editional	
部隊	丹作戦ですね	Editional	
艦隊	丹作戦ですね	Editional	
教授	安倍北夫ですね	Editional	
月	安倍北夫ですね	Editional	
安倍	安倍北夫ですね	Editional	
北	安倍北夫ですね	Editional	
夫	安倍北夫ですね	Editional	
ケヤキ	東根の大ケヤキですね	Editional	
東根	東根の大ケヤキですね	Editional	
天然記念物	東根の大ケヤキですね	Editional	
昭和	東根の大ケヤキですね	Editional	
国	東根の大ケヤキですね	Editional	
明治	石黒五十二ですね	Editional	
月	石黒五十二ですね	Editional	
土木	石黒五十二ですね	Editional	
石黒	石黒五十二ですね	Editional	
加賀	石黒五十二ですね	Editional	
大賀	大賀昭司ですね	Editional	
昭司	大賀昭司ですね	Editional	
昭和	大賀昭司ですね	Editional	
月	大賀昭司ですね	Editional	
日本	大賀昭司ですね	Editional	
名古屋	奥村石蘭ですね	Editional	
画	奥村石蘭ですね	Editional	
蘭	奥村石蘭ですね	Editional	
月	奥村石蘭ですね	Editional	
尾張	奥村石蘭ですね	Editional	
教授	山鹿誠次ですね	Editional	
月	山鹿誠次ですね	Editional	
東京学芸大学	山鹿誠次ですね	Editional	
東京	山鹿誠次ですね	Editional	
山鹿	山鹿誠次ですね	Editional	
門脇	門脇創一ですね	Editional	
創	門脇創一ですね	Editional	
兵庫	門脇創一ですね	Editional	
いち	門脇創一ですね	Editional	
小野	門脇創一ですね	Editional	
月	ブラッド・リンカーンですね	Editional	
ブラッド	ブラッド・リンカーンですね	Editional	
リンカーン	ブラッド・リンカーンですね	Editional	
エリック	ブラッド・リンカーンですね	Editional	
出身	ブラッド・リンカーンですね	Editional	
歯科	千田典史ですね	Editional	
クリニック	千田典史ですね	Editional	
北海道大学	千田典史ですね	Editional	
千田	千田典史ですね	Editional	
典	千田典史ですね	Editional	
月	竹内淳彦ですね	Editional	
教授	竹内淳彦ですね	Editional	
竹内	竹内淳彦ですね	Editional	
淳彦	竹内淳彦ですね	Editional	
地理	竹内淳彦ですね	Editional	
短歌	小島なおですね	Editional	
小島	小島なおですね	Editional	
月	小島なおですね	Editional	
歌人	小島なおですね	Editional	
なお	小島なおですね	Editional	
動物	野上ふさ子ですね	Editional	
野上	野上ふさ子ですね	Editional	
アイヌ	野上ふさ子ですね	Editional	
会	野上ふさ子ですね	Editional	
日本	野上ふさ子ですね	Editional	
月	マイケル・マッケンリーですね	Editional	
マイナー	マイケル・マッケンリーですね	Editional	
右	マイケル・マッケンリーですね	Editional	
メジャー	マイケル・マッケンリーですね	Editional	
選手	マイケル・マッケンリーですね	Editional	
文学	長谷川年光ですね	Editional	
京都大	長谷川年光ですね	Editional	
昭和	長谷川年光ですね	Editional	
大学	長谷川年光ですね	Editional	
学部	長谷川年光ですね	Editional	
中原	中原麻衣と浅倉杏美のらぶえんじぇるですね	Editional	
麻衣	中原麻衣と浅倉杏美のらぶえんじぇるですね	Editional	
浅倉	中原麻衣と浅倉杏美のらぶえんじぇるですね	Editional	
杏	中原麻衣と浅倉杏美のらぶえんじぇるですね	Editional	
のら	中原麻衣と浅倉杏美のらぶえんじぇるですね	Editional	
クイズ	秋利美記雄ですね	Editional	
秋	秋利美記雄ですね	Editional	
利	秋利美記雄ですね	Editional	
長戸	秋利美記雄ですね	Editional	
田川	秋利美記雄ですね	Editional	
真宗	真淳ですね	Editional	
高田	真淳ですね	Editional	
淳	真淳ですね	Editional	
文明	真淳ですね	Editional	
江戸	真淳ですね	Editional	
中澤	中澤系ですね	Editional	
月	中澤系ですね	Editional	
短歌	中澤系ですね	Editional	
未来	中澤系ですね	Editional	
圭	中澤系ですね	Editional	
選手権	金博洋ですね	Editional	
大会	金博洋ですね	Editional	
中国	金博洋ですね	Editional	
スケート	金博洋ですね	Editional	
ジュニア	金博洋ですね	Editional	
植物	ジョン・リンドリー (植物学者)ですね	Editional	
園芸	ジョン・リンドリー (植物学者)ですね	Editional	
著書	ジョン・リンドリー (植物学者)ですね	Editional	
協会	ジョン・リンドリー (植物学者)ですね	Editional	
バンクス	ジョン・リンドリー (植物学者)ですね	Editional	
月	クリスティアーネ・シャルロッテ・フォン・ヴュルテンベルク＝ヴィンネンタールですね	Editional	
公	クリスティアーネ・シャルロッテ・フォン・ヴュルテンベルク＝ヴィンネンタールですね	Editional	
辺境	クリスティアーネ・シャルロッテ・フォン・ヴュルテンベルク＝ヴィンネンタールですね	Editional	
伯	クリスティアーネ・シャルロッテ・フォン・ヴュルテンベルク＝ヴィンネンタールですね	Editional	
クリスティ	クリスティアーネ・シャルロッテ・フォン・ヴュルテンベルク＝ヴィンネンタールですね	Editional	
貞	藤原広基ですね	Editional	
藤原	藤原広基ですね	Editional	
月	藤原広基ですね	Editional	
右	藤原広基ですね	Editional	
権守	藤原広基ですね	Editional	
教授	尾崎乕四郎ですね	Editional	
師範	尾崎乕四郎ですね	Editional	
学校	尾崎乕四郎ですね	Editional	
郎	尾崎乕四郎ですね	Editional	
地理	尾崎乕四郎ですね	Editional	
障害	イワン・ソロヴィヨフですね	Editional	
月	イワン・ソロヴィヨフですね	Editional	
イワン	イワン・ソロヴィヨフですね	Editional	
ソビエト	イワン・ソロヴィヨフですね	Editional	
連邦	イワン・ソロヴィヨフですね	Editional	
伯	アンナ・エレオノーレ・フォン・ヘッセン＝ダルムシュタットですね	Editional	
間	アンナ・エレオノーレ・フォン・ヘッセン＝ダルムシュタットですね	Editional	
夫	アンナ・エレオノーレ・フォン・ヘッセン＝ダルムシュタットですね	Editional	
月	アンナ・エレオノーレ・フォン・ヘッセン＝ダルムシュタットですね	Editional	
公	アンナ・エレオノーレ・フォン・ヘッセン＝ダルムシュタットですね	Editional	
聾唖	イワン・ソコリャンスキーですね	Editional	
月	イワン・ソコリャンスキーですね	Editional	
盲	イワン・ソコリャンスキーですね	Editional	
教授	イワン・ソコリャンスキーですね	Editional	
イワン	イワン・ソコリャンスキーですね	Editional	
平成	佐藤和孝ですね	Editional	
山本	佐藤和孝ですね	Editional	
佐藤	佐藤和孝ですね	Editional	
和孝	佐藤和孝ですね	Editional	
昭和	佐藤和孝ですね	Editional	
音楽	荒谷正雄ですね	Editional	
札幌	荒谷正雄ですね	Editional	
月	荒谷正雄ですね	Editional	
荒谷	荒谷正雄ですね	Editional	
正雄	荒谷正雄ですね	Editional	
岩切	岩切善信ですね	Editional	
島津	岩切善信ですね	Editional	
善信	岩切善信ですね	Editional	
時代	岩切善信ですね	Editional	
日向	岩切善信ですね	Editional	
地名	本間信治ですね	Editional	
本間	本間信治ですね	Editional	
信治	本間信治ですね	Editional	
ほんま	本間信治ですね	Editional	
のぶ	本間信治ですね	Editional	
月	ジャン・デルサルトですね	Editional	
初期	ジャン・デルサルトですね	Editional	
メンバー	ジャン・デルサルトですね	Editional	
ジャン	ジャン・デルサルトですね	Editional	
ナンシー	ジャン・デルサルトですね	Editional	
月	ビル・リー (左投手)ですね	Editional	
投手	ビル・リー (左投手)ですね	Editional	
リーグ	ビル・リー (左投手)ですね	Editional	
リー	ビル・リー (左投手)ですね	Editional	
アメリカ合衆国	ビル・リー (左投手)ですね	Editional	
岩切	岩切氏ですね	Editional	
姓	岩切氏ですね	Editional	
日向	岩切氏ですね	Editional	
日下部	岩切氏ですね	Editional	
時代	岩切氏ですね	Editional	
植物	ルイ・クロード・リシャールですね	Editional	
月	ルイ・クロード・リシャールですね	Editional	
フランス	ルイ・クロード・リシャールですね	Editional	
学者	ルイ・クロード・リシャールですね	Editional	
祖父	ルイ・クロード・リシャールですね	Editional	
奈良	奈良次郎ですね	Editional	
次郎	奈良次郎ですね	Editional	
じろう	奈良次郎ですね	Editional	
アン	アンガス・T・ジョーンズですね	Editional	
ガス	アンガス・T・ジョーンズですね	Editional	
ジョーンズ	アンガス・T・ジョーンズですね	Editional	
ターナー	アンガス・T・ジョーンズですね	Editional	
月	アンガス・T・ジョーンズですね	Editional	
跡部	跡部 (三木市)ですね	Editional	
月	跡部 (三木市)ですね	Editional	
三木	跡部 (三木市)ですね	Editional	
石仏	跡部 (三木市)ですね	Editional	
あと	跡部 (三木市)ですね	Editional	
判事	奈良次郎 (弁護士)ですね	Editional	
弁護士	奈良次郎 (弁護士)ですね	Editional	
日本	奈良次郎 (弁護士)ですね	Editional	
教授	奈良次郎 (弁護士)ですね	Editional	
法学部	奈良次郎 (弁護士)ですね	Editional	
郡	デイビス郡 (アイオワ州)ですね	Editional	
人口	デイビス郡 (アイオワ州)ですね	Editional	
デイビス	デイビス郡 (アイオワ州)ですね	Editional	
国勢調査	デイビス郡 (アイオワ州)ですね	Editional	
アメリカ合衆国	デイビス郡 (アイオワ州)ですね	Editional	
伊藤	伊藤祐二ですね	Editional	
祐二	伊藤祐二ですね	Editional	
作品	伊藤祐二ですね	Editional	
イタリア	伊藤祐二ですね	Editional	
井上	伊藤祐二ですね	Editional	
野本	野本時員ですね	Editional	
時	野本時員ですね	Editional	
時代	野本時員ですね	Editional	
没年	野本時員ですね	Editional	
不詳	野本時員ですね	Editional	
足立	足立区立千寿青葉中学校ですね	Editional	
中学校	足立区立千寿青葉中学校ですね	Editional	
区立	足立区立千寿青葉中学校ですね	Editional	
千寿	足立区立千寿青葉中学校ですね	Editional	
青葉	足立区立千寿青葉中学校ですね	Editional	
月	コリン・カウギルですね	Editional	
本塁打	コリン・カウギルですね	Editional	
外野	コリン・カウギルですね	Editional	
メジャー	コリン・カウギルですね	Editional	
打率	コリン・カウギルですね	Editional	
勝野	勝野竜司ですね	Editional	
竜司	勝野竜司ですね	Editional	
兵庫	勝野竜司ですね	Editional	
かつ	勝野竜司ですね	Editional	
月	勝野竜司ですね	Editional	
教授	鈴木勝忠ですね	Editional	
鈴木	鈴木勝忠ですね	Editional	
勝	鈴木勝忠ですね	Editional	
忠	鈴木勝忠ですね	Editional	
月	鈴木勝忠ですね	Editional	
聖母	エル・ロシーオですね	Editional	
自治体	エル・ロシーオですね	Editional	
集落	エル・ロシーオですね	Editional	
祭り	エル・ロシーオですね	Editional	
世紀	エル・ロシーオですね	Editional	
伊達	伊達神社 (色麻町)ですね	Editional	
神社	伊達神社 (色麻町)ですね	Editional	
色麻	伊達神社 (色麻町)ですね	Editional	
香取	伊達神社 (色麻町)ですね	Editional	
神宮	伊達神社 (色麻町)ですね	Editional	
地理	サミュエル・ホイットモア・ボッグスですね	Editional	
委員	サミュエル・ホイットモア・ボッグスですね	Editional	
月	サミュエル・ホイットモア・ボッグスですね	Editional	
地図	サミュエル・ホイットモア・ボッグスですね	Editional	
国務省	サミュエル・ホイットモア・ボッグスですね	Editional	
民	マスード・サブリですね	Editional	
政府	マスード・サブリですね	Editional	
主席	マスード・サブリですね	Editional	
マスード	マスード・サブリですね	Editional	
委員	マスード・サブリですね	Editional	
学校	小野市立河合中学校ですね	Editional	
小野	小野市立河合中学校ですね	Editional	
兵庫	小野市立河合中学校ですね	Editional	
県立	小野市立河合中学校ですね	Editional	
河合中	小野市立河合中学校ですね	Editional	
ミシェル	ミシェル・ラングストーンですね	Editional	
月	ミシェル・ラングストーンですね	Editional	
ニュージーランド	ミシェル・ラングストーンですね	Editional	
オーストラリア	ミシェル・ラングストーンですね	Editional	
女優	ミシェル・ラングストーンですね	Editional	
河童	鈴木善徳ですね	Editional	
委員	鈴木善徳ですね	Editional	
鈴木	鈴木善徳ですね	Editional	
文學界	鈴木善徳ですね	Editional	
芥川	鈴木善徳ですね	Editional	
久慈	久慈義巳ですね	Editional	
市長	久慈義巳ですね	Editional	
岩手	久慈義巳ですね	Editional	
義巳	久慈義巳ですね	Editional	
くじ	久慈義巳ですね	Editional	
ラップ	鳥谷部俊一ですね	Editional	
療法	鳥谷部俊一ですね	Editional	
鳥谷部	鳥谷部俊一ですね	Editional	
褥	鳥谷部俊一ですね	Editional	
床ずれ	鳥谷部俊一ですね	Editional	
久慈	山内隆文ですね	Editional	
市長	山内隆文ですね	Editional	
岩手	山内隆文ですね	Editional	
県議会	山内隆文ですね	Editional	
山内	山内隆文ですね	Editional	
月	ジョナサン・グリーナートですね	Editional	
海軍	ジョナサン・グリーナートですね	Editional	
作戦	ジョナサン・グリーナートですね	Editional	
部長	ジョナサン・グリーナートですね	Editional	
原子力	ジョナサン・グリーナートですね	Editional	
久木	久木念ですね	Editional	
念	久木念ですね	Editional	
月	久木念ですね	Editional	
日本	久木念ですね	Editional	
俳優	久木念ですね	Editional	
豪	暴れ豪右衛門ですね	Editional	
右	暴れ豪右衛門ですね	Editional	
衛門	暴れ豪右衛門ですね	Editional	
うえ	暴れ豪右衛門ですね	Editional	
日本	暴れ豪右衛門ですね	Editional	
禅	片桐大忍ですね	Editional	
サンフランシスコ	片桐大忍ですね	Editional	
センター	片桐大忍ですね	Editional	
ミネソタ	片桐大忍ですね	Editional	
住職	片桐大忍ですね	Editional	
山本	山本美禰子ですね	Editional	
美禰子	山本美禰子ですね	Editional	
門脇	山本美禰子ですね	Editional	
舞	山本美禰子ですね	Editional	
日本	山本美禰子ですね	Editional	
月	ライアン・ロバーツですね	Editional	
マイナー	ライアン・ロバーツですね	Editional	
ロ	ライアン・ロバーツですね	Editional	
バーツ	ライアン・ロバーツですね	Editional	
テキサス	ライアン・ロバーツですね	Editional	
文学	朝倉尚ですね	Editional	
教授	朝倉尚ですね	Editional	
広島大学	朝倉尚ですね	Editional	
朝倉	朝倉尚ですね	Editional	
尚	朝倉尚ですね	Editional	
真山	真山りかですね	Editional	
りか	真山りかですね	Editional	
月	真山りかですね	Editional	
日本	真山りかですね	Editional	
タレント	真山りかですね	Editional	
月	ノエル・ヘメンディンガーですね	Editional	
極東	ノエル・ヘメンディンガーですね	Editional	
北東	ノエル・ヘメンディンガーですね	Editional	
アジア	ノエル・ヘメンディンガーですね	Editional	
経済	ノエル・ヘメンディンガーですね	Editional	
マッカーサー	アーサー・マッカーサー3世ですね	Editional	
アーサー	アーサー・マッカーサー3世ですね	Editional	
月	アーサー・マッカーサー3世ですね	Editional	
長男	アーサー・マッカーサー3世ですね	Editional	
ダグラス	アーサー・マッカーサー3世ですね	Editional	
阿蘇	矢部郷ですね	Editional	
矢部	矢部郷ですね	Editional	
郷	矢部郷ですね	Editional	
肥後	矢部郷ですね	Editional	
熊本	矢部郷ですね	Editional	
川崎	川崎智幸ですね	Editional	
智幸	川崎智幸ですね	Editional	
昭和	川崎智幸ですね	Editional	
月	川崎智幸ですね	Editional	
岡山	川崎智幸ですね	Editional	
上條	上條嘉嗣ですね	Editional	
大阪	上條嘉嗣ですね	Editional	
嘉	上條嘉嗣ですね	Editional	
平成	上條嘉嗣ですね	Editional	
元年	上條嘉嗣ですね	Editional	
桂	桂女ですね	Editional	
女	桂女ですね	Editional	
世紀	桂女ですね	Editional	
かつら	桂女ですね	Editional	
京都	桂女ですね	Editional	
寺	密厳寺 (北海道余市町)ですね	Editional	
余市	密厳寺 (北海道余市町)ですね	Editional	
密	密厳寺 (北海道余市町)ですね	Editional	
厳	密厳寺 (北海道余市町)ですね	Editional	
北海道	密厳寺 (北海道余市町)ですね	Editional	
住吉	住吉真理子ですね	Editional	
真理子	住吉真理子ですね	Editional	
女優	住吉真理子ですね	Editional	
すみ	住吉真理子ですね	Editional	
まりこ	住吉真理子ですね	Editional	
京都	高橋マキのぐるぐる京都ですね	Editional	
高橋	高橋マキのぐるぐる京都ですね	Editional	
マキ	高橋マキのぐるぐる京都ですね	Editional	
月	高橋マキのぐるぐる京都ですね	Editional	
番組	高橋マキのぐるぐる京都ですね	Editional	
行司	木村庄太郎 (15代)ですね	Editional	
月	木村庄太郎 (15代)ですね	Editional	
場所	木村庄太郎 (15代)ですね	Editional	
木村	木村庄太郎 (15代)ですね	Editional	
庄太郎	木村庄太郎 (15代)ですね	Editional	
躰	宮下宏紀ですね	Editional	
選手権	宮下宏紀ですね	Editional	
世界	宮下宏紀ですね	Editional	
岩槻	宮下宏紀ですね	Editional	
男子	宮下宏紀ですね	Editional	
躰	堀内和一朗ですね	Editional	
選手権	堀内和一朗ですね	Editional	
大会	堀内和一朗ですね	Editional	
日本	堀内和一朗ですね	Editional	
世界	堀内和一朗ですね	Editional	
月	新井良亮ですね	Editional	
新井	新井良亮ですね	Editional	
良	新井良亮ですね	Editional	
亮	新井良亮ですね	Editional	
会長	新井良亮ですね	Editional	
岩手	田中泉樹ですね	Editional	
ホッケー	田中泉樹ですね	Editional	
田中	田中泉樹ですね	Editional	
泉	田中泉樹ですね	Editional	
出身	田中泉樹ですね	Editional	
チャールズ	チャールズ・L・シュルツですね	Editional	
シュルツ	チャールズ・L・シュルツですね	Editional	
月	チャールズ・L・シュルツですね	Editional	
経済	チャールズ・L・シュルツですね	Editional	
委員	チャールズ・L・シュルツですね	Editional	
トモコ	トモコSPですね	Editional	
月	トモコSPですね	Editional	
選手	トモコSPですね	Editional	
スペシャル	トモコSPですね	Editional	
日本	トモコSPですね	Editional	
月	アンディ・ダークスですね	Editional	
タイガース	アンディ・ダークスですね	Editional	
選手	アンディ・ダークスですね	Editional	
左	アンディ・ダークスですね	Editional	
マイナー	アンディ・ダークスですね	Editional	
佐藤	サトウヒロヒサの「眠りにつく前に」ですね	Editional	
サトウ	サトウヒロヒサの「眠りにつく前に」ですね	Editional	
ヒロ	サトウヒロヒサの「眠りにつく前に」ですね	Editional	
ヒサ	サトウヒロヒサの「眠りにつく前に」ですね	Editional	
眠り	サトウヒロヒサの「眠りにつく前に」ですね	Editional	
月	快脳!マジかるハテナですね	Editional	
クイズ	快脳!マジかるハテナですね	Editional	
番組	快脳!マジかるハテナですね	Editional	
ボーナス	快脳!マジかるハテナですね	Editional	
ハテナ	快脳!マジかるハテナですね	Editional	
サッカー	中里優ですね	Editional	
東京	中里優ですね	Editional	
府中	中里優ですね	Editional	
日テレ	中里優ですね	Editional	
中里	中里優ですね	Editional	
荒川	荒川憲一ですね	Editional	
憲一	荒川憲一ですね	Editional	
藩主	大久保守羨ですね	Editional	
公	大久保守羨ですね	Editional	
頼	大久保守羨ですね	Editional	
大久保	大久保守羨ですね	Editional	
大老	大久保守羨ですね	Editional	
荒川	荒川憲一 (戦史学者)ですね	Editional	
憲一	荒川憲一 (戦史学者)ですね	Editional	
戦史	荒川憲一 (戦史学者)ですね	Editional	
学者	荒川憲一 (戦史学者)ですね	Editional	
学会	荒川憲一 (戦史学者)ですね	Editional	
小説	永井義男ですね	Editional	
永井	永井義男ですね	Editional	
義男	永井義男ですね	Editional	
中国	永井義男ですね	Editional	
人口	永井義男ですね	Editional	
昭和	宇品丸ですね	Editional	
月	宇品丸ですね	Editional	
宇品	宇品丸ですね	Editional	
丸	宇品丸ですね	Editional	
陸軍	宇品丸ですね	Editional	
郡	テイラー郡 (アイオワ州)ですね	Editional	
人口	テイラー郡 (アイオワ州)ですね	Editional	
テイラー	テイラー郡 (アイオワ州)ですね	Editional	
国勢調査	テイラー郡 (アイオワ州)ですね	Editional	
アメリカ合衆国	テイラー郡 (アイオワ州)ですね	Editional	
月	坂本理保ですね	Editional	
坂本	坂本理保ですね	Editional	
理	坂本理保ですね	Editional	
保	坂本理保ですね	Editional	
女子	坂本理保ですね	Editional	
銅版	今純三ですね	Editional	
月	今純三ですね	Editional	
昭和	今純三ですね	Editional	
日本	今純三ですね	Editional	
純三	今純三ですね	Editional	
藤倉	藤倉学園ですね	Editional	
学園	藤倉学園ですね	Editional	
社会	藤倉学園ですね	Editional	
東京	藤倉学園ですね	Editional	
大島	藤倉学園ですね	Editional	
密	密厳寺ですね	Editional	
厳	密厳寺ですね	Editional	
寺	密厳寺ですね	Editional	
公	大久保公卓ですね	Editional	
頼	大久保公卓ですね	Editional	
大久保	大久保公卓ですね	Editional	
卓	大久保公卓ですね	Editional	
忠	大久保公卓ですね	Editional	
スコットランド	ジョン・メイトランド (初代ローダーデイル公)ですね	Editional	
チャールズ	ジョン・メイトランド (初代ローダーデイル公)ですね	Editional	
伯	ジョン・メイトランド (初代ローダーデイル公)ですね	Editional	
イングランド	ジョン・メイトランド (初代ローダーデイル公)ですね	Editional	
王	ジョン・メイトランド (初代ローダーデイル公)ですね	Editional	
県	サン・マルコス県ですね	Editional	
サン	サン・マルコス県ですね	Editional	
マルコス	サン・マルコス県ですね	Editional	
太平洋	サン・マルコス県ですね	Editional	
標高	サン・マルコス県ですね	Editional	
ジャズ	原田和典ですね	Editional	
音楽	原田和典ですね	Editional	
ミュージック	原田和典ですね	Editional	
原田	原田和典ですね	Editional	
ファン	原田和典ですね	Editional	
清	清貞雄ですね	Editional	
貞雄	清貞雄ですね	Editional	
日本	清貞雄ですね	Editional	
アマチュア	清貞雄ですね	Editional	
天文	清貞雄ですね	Editional	
月	ホルスト・フォン・ウッカーマンですね	Editional	
師団	ホルスト・フォン・ウッカーマンですね	Editional	
連隊	ホルスト・フォン・ウッカーマンですね	Editional	
歩兵	ホルスト・フォン・ウッカーマンですね	Editional	
中隊	ホルスト・フォン・ウッカーマンですね	Editional	
志保	志保 (曖昧さ回避)ですね	Editional	
鰐淵	鰐淵理沙ですね	Editional	
声楽	鰐淵理沙ですね	Editional	
理沙	鰐淵理沙ですね	Editional	
音楽	鰐淵理沙ですね	Editional	
わに	鰐淵理沙ですね	Editional	
脚本	天沢彰ですね	Editional	
小説	天沢彰ですね	Editional	
天	天沢彰ですね	Editional	
沢	天沢彰ですね	Editional	
彰	天沢彰ですね	Editional	
柴田	柴田奈緒美ですね	Editional	
奈緒美	柴田奈緒美ですね	Editional	
しば	柴田奈緒美ですね	Editional	
なおみ	柴田奈緒美ですね	Editional	
月	柴田奈緒美ですね	Editional	
霜田	霜田あゆ美ですね	Editional	
あゆ	霜田あゆ美ですね	Editional	
イラストレーター	霜田あゆ美ですね	Editional	
漫画	霜田あゆ美ですね	Editional	
あゆみ	霜田あゆ美ですね	Editional	
森川	PRIDE (森川美穂の曲)ですね	Editional	
美穂	PRIDE (森川美穂の曲)ですね	Editional	
曲	PRIDE (森川美穂の曲)ですね	Editional	
プライド	PRIDE (森川美穂の曲)ですね	Editional	
シングル	PRIDE (森川美穂の曲)ですね	Editional	
地理	野間三郎ですね	Editional	
野間	野間三郎ですね	Editional	
教授	野間三郎ですね	Editional	
三郎	野間三郎ですね	Editional	
大学	野間三郎ですね	Editional	
小坪	小坪 (曖昧さ回避)ですね	Editional	
月	タイラー・フラワーズですね	Editional	
捕手	タイラー・フラワーズですね	Editional	
本塁打	タイラー・フラワーズですね	Editional	
打率	タイラー・フラワーズですね	Editional	
メジャー	タイラー・フラワーズですね	Editional	
林	林暁宇ですね	Editional	
暁	林暁宇ですね	Editional	
月	林暁宇ですね	Editional	
肺結核	林暁宇ですね	Editional	
仏教	林暁宇ですね	Editional	
センター	奥村正博ですね	Editional	
内山	奥村正博ですね	Editional	
曹洞宗	奥村正博ですね	Editional	
アメリカ	奥村正博ですね	Editional	
禅	奥村正博ですね	Editional	
安田	安田あとりですね	Editional	
ユース	安田あとりですね	Editional	
あと	安田あとりですね	Editional	
やす	安田あとりですね	Editional	
月	安田あとりですね	Editional	
つかさ	喜井つかさですね	Editional	
喜	喜井つかさですね	Editional	
井	喜井つかさですね	Editional	
岡山	喜井つかさですね	Editional	
きい	喜井つかさですね	Editional	
横田	横田城 (陸奥国)ですね	Editional	
城	横田城 (陸奥国)ですね	Editional	
遠野	横田城 (陸奥国)ですね	Editional	
陸奥	横田城 (陸奥国)ですね	Editional	
護摩堂	横田城 (陸奥国)ですね	Editional	
チカ	チカちゃんですね	Editional	
番組	チカちゃんですね	Editional	
月	チカちゃんですね	Editional	
動物	チカちゃんですね	Editional	
インドネシア	チカちゃんですね	Editional	
鍋倉	鍋倉城ですね	Editional	
城	鍋倉城ですね	Editional	
なべ	鍋倉城ですね	Editional	
日本	鍋倉城ですね	Editional	
郡	ルーカス郡 (アイオワ州)ですね	Editional	
ルーカス	ルーカス郡 (アイオワ州)ですね	Editional	
人口	ルーカス郡 (アイオワ州)ですね	Editional	
アイオワ	ルーカス郡 (アイオワ州)ですね	Editional	
国勢調査	ルーカス郡 (アイオワ州)ですね	Editional	
植物	ベルナール・ド・ジュシューですね	Editional	
パリ	ベルナール・ド・ジュシューですね	Editional	
月	ベルナール・ド・ジュシューですね	Editional	
フランス	ベルナール・ド・ジュシューですね	Editional	
兄	ベルナール・ド・ジュシューですね	Editional	
モデル	ケイト・アプトンですね	Editional	
月	ケイト・アプトンですね	Editional	
水着	ケイト・アプトンですね	Editional	
スポーツ	ケイト・アプトンですね	Editional	
動画	ケイト・アプトンですね	Editional	
小林	小林夕里子ですね	Editional	
里子	小林夕里子ですね	Editional	
こ	小林夕里子ですね	Editional	
ゆり	小林夕里子ですね	Editional	
生年月日	小林夕里子ですね	Editional	
版画	鳴海伸一ですね	Editional	
作品	鳴海伸一ですね	Editional	
シリーズ	鳴海伸一ですね	Editional	
札幌	鳴海伸一ですね	Editional	
芸術	鳴海伸一ですね	Editional	
月	ロベルト・ステイグリッツですね	Editional	
ミドル	ロベルト・ステイグリッツですね	Editional	
世界	ロベルト・ステイグリッツですね	Editional	
スーパー	ロベルト・ステイグリッツですね	Editional	
王座	ロベルト・ステイグリッツですね	Editional	
夏	半夏厚朴湯ですね	Editional	
朴	半夏厚朴湯ですね	Editional	
厚	半夏厚朴湯ですね	Editional	
湯	半夏厚朴湯ですね	Editional	
はん	半夏厚朴湯ですね	Editional	
ダンディー	ジョン・グラハム (初代ダンディー子爵)ですね	Editional	
スコットランド	ジョン・グラハム (初代ダンディー子爵)ですね	Editional	
イングランド	ジョン・グラハム (初代ダンディー子爵)ですね	Editional	
ジェームズ	ジョン・グラハム (初代ダンディー子爵)ですね	Editional	
革命	ジョン・グラハム (初代ダンディー子爵)ですね	Editional	
声優	小岩井ことりですね	Editional	
月	小岩井ことりですね	Editional	
テレビ	小岩井ことりですね	Editional	
アニメ	小岩井ことりですね	Editional	
自身	小岩井ことりですね	Editional	
ユリウス	ユリウス・フリードリヒ (ヴュルテンベルク＝ヴァイルティンゲン公)ですね	Editional	
月	ユリウス・フリードリヒ (ヴュルテンベルク＝ヴァイルティンゲン公)ですね	Editional	
フリードリヒ	ユリウス・フリードリヒ (ヴュルテンベルク＝ヴァイルティンゲン公)ですね	Editional	
公	ユリウス・フリードリヒ (ヴュルテンベルク＝ヴァイルティンゲン公)ですね	Editional	
間	ユリウス・フリードリヒ (ヴュルテンベルク＝ヴァイルティンゲン公)ですね	Editional	
番組	ユーミンのSUPER WOMANですね	Editional	
ユーミン	ユーミンのSUPER WOMANですね	Editional	
テレ	ユーミンのSUPER WOMANですね	Editional	
月	ユーミンのSUPER WOMANですね	Editional	
松任谷	ユーミンのSUPER WOMANですね	Editional	
高瀬	高瀬むぅですね	Editional	
福岡	高瀬むぅですね	Editional	
本	高瀬むぅですね	Editional	
月	高瀬むぅですね	Editional	
日本	高瀬むぅですね	Editional	
猿橋	サイクロン猿橋ですね	Editional	
サイクロン	サイクロン猿橋ですね	Editional	
さい	サイクロン猿橋ですね	Editional	
はし	サイクロン猿橋ですね	Editional	
日本	サイクロン猿橋ですね	Editional	
省一	西村省一郎ですね	Editional	
郎	西村省一郎ですね	Editional	
月	西村省一郎ですね	Editional	
投手	西村省一郎ですね	Editional	
スコアラー	西村省一郎ですね	Editional	
まさみ	小林まさみ (作詞家)ですね	Editional	
小林	小林まさみ (作詞家)ですね	Editional	
こ	小林まさみ (作詞家)ですね	Editional	
日本	小林まさみ (作詞家)ですね	Editional	
アーティスト	小林まさみ (作詞家)ですね	Editional	
まさみ	小林まさみですね	Editional	
小林	小林まさみですね	Editional	
こ	小林まさみですね	Editional	
文学	槻木裕ですね	Editional	
槻木	槻木裕ですね	Editional	
裕	槻木裕ですね	Editional	
教授	槻木裕ですね	Editional	
ゆたか	槻木裕ですね	Editional	
藤村	藤村記念館 (岐阜県)ですね	Editional	
馬籠	藤村記念館 (岐阜県)ですね	Editional	
島崎	藤村記念館 (岐阜県)ですね	Editional	
昭和	藤村記念館 (岐阜県)ですね	Editional	
文庫	藤村記念館 (岐阜県)ですね	Editional	
取締役	大薗恵美ですね	Editional	
委員	大薗恵美ですね	Editional	
一橋大学	大薗恵美ですね	Editional	
教授	大薗恵美ですね	Editional	
ホールディングス	大薗恵美ですね	Editional	
京介	チクサクコール うすた京介短編集ですね	Editional	
漫画	チクサクコール うすた京介短編集ですね	Editional	
日本	チクサクコール うすた京介短編集ですね	Editional	
月	チクサクコール うすた京介短編集ですね	Editional	
集英社	チクサクコール うすた京介短編集ですね	Editional	
月	中条あやみですね	Editional	
モデル	中条あやみですね	Editional	
映画	中条あやみですね	Editional	
女優	中条あやみですね	Editional	
大阪	中条あやみですね	Editional	
自転車	橋本英也ですね	Editional	
大会	橋本英也ですね	Editional	
学校	橋本英也ですね	Editional	
橋本	橋本英也ですね	Editional	
英也	橋本英也ですね	Editional	
古賀	古賀真菜美ですね	Editional	
真菜	古賀真菜美ですね	Editional	
こ	古賀真菜美ですね	Editional	
まなみ	古賀真菜美ですね	Editional	
月	古賀真菜美ですね	Editional	
競輪	稲毛健太ですね	Editional	
学校	稲毛健太ですね	Editional	
選手	稲毛健太ですね	Editional	
稲毛	稲毛健太ですね	Editional	
健太	稲毛健太ですね	Editional	
日本	山崎佐ですね	Editional	
大学	山崎佐ですね	Editional	
山崎	山崎佐ですね	Editional	
弁護士	山崎佐ですね	Editional	
医事	山崎佐ですね	Editional	
投手	太田勝正ですね	Editional	
太田	太田勝正ですね	Editional	
勝正	太田勝正ですね	Editional	
プロ	太田勝正ですね	Editional	
野球	太田勝正ですね	Editional	
日本	小坂英二ですね	Editional	
議員	小坂英二ですね	Editional	
月	小坂英二ですね	Editional	
政治	小坂英二ですね	Editional	
荒川	小坂英二ですね	Editional	
公	ジルフィウス2世フリードリヒ (ヴュルテンベルク＝エールス公)ですね	Editional	
フリードリヒ	ジルフィウス2世フリードリヒ (ヴュルテンベルク＝エールス公)ですね	Editional	
月	ジルフィウス2世フリードリヒ (ヴュルテンベルク＝エールス公)ですね	Editional	
間	ジルフィウス2世フリードリヒ (ヴュルテンベルク＝エールス公)ですね	Editional	
母	ジルフィウス2世フリードリヒ (ヴュルテンベルク＝エールス公)ですね	Editional	
広島	岩本秀三ですね	Editional	
岩本	岩本秀三ですね	Editional	
秀三	岩本秀三ですね	Editional	
手法	岩本秀三ですね	Editional	
野尻	岩本秀三ですね	Editional	
選手権	中野哲爾ですね	Editional	
世界	中野哲爾ですね	Editional	
個人	中野哲爾ですね	Editional	
躰	中野哲爾ですね	Editional	
中野	中野哲爾ですね	Editional	
裁判官	華井俊樹ですね	Editional	
華井	華井俊樹ですね	Editional	
大阪	華井俊樹ですね	Editional	
月	華井俊樹ですね	Editional	
裁判所	華井俊樹ですね	Editional	
技術	櫻原一雄ですね	Editional	
櫻	櫻原一雄ですね	Editional	
原	櫻原一雄ですね	Editional	
一雄	櫻原一雄ですね	Editional	
エンジン	櫻原一雄ですね	Editional	
月	井上玲美ですね	Editional	
競輪	井上玲美ですね	Editional	
学校	井上玲美ですね	Editional	
井上	井上玲美ですね	Editional	
玲美	井上玲美ですね	Editional	
福井	福井洋介ですね	Editional	
洋介	福井洋介ですね	Editional	
ふく	福井洋介ですね	Editional	
ギタリスト	福井洋介ですね	Editional	
音楽	福井洋介ですね	Editional	
高校	ときめきヒルズ高校白書ですね	Editional	
作品	ときめきヒルズ高校白書ですね	Editional	
パロディ	ときめきヒルズ高校白書ですね	Editional	
ときめき	ときめきヒルズ高校白書ですね	Editional	
ヒルズ	ときめきヒルズ高校白書ですね	Editional	
日本	坪田文ですね	Editional	
芸術	坪田文ですね	Editional	
坪田	坪田文ですね	Editional	
文	坪田文ですね	Editional	
大学	坪田文ですね	Editional	
猪俣	猪俣甚弥ですね	Editional	
学校	猪俣甚弥ですね	Editional	
昭和	猪俣甚弥ですね	Editional	
陸軍	猪俣甚弥ですね	Editional	
中野	猪俣甚弥ですね	Editional	
三國	三國青葉ですね	Editional	
青葉	三國青葉ですね	Editional	
日本	三國青葉ですね	Editional	
かお	三國青葉ですね	Editional	
くに	三國青葉ですね	Editional	
南部	平良ヶ崎館ですね	Editional	
平良	平良ヶ崎館ですね	Editional	
崎	平良ヶ崎館ですね	Editional	
所在	平良ヶ崎館ですね	Editional	
一つ	平良ヶ崎館ですね	Editional	
津田	津田恵ですね	Editional	
恵	津田恵ですね	Editional	
めぐみ	津田恵ですね	Editional	
月	津田恵ですね	Editional	
日本	津田恵ですね	Editional	
郡	ヘンリー郡 (アイオワ州)ですね	Editional	
人口	ヘンリー郡 (アイオワ州)ですね	Editional	
国勢調査	ヘンリー郡 (アイオワ州)ですね	Editional	
ヘンリー	ヘンリー郡 (アイオワ州)ですね	Editional	
庁舎	ヘンリー郡 (アイオワ州)ですね	Editional	
月	ニール・ラッカーズですね	Editional	
シーズン	ニール・ラッカーズですね	Editional	
ポジション	ニール・ラッカーズですね	Editional	
年	ニール・ラッカーズですね	Editional	
ミズーリ	ニール・ラッカーズですね	Editional	
文藝	谷川直子ですね	Editional	
直子	谷川直子ですね	Editional	
高橋	谷川直子ですね	Editional	
小説	谷川直子ですね	Editional	
月	谷川直子ですね	Editional	
米吉	中村米吉ですね	Editional	
萬屋	中村米吉ですね	Editional	
中村	中村米吉ですね	Editional	
播磨屋	中村米吉ですね	Editional	
なか	中村米吉ですね	Editional	
月	アダム・ララーナですね	Editional	
ゴール	アダム・ララーナですね	Editional	
リーグ	アダム・ララーナですね	Editional	
イングランド	アダム・ララーナですね	Editional	
シーズン	アダム・ララーナですね	Editional	
チェコ	ミハル・アイヴァスですね	Editional	
プラハ	ミハル・アイヴァスですね	Editional	
ミハル	ミハル・アイヴァスですね	Editional	
月	ミハル・アイヴァスですね	Editional	
作家	ミハル・アイヴァスですね	Editional	
石原	石原久ですね	Editional	
歯科	石原久ですね	Editional	
久	石原久ですね	Editional	
月	石原久ですね	Editional	
口腔	石原久ですね	Editional	
イギリス	ジョン・ゴラムですね	Editional	
戦い	ジョン・ゴラムですね	Editional	
ジョン	ジョン・ゴラムですね	Editional	
月	ジョン・ゴラムですね	Editional	
猟	ジョン・ゴラムですね	Editional	
野辺地	野辺地城ですね	Editional	
城	野辺地城ですね	Editional	
字	野辺地城ですね	Editional	
代官	野辺地城ですね	Editional	
青森	野辺地城ですね	Editional	
早稲田大学	成澤勝嗣ですね	Editional	
文学	成澤勝嗣ですね	Editional	
成澤	成澤勝嗣ですね	Editional	
勝	成澤勝嗣ですね	Editional	
日本	成澤勝嗣ですね	Editional	
キーン	デニス・キーンですね	Editional	
生まれ	デニス・キーンですね	Editional	
日本	デニス・キーンですね	Editional	
文学	デニス・キーンですね	Editional	
オックスフォード	デニス・キーンですね	Editional	
浮世絵	内藤正人ですね	Editional	
慶應義塾	内藤正人ですね	Editional	
大学	内藤正人ですね	Editional	
内藤	内藤正人ですね	Editional	
正人	内藤正人ですね	Editional	
和田	和田奈央子ですね	Editional	
奈央子	和田奈央子ですね	Editional	
女子	和田奈央子ですね	Editional	
神奈川	和田奈央子ですね	Editional	
相模原	和田奈央子ですね	Editional	
サッカー	加藤千佳 (サッカー選手)ですね	Editional	
加藤	加藤千佳 (サッカー選手)ですね	Editional	
千佳	加藤千佳 (サッカー選手)ですね	Editional	
選手	加藤千佳 (サッカー選手)ですね	Editional	
月	加藤千佳 (サッカー選手)ですね	Editional	
アンナ	アンナ・フォン・エスターライヒ (1432-1462)ですね	Editional	
公	アンナ・フォン・エスターライヒ (1432-1462)ですね	Editional	
ローマ	アンナ・フォン・エスターライヒ (1432-1462)ですね	Editional	
月	アンナ・フォン・エスターライヒ (1432-1462)ですね	Editional	
娘	アンナ・フォン・エスターライヒ (1432-1462)ですね	Editional	
芍薬	桂枝加芍薬湯ですね	Editional	
桂	桂枝加芍薬湯ですね	Editional	
枝	桂枝加芍薬湯ですね	Editional	
湯	桂枝加芍薬湯ですね	Editional	
加	桂枝加芍薬湯ですね	Editional	
プロ	ジム・バッケンですね	Editional	
シーズン	ジム・バッケンですね	Editional	
ボウル	ジム・バッケンですね	Editional	
大学	ジム・バッケンですね	Editional	
月	ジム・バッケンですね	Editional	
伊東	伊東さなですね	Editional	
月	伊東さなですね	Editional	
日本	伊東さなですね	Editional	
タレント	伊東さなですね	Editional	
グラビア	伊東さなですね	Editional	
ディエゴ	ディエゴ・デ・アウストリアですね	Editional	
月	ディエゴ・デ・アウストリアですね	Editional	
ポルトガル	ディエゴ・デ・アウストリアですね	Editional	
公	ディエゴ・デ・アウストリアですね	Editional	
息子	ディエゴ・デ・アウストリアですね	Editional	
世界	テレサ アンナ ヘレナ 3つごのだいぼうけんですね	Editional	
いぼ	テレサ アンナ ヘレナ 3つごのだいぼうけんですね	Editional	
童話	テレサ アンナ ヘレナ 3つごのだいぼうけんですね	Editional	
アンナ	テレサ アンナ ヘレナ 3つごのだいぼうけんですね	Editional	
スペイン	テレサ アンナ ヘレナ 3つごのだいぼうけんですね	Editional	
崎	合崎堅二ですね	Editional	
合	合崎堅二ですね	Editional	
堅	合崎堅二ですね	Editional	
堅二	合崎堅二ですね	Editional	
月	合崎堅二ですね	Editional	
スペイン	カルロス・デ・アウストリア (1607-1632)ですね	Editional	
王族	カルロス・デ・アウストリア (1607-1632)ですね	Editional	
王位	カルロス・デ・アウストリア (1607-1632)ですね	Editional	
カルロス	カルロス・デ・アウストリア (1607-1632)ですね	Editional	
月	カルロス・デ・アウストリア (1607-1632)ですね	Editional	
大森	大森明ですね	Editional	
明	大森明ですね	Editional	
学者	大森明ですね	Editional	
教授	大森明ですね	Editional	
おもり	大森明ですね	Editional	
大学院	八木裕之ですね	Editional	
八木	八木裕之ですね	Editional	
裕之	八木裕之ですね	Editional	
横浜国立大学	八木裕之ですね	Editional	
教授	八木裕之ですね	Editional	
森川	Be Free (森川美穂の曲)ですね	Editional	
美穂	Be Free (森川美穂の曲)ですね	Editional	
曲	Be Free (森川美穂の曲)ですね	Editional	
シングル	Be Free (森川美穂の曲)ですね	Editional	
月	ギャランティーク和恵ですね	Editional	
日本コロムビア	ギャランティーク和恵ですね	Editional	
シングル	ギャランティーク和恵ですね	Editional	
歌謡	ギャランティーク和恵ですね	Editional	
アルバム	ギャランティーク和恵ですね	Editional	
高橋	高橋伸彰ですね	Editional	
伸	高橋伸彰ですね	Editional	
彰	高橋伸彰ですね	Editional	
たかはし	高橋伸彰ですね	Editional	
のぶ	高橋伸彰ですね	Editional	
他	宮森隆行ですね	Editional	
宮森	宮森隆行ですね	Editional	
隆行	宮森隆行ですね	Editional	
月	宮森隆行ですね	Editional	
日本	宮森隆行ですね	Editional	
吉本興業	八田竹男ですね	Editional	
社長	八田竹男ですね	Editional	
花月	八田竹男ですね	Editional	
八田	八田竹男ですね	Editional	
竹男	八田竹男ですね	Editional	
株式会社	高橋伸彰 (実業家)ですね	Editional	
日本	高橋伸彰 (実業家)ですね	Editional	
事業	高橋伸彰 (実業家)ですね	Editional	
財団	高橋伸彰 (実業家)ですね	Editional	
高橋	高橋伸彰 (実業家)ですね	Editional	
平野	平野純ですね	Editional	
純	平野純ですね	Editional	
じゅん	平野純ですね	Editional	
月	平野純ですね	Editional	
日本	平野純ですね	Editional	
教授	三重野文晴ですね	Editional	
経済	三重野文晴ですね	Editional	
大学院	三重野文晴ですね	Editional	
東南アジア	三重野文晴ですね	Editional	
地域	三重野文晴ですね	Editional	
日本	赤松常子ですね	Editional	
月	赤松常子ですね	Editional	
赤松	赤松常子ですね	Editional	
常子	赤松常子ですね	Editional	
参議院	赤松常子ですね	Editional	
竜馬	リン×ママですね	Editional	
女子	リン×ママですね	Editional	
さなえ	リン×ママですね	Editional	
リン	リン×ママですね	Editional	
ママ	リン×ママですね	Editional	
月	村上一治ですね	Editional	
プロ	村上一治ですね	Editional	
野球	村上一治ですね	Editional	
東邦	村上一治ですね	Editional	
商	村上一治ですね	Editional	
ガン	ジェームズ・ガン (映画製作者)ですね	Editional	
脚本	ジェームズ・ガン (映画製作者)ですね	Editional	
映画	ジェームズ・ガン (映画製作者)ですね	Editional	
ジェームズ	ジェームズ・ガン (映画製作者)ですね	Editional	
月	ジェームズ・ガン (映画製作者)ですね	Editional	
香港	ロナルド・ラムですね	Editional	
出身	ロナルド・ラムですね	Editional	
カナダ	ロナルド・ラムですね	Editional	
フィギュア	ロナルド・ラムですね	Editional	
選手権	ロナルド・ラムですね	Editional	
クラブ	クラブ・ラインストーン/今夜は最高!ですね	Editional	
ライン	クラブ・ラインストーン/今夜は最高!ですね	Editional	
ストーン	クラブ・ラインストーン/今夜は最高!ですね	Editional	
最高	クラブ・ラインストーン/今夜は最高!ですね	Editional	
ボブ	クラブ・ラインストーン/今夜は最高!ですね	Editional	
場所	宝香鵬宏作ですね	Editional	
月	宝香鵬宏作ですね	Editional	
鵬	宝香鵬宏作ですね	Editional	
相撲	宝香鵬宏作ですね	Editional	
宝	宝香鵬宏作ですね	Editional	
小泉	小泉和子ですね	Editional	
昭和	小泉和子ですね	Editional	
くらし	小泉和子ですね	Editional	
博物館	小泉和子ですね	Editional	
家具	小泉和子ですね	Editional	
音楽	川端崇文ですね	Editional	
アーティスト	川端崇文ですね	Editional	
大学	川端崇文ですね	Editional	
マネージメント	川端崇文ですね	Editional	
プロダクション	川端崇文ですね	Editional	
画家	アレクサンドル・ルイ・ルロワールですね	Editional	
アレクサンドル	アレクサンドル・ルイ・ルロワールですね	Editional	
ルイ	アレクサンドル・ルイ・ルロワールですね	Editional	
月	アレクサンドル・ルイ・ルロワールですね	Editional	
フランス	アレクサンドル・ルイ・ルロワールですね	Editional	
地震	寛文近江・若狭地震ですね	Editional	
京都	寛文近江・若狭地震ですね	Editional	
寛文	寛文近江・若狭地震ですね	Editional	
近江	寛文近江・若狭地震ですね	Editional	
若狭	寛文近江・若狭地震ですね	Editional	
ブライアン	ブライアン・ティーですね	Editional	
ティー	ブライアン・ティーですね	Editional	
月	ブライアン・ティーですね	Editional	
日本	ブライアン・ティーですね	Editional	
アメリカ合衆国	ブライアン・ティーですね	Editional	
宮川	宮川寅雄ですね	Editional	
寅雄	宮川寅雄ですね	Editional	
月	宮川寅雄ですね	Editional	
日本	宮川寅雄ですね	Editional	
美術	宮川寅雄ですね	Editional	
寺門	寺門秀介ですね	Editional	
秀	寺門秀介ですね	Editional	
しゅう	寺門秀介ですね	Editional	
月	寺門秀介ですね	Editional	
東京	寺門秀介ですね	Editional	
教授	小林高四郎ですね	Editional	
小林	小林高四郎ですね	Editional	
高	小林高四郎ですね	Editional	
四郎	小林高四郎ですね	Editional	
月	小林高四郎ですね	Editional	
月	クリス・ジョーンズ (パンター)ですね	Editional	
カウボーイズ	クリス・ジョーンズ (パンター)ですね	Editional	
スコアボード	クリス・ジョーンズ (パンター)ですね	Editional	
クリス	クリス・ジョーンズ (パンター)ですね	Editional	
ジョーンズ	クリス・ジョーンズ (パンター)ですね	Editional	
野球	劉瀬章ですね	Editional	
南海	劉瀬章ですね	Editional	
投手	劉瀬章ですね	Editional	
日本	劉瀬章ですね	Editional	
中国	劉瀬章ですね	Editional	
メタル	メタルギア ソリッド ソーシャル・オプスですね	Editional	
ギア	メタルギア ソリッド ソーシャル・オプスですね	Editional	
シリーズ	メタルギア ソリッド ソーシャル・オプスですね	Editional	
ゲーム	メタルギア ソリッド ソーシャル・オプスですね	Editional	
アイテム	メタルギア ソリッド ソーシャル・オプスですね	Editional	
朝鮮	李王職ですね	Editional	
李	李王職ですね	Editional	
王	李王職ですね	Editional	
宮内	李王職ですね	Editional	
機関	李王職ですね	Editional	
クリス	クリス・ジョーンズですね	Editional	
ジョーンズ	クリス・ジョーンズですね	Editional	
木山	木山由加ですね	Editional	
由加	木山由加ですね	Editional	
月	木山由加ですね	Editional	
日本	木山由加ですね	Editional	
女子	木山由加ですね	Editional	
かおり	椿かおりですね	Editional	
モデル	椿かおりですね	Editional	
椿	椿かおりですね	Editional	
鹿児島	椿かおりですね	Editional	
出身	椿かおりですね	Editional	
高菜	高菜巻ですね	Editional	
巻	高菜巻ですね	Editional	
日田	高菜巻ですね	Editional	
寿司	高菜巻ですね	Editional	
たか	高菜巻ですね	Editional	
ジャ	ジャシカ・ニコルですね	Editional	
シカ	ジャシカ・ニコルですね	Editional	
ニコル	ジャシカ・ニコルですね	Editional	
アメリカ合衆国	ジャシカ・ニコルですね	Editional	
アラバマ	ジャシカ・ニコルですね	Editional	
青野	青野未来ですね	Editional	
未来	青野未来ですね	Editional	
おの	青野未来ですね	Editional	
月	青野未来ですね	Editional	
日本	青野未来ですね	Editional	
日本	高橋鉄ですね	Editional	
月	高橋鉄ですね	Editional	
高橋	高橋鉄ですね	Editional	
鉄	高橋鉄ですね	Editional	
小説	高橋鉄ですね	Editional	
大場	大場千亜妃ですね	Editional	
亜	大場千亜妃ですね	Editional	
長崎	大場千亜妃ですね	Editional	
おば	大場千亜妃ですね	Editional	
ちあき	大場千亜妃ですね	Editional	
斎藤	斎藤夜居ですね	Editional	
古書	斎藤夜居ですね	Editional	
学校	斎藤夜居ですね	Editional	
ずえ	斎藤夜居ですね	Editional	
日本	斎藤夜居ですね	Editional	
伯	カール・フォン・エスターライヒ (1560-1618)ですね	Editional	
カール	カール・フォン・エスターライヒ (1560-1618)ですね	Editional	
辺境	カール・フォン・エスターライヒ (1560-1618)ですね	Editional	
所領	カール・フォン・エスターライヒ (1560-1618)ですね	Editional	
月	カール・フォン・エスターライヒ (1560-1618)ですね	Editional	
クレー	ジビュレ・フォン・ユーリヒ＝クレーフェ＝ベルク (1557-1627)ですね	Editional	
ベルク	ジビュレ・フォン・ユーリヒ＝クレーフェ＝ベルク (1557-1627)ですね	Editional	
月	ジビュレ・フォン・ユーリヒ＝クレーフェ＝ベルク (1557-1627)ですね	Editional	
妻	ジビュレ・フォン・ユーリヒ＝クレーフェ＝ベルク (1557-1627)ですね	Editional	
夫人	ジビュレ・フォン・ユーリヒ＝クレーフェ＝ベルク (1557-1627)ですね	Editional	
中国	王哲林ですね	Editional	
バスケットボール	王哲林ですね	Editional	
福建	王哲林ですね	Editional	
月	王哲林ですね	Editional	
チーム	王哲林ですね	Editional	
ヨーク	アレックス・ヨークですね	Editional	
日本語	アレックス・ヨークですね	Editional	
日本	アレックス・ヨークですね	Editional	
ニューヨーク	アレックス・ヨークですね	Editional	
部門	アレックス・ヨークですね	Editional	
高柳	高柳美知子ですね	Editional	
美知子	高柳美知子ですね	Editional	
重信	高柳美知子ですね	Editional	
たか	高柳美知子ですね	Editional	
みちこ	高柳美知子ですね	Editional	
臼井	臼井定一ですね	Editional	
定一	臼井定一ですね	Editional	
作家	臼井定一ですね	Editional	
ステンドグラス	臼井定一ですね	Editional	
作品	臼井定一ですね	Editional	
メンバー	琢磨仁ですね	Editional	
琢磨	琢磨仁ですね	Editional	
仁	琢磨仁ですね	Editional	
ウクレレ	琢磨仁ですね	Editional	
じん	琢磨仁ですね	Editional	
佐竹	疋田氏 (佐竹家重臣)ですね	Editional	
月	疋田氏 (佐竹家重臣)ですね	Editional	
秋田	疋田氏 (佐竹家重臣)ですね	Editional	
疋田	疋田氏 (佐竹家重臣)ですね	Editional	
家老	疋田氏 (佐竹家重臣)ですね	Editional	
高柳	高柳蕗子ですね	Editional	
蕗子	高柳蕗子ですね	Editional	
重信	高柳蕗子ですね	Editional	
たか	高柳蕗子ですね	Editional	
ふき	高柳蕗子ですね	Editional	
人口	ハリソン郡 (アイオワ州)ですね	Editional	
ハリソン	ハリソン郡 (アイオワ州)ですね	Editional	
郡	ハリソン郡 (アイオワ州)ですね	Editional	
国勢調査	ハリソン郡 (アイオワ州)ですね	Editional	
アイオワ	ハリソン郡 (アイオワ州)ですね	Editional	
粘土	服部麻加ですね	Editional	
クレイ	服部麻加ですね	Editional	
協会	服部麻加ですね	Editional	
リボン	服部麻加ですね	Editional	
ワーク	服部麻加ですね	Editional	
カード	米山維斗ですね	Editional	
全国	米山維斗ですね	Editional	
米山	米山維斗ですね	Editional	
月	米山維斗ですね	Editional	
株式会社	米山維斗ですね	Editional	
中村	中村小山三ですね	Editional	
小山三	中村小山三ですね	Editional	
なか	中村小山三ですね	Editional	
むら	中村小山三ですね	Editional	
こ	中村小山三ですね	Editional	
塩澤	塩澤幸登ですね	Editional	
幸	塩澤幸登ですね	Editional	
登	塩澤幸登ですね	Editional	
ゆき	塩澤幸登ですね	Editional	
日本	塩澤幸登ですね	Editional	
中村	中村小山三 (2代目)ですね	Editional	
中村屋	中村小山三 (2代目)ですね	Editional	
小山三	中村小山三 (2代目)ですね	Editional	
勘三郎	中村小山三 (2代目)ですね	Editional	
月	中村小山三 (2代目)ですね	Editional	
中原	中原歩ですね	Editional	
歩	中原歩ですね	Editional	
事務所	中原歩ですね	Editional	
なか	中原歩ですね	Editional	
ら	中原歩ですね	Editional	
平井	平井よお子ですね	Editional	
関西	平井よお子ですね	Editional	
タレント	平井よお子ですね	Editional	
子	平井よお子ですね	Editional	
ひらい	平井よお子ですね	Editional	
日本	大田正紀ですね	Editional	
文学	大田正紀ですね	Editional	
教授	大田正紀ですね	Editional	
大田	大田正紀ですね	Editional	
正紀	大田正紀ですね	Editional	
松江	大多和音吉ですね	Editional	
学校	大多和音吉ですね	Editional	
大多和	大多和音吉ですね	Editional	
音吉	大多和音吉ですね	Editional	
ミシン	大多和音吉ですね	Editional	
松江	大多和タカですね	Editional	
大多和	大多和タカですね	Editional	
タカ	大多和タカですね	Editional	
日本	大多和タカですね	Editional	
ミシン	大多和タカですね	Editional	
月	須野田誠ですね	Editional	
早稲田大学	須野田誠ですね	Editional	
塾	須野田誠ですね	Editional	
須野	須野田誠ですね	Editional	
田	須野田誠ですね	Editional	
歌手	東山明美ですね	Editional	
女優	東山明美ですね	Editional	
テレビ	東山明美ですね	Editional	
ドラマ	東山明美ですね	Editional	
東山	東山明美ですね	Editional	
上丸子	上丸子 (川崎市)ですね	Editional	
丸子	上丸子 (川崎市)ですね	Editional	
当地	上丸子 (川崎市)ですね	Editional	
中原	上丸子 (川崎市)ですね	Editional	
時代	上丸子 (川崎市)ですね	Editional	
タイプライター	黒澤貞次郎ですね	Editional	
黒澤	黒澤貞次郎ですね	Editional	
工場	黒澤貞次郎ですね	Editional	
貞次郎	黒澤貞次郎ですね	Editional	
日本	黒澤貞次郎ですね	Editional	
チャイルド	リー・チャイルドですね	Editional	
月	リー・チャイルドですね	Editional	
作家	リー・チャイルドですね	Editional	
自身	リー・チャイルドですね	Editional	
チーム	リー・チャイルドですね	Editional	
植物	山本由松ですね	Editional	
台湾	山本由松ですね	Editional	
師範	山本由松ですね	Editional	
学校	山本由松ですね	Editional	
小学校	山本由松ですね	Editional	
村瀬	村瀬春樹ですね	Editional	
春樹	村瀬春樹ですね	Editional	
月	村瀬春樹ですね	Editional	
日本	村瀬春樹ですね	Editional	
エッセイスト	村瀬春樹ですね	Editional	
バドミントン	李雪ゼイですね	Editional	
世界	李雪ゼイですね	Editional	
オリンピック	李雪ゼイですね	Editional	
選手権	李雪ゼイですね	Editional	
月	李雪ゼイですね	Editional	
ボリス	ボリスブラウンですね	Editional	
ブラウン	ボリスブラウンですね	Editional	
鶏	ボリスブラウンですね	Editional	
日本	ボリスブラウンですね	Editional	
名前	ボリスブラウンですね	Editional	
福島	熊谷敦史ですね	Editional	
月	熊谷敦史ですね	Editional	
医療	熊谷敦史ですね	Editional	
放射線	熊谷敦史ですね	Editional	
長崎大学	熊谷敦史ですね	Editional	
親王	皇太子裕仁親王の欧州訪問ですね	Editional	
裕仁	皇太子裕仁親王の欧州訪問ですね	Editional	
月	皇太子裕仁親王の欧州訪問ですね	Editional	
宮	皇太子裕仁親王の欧州訪問ですね	Editional	
香取	皇太子裕仁親王の欧州訪問ですね	Editional	
大阪	西本智実ですね	Editional	
西本	西本智実ですね	Editional	
智実	西本智実ですね	Editional	
にし	西本智実ですね	Editional	
月	西本智実ですね	Editional	
行田	行田稔彦ですね	Editional	
稔彦	行田稔彦ですね	Editional	
日本	行田稔彦ですね	Editional	
和光	行田稔彦ですね	Editional	
小学校	行田稔彦ですね	Editional	
弁護士	杉井静子ですね	Editional	
杉井	杉井静子ですね	Editional	
静子	杉井静子ですね	Editional	
日本	杉井静子ですね	Editional	
委員	杉井静子ですね	Editional	
教授	橋本紀子ですね	Editional	
橋本	橋本紀子ですね	Editional	
紀子	橋本紀子ですね	Editional	
女子栄養大学	橋本紀子ですね	Editional	
東京大学	橋本紀子ですね	Editional	
月	潮恒太郎ですね	Editional	
判事	潮恒太郎ですね	Editional	
事件	潮恒太郎ですね	Editional	
潮	潮恒太郎ですね	Editional	
恒太郎	潮恒太郎ですね	Editional	
教授	中内敏夫ですね	Editional	
中内	中内敏夫ですね	Editional	
敏夫	中内敏夫ですね	Editional	
月	中内敏夫ですね	Editional	
一橋大学	中内敏夫ですね	Editional	
教授	森田伸子ですね	Editional	
森田	森田伸子ですね	Editional	
伸子	森田伸子ですね	Editional	
日本女子大学	森田伸子ですね	Editional	
のぶこ	森田伸子ですね	Editional	
吉本	林弘高ですね	Editional	
林	林弘高ですね	Editional	
昭和	林弘高ですね	Editional	
吉本興業	林弘高ですね	Editional	
社長	林弘高ですね	Editional	
嚢胞	腺性歯原性嚢胞ですね	Editional	
歯	腺性歯原性嚢胞ですね	Editional	
原	腺性歯原性嚢胞ですね	Editional	
顎骨	腺性歯原性嚢胞ですね	Editional	
例	腺性歯原性嚢胞ですね	Editional	
渥美	渥美雅子ですね	Editional	
雅子	渥美雅子ですね	Editional	
弁護士	渥美雅子ですね	Editional	
女性	渥美雅子ですね	Editional	
法人	渥美雅子ですね	Editional	
月	ハリー・ケインですね	Editional	
リーグ	ハリー・ケインですね	Editional	
ゴール	ハリー・ケインですね	Editional	
プレミア	ハリー・ケインですね	Editional	
シーズン	ハリー・ケインですね	Editional	
アイヌ	吉田菊太郎ですね	Editional	
月	吉田菊太郎ですね	Editional	
昭和	吉田菊太郎ですね	Editional	
吉田	吉田菊太郎ですね	Editional	
民族	吉田菊太郎ですね	Editional	
青山	青山健煕ですね	Editional	
北朝鮮	青山健煕ですね	Editional	
北	青山健煕ですね	Editional	
日本	青山健煕ですね	Editional	
健	青山健煕ですね	Editional	
金沢	金沢嘉市ですね	Editional	
嘉	金沢嘉市ですね	Editional	
月	金沢嘉市ですね	Editional	
小学校	金沢嘉市ですね	Editional	
かな	金沢嘉市ですね	Editional	
がん	山口建ですね	Editional	
静岡	山口建ですね	Editional	
センター	山口建ですね	Editional	
県立	山口建ですね	Editional	
癌	山口建ですね	Editional	
司教	カール・フォン・エスターライヒ (1590-1624)ですね	Editional	
カール	カール・フォン・エスターライヒ (1590-1624)ですね	Editional	
皇帝	カール・フォン・エスターライヒ (1590-1624)ですね	Editional	
月	カール・フォン・エスターライヒ (1590-1624)ですね	Editional	
伯	カール・フォン・エスターライヒ (1590-1624)ですね	Editional	
月	グスタフ・アドルフ・シェールですね	Editional	
親衛隊	グスタフ・アドルフ・シェールですね	Editional	
警察	グスタフ・アドルフ・シェールですね	Editional	
ザルツブルク	グスタフ・アドルフ・シェールですね	Editional	
国家	グスタフ・アドルフ・シェールですね	Editional	
ラジオ	栢木寛照 熱血説法 こころのラジオですね	Editional	
栢木	栢木寛照 熱血説法 こころのラジオですね	Editional	
寛	栢木寛照 熱血説法 こころのラジオですね	Editional	
照	栢木寛照 熱血説法 こころのラジオですね	Editional	
熱血	栢木寛照 熱血説法 こころのラジオですね	Editional	
品種	五百川 (米)ですね	Editional	
福島	五百川 (米)ですね	Editional	
米穀	五百川 (米)ですね	Editional	
五百川	五百川 (米)ですね	Editional	
中通り	五百川 (米)ですね	Editional	
マイ	マイロン・J・ゴードンですね	Editional	
ロン	マイロン・J・ゴードンですね	Editional	
ゴードン	マイロン・J・ゴードンですね	Editional	
月	マイロン・J・ゴードンですね	Editional	
経済	マイロン・J・ゴードンですね	Editional	
寒川	寒川道夫ですね	Editional	
道夫	寒川道夫ですね	Editional	
月	寒川道夫ですね	Editional	
児童	寒川道夫ですね	Editional	
文学	寒川道夫ですね	Editional	
森	貨物線の森緑道ですね	Editional	
緑	貨物線の森緑道ですね	Editional	
貨物	貨物線の森緑道ですね	Editional	
神奈川	貨物線の森緑道ですね	Editional	
恵比須	貨物線の森緑道ですね	Editional	
カール	カール・フォン・エスターライヒですね	Editional	
ハプスブルク	カール・フォン・エスターライヒですね	Editional	
名	カール・フォン・エスターライヒですね	Editional	
スペイン	カール・フォン・エスターライヒですね	Editional	
オーストリア	カール・フォン・エスターライヒですね	Editional	
カルロス	カルロス・デ・アウストリアですね	Editional	
スペイン	カルロス・デ・アウストリアですね	Editional	
ハプスブルク	カルロス・デ・アウストリアですね	Editional	
王族	カルロス・デ・アウストリアですね	Editional	
今別	今別町立今別中学校ですね	Editional	
中学校	今別町立今別中学校ですね	Editional	
町立	今別町立今別中学校ですね	Editional	
唯一	今別町立今別中学校ですね	Editional	
小学校	今別町立今別中学校ですね	Editional	
古家	古家ですね	Editional	
江木	江木理一ですね	Editional	
月	江木理一ですね	Editional	
アナウンサー	江木理一ですね	Editional	
ラジオ	江木理一ですね	Editional	
理一	江木理一ですね	Editional	
郁三	大崎郁三の事件散歩ですね	Editional	
作品	大崎郁三の事件散歩ですね	Editional	
地井	大崎郁三の事件散歩ですね	Editional	
ワイド	大崎郁三の事件散歩ですね	Editional	
大崎	大崎郁三の事件散歩ですね	Editional	
京都大	矢野智司ですね	Editional	
矢野	矢野智司ですね	Editional	
智司	矢野智司ですね	Editional	
教授	矢野智司ですね	Editional	
学部	矢野智司ですね	Editional	
植物	ルイ・ネですね	Editional	
スペイン	ルイ・ネですね	Editional	
標本	ルイ・ネですね	Editional	
フランス	ルイ・ネですね	Editional	
学者	ルイ・ネですね	Editional	
志賀	志賀麻登佳ですね	Editional	
麻	志賀麻登佳ですね	Editional	
登	志賀麻登佳ですね	Editional	
佳	志賀麻登佳ですね	Editional	
俳優	志賀麻登佳ですね	Editional	
頼	渥美勝之ですね	Editional	
渥美	渥美勝之ですね	Editional	
勝之	渥美勝之ですね	Editional	
藩主	渥美勝之ですね	Editional	
徳川	渥美勝之ですね	Editional	
出石	出石武宏ですね	Editional	
ポケット	出石武宏ですね	Editional	
ゲーム	出石武宏ですね	Editional	
武宏	出石武宏ですね	Editional	
任天堂	出石武宏ですね	Editional	
ワイド	司法教官・穂高美子ですね	Editional	
司法	司法教官・穂高美子ですね	Editional	
教官	司法教官・穂高美子ですね	Editional	
穂高	司法教官・穂高美子ですね	Editional	
美子	司法教官・穂高美子ですね	Editional	
教授	大槻健ですね	Editional	
大槻	大槻健ですね	Editional	
健	大槻健ですね	Editional	
月	大槻健ですね	Editional	
早稲田大学	大槻健ですね	Editional	
樋口	樋口圭介ですね	Editional	
圭介	樋口圭介ですね	Editional	
月	樋口圭介ですね	Editional	
テレビ朝日	樋口圭介ですね	Editional	
ゼネラル	樋口圭介ですね	Editional	
司教	カール・ヨーゼフ・フォン・エスターライヒ (1649-1664)ですね	Editional	
月	カール・ヨーゼフ・フォン・エスターライヒ (1649-1664)ですね	Editional	
大公	カール・ヨーゼフ・フォン・エスターライヒ (1649-1664)ですね	Editional	
司	カール・ヨーゼフ・フォン・エスターライヒ (1649-1664)ですね	Editional	
教職	カール・ヨーゼフ・フォン・エスターライヒ (1649-1664)ですね	Editional	
カール	カール・ヨーゼフ・フォン・エスターライヒですね	Editional	
経済	中鉢正美ですね	Editional	
中鉢	中鉢正美ですね	Editional	
正美	中鉢正美ですね	Editional	
月	中鉢正美ですね	Editional	
日本	中鉢正美ですね	Editional	
下村	下村真一ですね	Editional	
真一	下村真一ですね	Editional	
むら	下村真一ですね	Editional	
しん	下村真一ですね	Editional	
いち	下村真一ですね	Editional	
教授	中野光ですね	Editional	
中野	中野光ですね	Editional	
日本	中野光ですね	Editional	
助教授	中野光ですね	Editional	
光	中野光ですね	Editional	
学園	石井亮一・筆子記念館ですね	Editional	
石井	石井亮一・筆子記念館ですね	Editional	
亮一	石井亮一・筆子記念館ですね	Editional	
筆	石井亮一・筆子記念館ですね	Editional	
滝	石井亮一・筆子記念館ですね	Editional	
飯島	飯島ぼぼぼですね	Editional	
男性	飯島ぼぼぼですね	Editional	
月	飯島ぼぼぼですね	Editional	
日本	飯島ぼぼぼですね	Editional	
俳優	飯島ぼぼぼですね	Editional	
インターチェンジ	七尾城山インターチェンジですね	Editional	
七尾	七尾城山インターチェンジですね	Editional	
城山	七尾城山インターチェンジですね	Editional	
尾城山	七尾城山インターチェンジですね	Editional	
おじ	七尾城山インターチェンジですね	Editional	
北条	酒井胤敏ですね	Editional	
胤	酒井胤敏ですね	Editional	
酒井	酒井胤敏ですね	Editional	
金城	酒井胤敏ですね	Editional	
千葉	酒井胤敏ですね	Editional	
月	サミュエル・カーティスですね	Editional	
アイオワ	サミュエル・カーティスですね	Editional	
ミズーリ	サミュエル・カーティスですね	Editional	
管区	サミュエル・カーティスですね	Editional	
議員	サミュエル・カーティスですね	Editional	
和	宗康親王ですね	Editional	
月	宗康親王ですね	Editional	
仁明天皇	宗康親王ですね	Editional	
中務	宗康親王ですね	Editional	
卿	宗康親王ですね	Editional	
貞	源興基ですね	Editional	
月	源興基ですね	Editional	
源	源興基ですね	Editional	
興	源興基ですね	Editional	
基	源興基ですね	Editional	
選手権	謝杏芳ですね	Editional	
中国	謝杏芳ですね	Editional	
世界	謝杏芳ですね	Editional	
バドミントン	謝杏芳ですね	Editional	
オリンピック	謝杏芳ですね	Editional	
教授	上野浩道ですね	Editional	
上野	上野浩道ですね	Editional	
浩道	上野浩道ですね	Editional	
日本	上野浩道ですね	Editional	
東京	上野浩道ですね	Editional	
四辻	四辻季継ですね	Editional	
季	四辻季継ですね	Editional	
継	四辻季継ですね	Editional	
大納言	四辻季継ですね	Editional	
天正	四辻季継ですね	Editional	
パーキング	相原パーキングエリアですね	Editional	
エリア	相原パーキングエリアですね	Editional	
相原	相原パーキングエリアですね	Editional	
大分	相原パーキングエリアですね	Editional	
あい	相原パーキングエリアですね	Editional	
かおる	牧瀬かおるですね	Editional	
牧瀬	牧瀬かおるですね	Editional	
児童	牧瀬かおるですね	Editional	
腹話術	牧瀬かおるですね	Editional	
昭和	牧瀬かおるですね	Editional	
左衛門	石原汀ですね	Editional	
石原	石原汀ですね	Editional	
利	石原汀ですね	Editional	
済	石原汀ですね	Editional	
汀	石原汀ですね	Editional	
コンサート	吉田拓郎・かぐや姫 コンサート インつま恋ですね	Editional	
つま	吉田拓郎・かぐや姫 コンサート インつま恋ですね	Editional	
恋	吉田拓郎・かぐや姫 コンサート インつま恋ですね	Editional	
拓郎	吉田拓郎・かぐや姫 コンサート インつま恋ですね	Editional	
姫	吉田拓郎・かぐや姫 コンサート インつま恋ですね	Editional	
歯学	田上順次ですね	Editional	
東京医科歯科大学	田上順次ですね	Editional	
日本	田上順次ですね	Editional	
歯科	田上順次ですね	Editional	
教授	田上順次ですね	Editional	
東	東井義雄ですね	Editional	
井	東井義雄ですね	Editional	
義雄	東井義雄ですね	Editional	
月	東井義雄ですね	Editional	
浄土真宗	東井義雄ですね	Editional	
深浦	深浦町立深浦中学校ですね	Editional	
中学校	深浦町立深浦中学校ですね	Editional	
砂子	深浦町立深浦中学校ですね	Editional	
町立	深浦町立深浦中学校ですね	Editional	
らち	深浦町立深浦中学校ですね	Editional	
昭和	山崎純 (外交官)ですね	Editional	
大使	山崎純 (外交官)ですね	Editional	
山崎	山崎純 (外交官)ですね	Editional	
純	山崎純 (外交官)ですね	Editional	
外交	山崎純 (外交官)ですね	Editional	
野球	渡辺敏夫ですね	Editional	
中等	渡辺敏夫ですね	Editional	
学校	渡辺敏夫ですね	Editional	
大会	渡辺敏夫ですね	Editional	
渡辺	渡辺敏夫ですね	Editional	
マーガレット	マーガレット・パーディですね	Editional	
フィギュア	マーガレット・パーディですね	Editional	
スケート	マーガレット・パーディですね	Editional	
月	マーガレット・パーディですね	Editional	
カナダ	マーガレット・パーディですね	Editional	
選手権	マイケル・マリナロですね	Editional	
ジュニア	マイケル・マリナロですね	Editional	
ペア	マイケル・マリナロですね	Editional	
月	マイケル・マリナロですね	Editional	
カナダ	マイケル・マリナロですね	Editional	
沖	日景忠男ですね	Editional	
月	日景忠男ですね	Editional	
日景	日景忠男ですね	Editional	
雅也	日景忠男ですね	Editional	
台湾	日景忠男ですね	Editional	
兵庫	横沢兵庫ですね	Editional	
盛岡	横沢兵庫ですね	Editional	
横沢	横沢兵庫ですね	Editional	
月	横沢兵庫ですね	Editional	
済	横沢兵庫ですね	Editional	
松岡	松岡館ですね	Editional	
藩	松岡館ですね	Editional	
陣屋	松岡館ですね	Editional	
松平	松岡館ですね	Editional	
福井	松岡館ですね	Editional	
銀行	星野喜代治ですね	Editional	
月	星野喜代治ですね	Editional	
昭和	星野喜代治ですね	Editional	
星野	星野喜代治ですね	Editional	
朝鮮	星野喜代治ですね	Editional	
月	マリオ・ロドリゲスですね	Editional	
王座	マリオ・ロドリゲスですね	Editional	
世界	マリオ・ロドリゲスですね	Editional	
ミニマム	マリオ・ロドリゲスですね	Editional	
負け	マリオ・ロドリゲスですね	Editional	
野村	野村軍記ですね	Editional	
軍記	野村軍記ですね	Editional	
天保	野村軍記ですね	Editional	
月	野村軍記ですね	Editional	
江戸	野村軍記ですね	Editional	
王座	ダニエル・ゲールですね	Editional	
月	ダニエル・ゲールですね	Editional	
ミドル	ダニエル・ゲールですね	Editional	
世界	ダニエル・ゲールですね	Editional	
王者	ダニエル・ゲールですね	Editional	
白根	白根孝之ですね	Editional	
孝之	白根孝之ですね	Editional	
月	白根孝之ですね	Editional	
しら	白根孝之ですね	Editional	
軍人	白根孝之ですね	Editional	
月	杉山晋輔ですね	Editional	
平成	杉山晋輔ですね	Editional	
外交	杉山晋輔ですね	Editional	
外務	杉山晋輔ですね	Editional	
杉山	杉山晋輔ですね	Editional	
辺土名	向氏辺土名殿内ですね	Editional	
地頭	向氏辺土名殿内ですね	Editional	
向	向氏辺土名殿内ですね	Editional	
王国	向氏辺土名殿内ですね	Editional	
脇	向氏辺土名殿内ですね	Editional	
藤井	藤井善隆ですね	Editional	
論文	藤井善隆ですね	Editional	
データ	藤井善隆ですね	Editional	
共著	藤井善隆ですね	Editional	
委員	藤井善隆ですね	Editional	
月	ウィリアム・ヴレーデですね	Editional	
宗教	ウィリアム・ヴレーデですね	Editional	
新約	ウィリアム・ヴレーデですね	Editional	
ウィリアム	ウィリアム・ヴレーデですね	Editional	
ゲオ	ウィリアム・ヴレーデですね	Editional	
郡	ジョーンズ郡 (アイオワ州)ですね	Editional	
ジョーンズ	ジョーンズ郡 (アイオワ州)ですね	Editional	
人口	ジョーンズ郡 (アイオワ州)ですね	Editional	
アイオワ	ジョーンズ郡 (アイオワ州)ですね	Editional	
アメリカ合衆国	ジョーンズ郡 (アイオワ州)ですね	Editional	
タマ	タマ郡 (アイオワ州)ですね	Editional	
郡	タマ郡 (アイオワ州)ですね	Editional	
人口	タマ郡 (アイオワ州)ですね	Editional	
学区	タマ郡 (アイオワ州)ですね	Editional	
国勢調査	タマ郡 (アイオワ州)ですね	Editional	
明	伊藤明瑞ですね	Editional	
瑞	伊藤明瑞ですね	Editional	
明治	伊藤明瑞ですね	Editional	
伊藤	伊藤明瑞ですね	Editional	
月	伊藤明瑞ですね	Editional	
優加	優加法性ですね	Editional	
加法	優加法性ですね	Editional	
函数	優加法性ですね	Editional	
補題	優加法性ですね	Editional	
劣	優加法性ですね	Editional	
尾上	加々見山旧錦絵ですね	Editional	
岩藤	加々見山旧錦絵ですね	Editional	
お初	加々見山旧錦絵ですね	Editional	
道芝	加々見山旧錦絵ですね	Editional	
縫	加々見山旧錦絵ですね	Editional	
神社	刑部神社ですね	Editional	
刑部	刑部神社ですね	Editional	
長壁	刑部神社ですね	Editional	
じん	刑部神社ですね	Editional	
各地	刑部神社ですね	Editional	
宮坂	宮坂哲文ですね	Editional	
哲	宮坂哲文ですね	Editional	
文	宮坂哲文ですね	Editional	
月	宮坂哲文ですね	Editional	
日本	宮坂哲文ですね	Editional	
深浦	深浦町立大戸瀬中学校ですね	Editional	
中学校	深浦町立大戸瀬中学校ですね	Editional	
大戸瀬	深浦町立大戸瀬中学校ですね	Editional	
町立	深浦町立大戸瀬中学校ですね	Editional	
らち	深浦町立大戸瀬中学校ですね	Editional	
公使	太田清和ですね	Editional	
月	太田清和ですね	Editional	
日本	太田清和ですね	Editional	
機構	太田清和ですね	Editional	
特命	太田清和ですね	Editional	
深浦	深浦町立岩崎中学校ですね	Editional	
岩崎	深浦町立岩崎中学校ですね	Editional	
中学校	深浦町立岩崎中学校ですね	Editional	
町立	深浦町立岩崎中学校ですね	Editional	
立岩崎	深浦町立岩崎中学校ですね	Editional	
深浦	深浦町立深浦小学校ですね	Editional	
小学校	深浦町立深浦小学校ですね	Editional	
砂子	深浦町立深浦小学校ですね	Editional	
町立	深浦町立深浦小学校ですね	Editional	
学区	深浦町立深浦小学校ですね	Editional	
ハン	ママイ (キヤト部)ですね	Editional	
モスクワ	ママイ (キヤト部)ですね	Editional	
大公	ママイ (キヤト部)ですね	Editional	
軍隊	ママイ (キヤト部)ですね	Editional	
諸侯	ママイ (キヤト部)ですね	Editional	
維新	木下智彦ですね	Editional	
大阪	木下智彦ですね	Editional	
日本	木下智彦ですね	Editional	
会	木下智彦ですね	Editional	
党	木下智彦ですね	Editional	
歯学	石川純ですね	Editional	
歯科	石川純ですね	Editional	
教授	石川純ですね	Editional	
北海道大学	石川純ですね	Editional	
医学	石川純ですね	Editional	
教授	沢田慶輔ですね	Editional	
東京大学	沢田慶輔ですね	Editional	
学校	沢田慶輔ですね	Editional	
東京	沢田慶輔ですね	Editional	
沢田	沢田慶輔ですね	Editional	
西城	GOLDEN☆BEST 西城秀樹 シングルコレクションですね	Editional	
秀樹	GOLDEN☆BEST 西城秀樹 シングルコレクションですね	Editional	
シングル	GOLDEN☆BEST 西城秀樹 シングルコレクションですね	Editional	
コレクション	GOLDEN☆BEST 西城秀樹 シングルコレクションですね	Editional	
ベスト	GOLDEN☆BEST 西城秀樹 シングルコレクションですね	Editional	
吉村	吉村伸一ですね	Editional	
伸一	吉村伸一ですね	Editional	
技術	吉村伸一ですね	Editional	
流域	吉村伸一ですね	Editional	
部門	吉村伸一ですね	Editional	
リーグ	リーグ・アン2011-2012ですね	Editional	
アン	リーグ・アン2011-2012ですね	Editional	
月	リーグ・アン2011-2012ですね	Editional	
シーズン	リーグ・アン2011-2012ですね	Editional	
間	リーグ・アン2011-2012ですね	Editional	
福島	遠藤豊吉ですね	Editional	
遠藤	遠藤豊吉ですね	Editional	
豊吉	遠藤豊吉ですね	Editional	
月	遠藤豊吉ですね	Editional	
日本	遠藤豊吉ですね	Editional	
日本	福留脩文ですね	Editional	
環境	福留脩文ですね	Editional	
技術	福留脩文ですね	Editional	
河川	福留脩文ですね	Editional	
福留	福留脩文ですね	Editional	
月	えりちんですね	Editional	
劇場	えりちんですね	Editional	
えり	えりちんですね	Editional	
漫画	えりちんですね	Editional	
むら	えりちんですね	Editional	
委員	妹尾優二ですね	Editional	
北海道	妹尾優二ですね	Editional	
環境	妹尾優二ですね	Editional	
妹尾	妹尾優二ですね	Editional	
優二	妹尾優二ですね	Editional	
宮崎	長友貞藏ですね	Editional	
長友	長友貞藏ですね	Editional	
市長	長友貞藏ですね	Editional	
貞藏	長友貞藏ですね	Editional	
月	長友貞藏ですね	Editional	
カヤック	柳澤大輔ですね	Editional	
取締役	柳澤大輔ですね	Editional	
株式会社	柳澤大輔ですね	Editional	
日本	柳澤大輔ですね	Editional	
大学	柳澤大輔ですね	Editional	
西城	絶叫・情熱・感激/西城秀樹ですね	Editional	
秀樹	絶叫・情熱・感激/西城秀樹ですね	Editional	
情熱	絶叫・情熱・感激/西城秀樹ですね	Editional	
かん	絶叫・情熱・感激/西城秀樹ですね	Editional	
げき	絶叫・情熱・感激/西城秀樹ですね	Editional	
教授	依田新ですね	Editional	
心理	依田新ですね	Editional	
依田	依田新ですね	Editional	
日本	依田新ですね	Editional	
東京	依田新ですね	Editional	
八兵衛	伊藤八兵衛ですね	Editional	
伊藤	伊藤八兵衛ですね	Editional	
川越	伊藤八兵衛ですね	Editional	
伊勢屋	伊藤八兵衛ですね	Editional	
明治	伊藤八兵衛ですね	Editional	
リーグ	リーグ・アン2010-2011ですね	Editional	
アン	リーグ・アン2010-2011ですね	Editional	
月	リーグ・アン2010-2011ですね	Editional	
シーズン	リーグ・アン2010-2011ですね	Editional	
フランス	リーグ・アン2010-2011ですね	Editional	
腸	光岡知足ですね	Editional	
細菌	光岡知足ですね	Editional	
光岡	光岡知足ですね	Editional	
菌	光岡知足ですね	Editional	
日本	光岡知足ですね	Editional	
プロデューサー	山中隆弘ですね	Editional	
博報堂	山中隆弘ですね	Editional	
ミュージック	山中隆弘ですね	Editional	
アニメ	山中隆弘ですね	Editional	
アシスタント	山中隆弘ですね	Editional	
短歌	柳澤美晴ですね	Editional	
教諭	柳澤美晴ですね	Editional	
作品	柳澤美晴ですね	Editional	
柳澤	柳澤美晴ですね	Editional	
美晴	柳澤美晴ですね	Editional	
知立	知立信号所ですね	Editional	
名古屋	知立信号所ですね	Editional	
信号	知立信号所ですね	Editional	
本線	知立信号所ですね	Editional	
三河線	知立信号所ですね	Editional	
モーリシャス	ピエール・ポワブルですね	Editional	
フランス	ピエール・ポワブルですね	Editional	
香料	ピエール・ポワブルですね	Editional	
東	ピエール・ポワブルですね	Editional	
インド	ピエール・ポワブルですね	Editional	
芸能	山田たかしですね	Editional	
獅子舞	山田たかしですね	Editional	
郷土	山田たかしですね	Editional	
文学	山田たかしですね	Editional	
民俗	山田たかしですね	Editional	
音楽	ベルナール・パルメジャーニですね	Editional	
フランス	ベルナール・パルメジャーニですね	Editional	
映像	ベルナール・パルメジャーニですね	Editional	
作品	ベルナール・パルメジャーニですね	Editional	
月	ベルナール・パルメジャーニですね	Editional	
テレビ	シェルドン・レナードですね	Editional	
番組	シェルドン・レナードですね	Editional	
レナード	シェルドン・レナードですね	Editional	
競馬	シェルドン・レナードですね	Editional	
シェル	シェルドン・レナードですね	Editional	
早船	井野川潔ですね	Editional	
綴方	井野川潔ですね	Editional	
井野川	井野川潔ですね	Editional	
潔	井野川潔ですね	Editional	
月	井野川潔ですね	Editional	
月	ゴーイング マイ ホームですね	Editional	
ドラマ	ゴーイング マイ ホームですね	Editional	
テレビ	ゴーイング マイ ホームですね	Editional	
マイ	ゴーイング マイ ホームですね	Editional	
ホーム	ゴーイング マイ ホームですね	Editional	
作品	春原未来ですね	Editional	
春原	春原未来ですね	Editional	
人	春原未来ですね	Editional	
気持ち	春原未来ですね	Editional	
未来	春原未来ですね	Editional	
委員	澄川耕二ですね	Editional	
医学部	澄川耕二ですね	Editional	
日本	澄川耕二ですね	Editional	
長崎大学	澄川耕二ですね	Editional	
教授	澄川耕二ですね	Editional	
谷川	谷川彰英ですね	Editional	
彰英	谷川彰英ですね	Editional	
ひで	谷川彰英ですね	Editional	
日本	谷川彰英ですね	Editional	
学者	谷川彰英ですね	Editional	
喬	喬桐島ですね	Editional	
桐島	喬桐島ですね	Editional	
島	喬桐島ですね	Editional	
江華島	喬桐島ですね	Editional	
区域	喬桐島ですね	Editional	
教授	五十嵐顕ですね	Editional	
五十嵐	五十嵐顕ですね	Editional	
月	五十嵐顕ですね	Editional	
東大	五十嵐顕ですね	Editional	
いが	五十嵐顕ですね	Editional	
ナポレオン	帽子を脱いだナポレオンですね	Editional	
帽子	帽子を脱いだナポレオンですね	Editional	
アラン	帽子を脱いだナポレオンですね	Editional	
テイラー	帽子を脱いだナポレオンですね	Editional	
映画	帽子を脱いだナポレオンですね	Editional	
教授	正木正ですね	Editional	
正木	正木正ですね	Editional	
正	正木正ですね	Editional	
月	正木正ですね	Editional	
心理	正木正ですね	Editional	
深浦	深浦町立修道小学校ですね	Editional	
町立	深浦町立修道小学校ですね	Editional	
小学校	深浦町立修道小学校ですね	Editional	
学区	深浦町立修道小学校ですね	Editional	
らち	深浦町立修道小学校ですね	Editional	
月	アンヘル・パガンですね	Editional	
打率	アンヘル・パガンですね	Editional	
打点	アンヘル・パガンですね	Editional	
成績	アンヘル・パガンですね	Editional	
本塁打	アンヘル・パガンですね	Editional	
心理	野上俊夫 (心理学者)ですね	Editional	
教授	野上俊夫 (心理学者)ですね	Editional	
学者	野上俊夫 (心理学者)ですね	Editional	
大学	野上俊夫 (心理学者)ですね	Editional	
野上	野上俊夫 (心理学者)ですね	Editional	
深浦	深浦町立いわさき小学校ですね	Editional	
いわさき	深浦町立いわさき小学校ですね	Editional	
小学校	深浦町立いわさき小学校ですね	Editional	
町立	深浦町立いわさき小学校ですね	Editional	
岩崎	深浦町立いわさき小学校ですね	Editional	
鈴木	鈴木寅彦ですね	Editional	
日本	鈴木寅彦ですね	Editional	
鉄道	鈴木寅彦ですね	Editional	
日	鈴木寅彦ですね	Editional	
福島	鈴木寅彦ですね	Editional	
有恒	続有恒ですね	Editional	
月	続有恒ですね	Editional	
心理	続有恒ですね	Editional	
日本	続有恒ですね	Editional	
学者	続有恒ですね	Editional	
妙見	八代神社ですね	Editional	
八代	八代神社ですね	Editional	
神社	八代神社ですね	Editional	
宮	八代神社ですね	Editional	
月	八代神社ですね	Editional	
郡	キャロル郡 (アイオワ州)ですね	Editional	
キャロル	キャロル郡 (アイオワ州)ですね	Editional	
人口	キャロル郡 (アイオワ州)ですね	Editional	
国勢調査	キャロル郡 (アイオワ州)ですね	Editional	
庁舎	キャロル郡 (アイオワ州)ですね	Editional	
豊岡	豊岡秀訓ですね	Editional	
東京大学	豊岡秀訓ですね	Editional	
医学部	豊岡秀訓ですね	Editional	
教授	豊岡秀訓ですね	Editional	
論文	豊岡秀訓ですね	Editional	
月	後藤真希ですね	Editional	
後藤	後藤真希ですね	Editional	
真希	後藤真希ですね	Editional	
モーニング	後藤真希ですね	Editional	
娘	後藤真希ですね	Editional	
教授	坂元忠芳ですね	Editional	
坂元	坂元忠芳ですね	Editional	
忠芳	坂元忠芳ですね	Editional	
東京大学	坂元忠芳ですね	Editional	
ただ	坂元忠芳ですね	Editional	
月	タイラー・コルビンですね	Editional	
マイナー	タイラー・コルビンですね	Editional	
コルビン	タイラー・コルビンですね	Editional	
出身	タイラー・コルビンですね	Editional	
左	タイラー・コルビンですね	Editional	
文化	中西新太郎ですね	Editional	
横浜市立大学	中西新太郎ですね	Editional	
教授	中西新太郎ですね	Editional	
社会	中西新太郎ですね	Editional	
学部	中西新太郎ですね	Editional	
月	亜里沙ですね	Editional	
亜	亜里沙ですね	Editional	
里沙	亜里沙ですね	Editional	
グラビア	亜里沙ですね	Editional	
アイドル	亜里沙ですね	Editional	
教授	滝沢武雄ですね	Editional	
滝沢	滝沢武雄ですね	Editional	
武雄	滝沢武雄ですね	Editional	
日本	滝沢武雄ですね	Editional	
早大	滝沢武雄ですね	Editional	
野球	常見茂ですね	Editional	
月	常見茂ですね	Editional	
塩瀬	常見茂ですね	Editional	
常見	常見茂ですね	Editional	
プロ	常見茂ですね	Editional	
歌人	秋葉四郎ですね	Editional	
茂吉	秋葉四郎ですね	Editional	
昭和	秋葉四郎ですね	Editional	
短歌	秋葉四郎ですね	Editional	
斎藤	秋葉四郎ですね	Editional	
城	阿坂城ですね	Editional	
阿坂	阿坂城ですね	Editional	
北畠	阿坂城ですね	Editional	
白米	阿坂城ですね	Editional	
城跡	阿坂城ですね	Editional	
リーグ	リーグ・アン2008-2009ですね	Editional	
アン	リーグ・アン2008-2009ですね	Editional	
シーズン	リーグ・アン2008-2009ですね	Editional	
月	リーグ・アン2008-2009ですね	Editional	
リヨン	リーグ・アン2008-2009ですね	Editional	
軍団	ジェームズ軍ですね	Editional	
ジェームズ	ジェームズ軍ですね	Editional	
管区	ジェームズ軍ですね	Editional	
バージニア	ジェームズ軍ですね	Editional	
北	ジェームズ軍ですね	Editional	
草野	草野仁のスタジオGate J.ですね	Editional	
仁	草野仁のスタジオGate J.ですね	Editional	
競馬	草野仁のスタジオGate J.ですね	Editional	
馬	草野仁のスタジオGate J.ですね	Editional	
ゲスト	草野仁のスタジオGate J.ですね	Editional	
トーマス	ダニー・トーマスですね	Editional	
ダニー	ダニー・トーマスですね	Editional	
病院	ダニー・トーマスですね	Editional	
小児	ダニー・トーマスですね	Editional	
番組	ダニー・トーマスですね	Editional	
昭和	久枝譲治ですね	Editional	
月	久枝譲治ですね	Editional	
久枝	久枝譲治ですね	Editional	
譲治	久枝譲治ですね	Editional	
日本	久枝譲治ですね	Editional	
教授	城丸章夫ですね	Editional	
城丸	城丸章夫ですね	Editional	
章夫	城丸章夫ですね	Editional	
月	城丸章夫ですね	Editional	
千葉大学	城丸章夫ですね	Editional	
長野	徳武敏夫ですね	Editional	
徳武	徳武敏夫ですね	Editional	
敏夫	徳武敏夫ですね	Editional	
たけ	徳武敏夫ですね	Editional	
月	徳武敏夫ですね	Editional	
百恵	井上麻衣ですね	Editional	
井上	井上麻衣ですね	Editional	
麻衣	井上麻衣ですね	Editional	
女優	井上麻衣ですね	Editional	
山口	井上麻衣ですね	Editional	
ユニ	日本ユニカール協会ですね	Editional	
カール	日本ユニカール協会ですね	Editional	
日本	日本ユニカール協会ですね	Editional	
全国	日本ユニカール協会ですね	Editional	
協会	日本ユニカール協会ですね	Editional	
リーグ	リーグ・アン2007-2008ですね	Editional	
アン	リーグ・アン2007-2008ですね	Editional	
シーズン	リーグ・アン2007-2008ですね	Editional	
月	リーグ・アン2007-2008ですね	Editional	
フランス	リーグ・アン2007-2008ですね	Editional	
堤	堤利一郎ですね	Editional	
利一郎	堤利一郎ですね	Editional	
いちろう	堤利一郎ですね	Editional	
日本	堤利一郎ですね	Editional	
漫画	堤利一郎ですね	Editional	
月	ダーウィン・バーニーですね	Editional	
選手	ダーウィン・バーニーですね	Editional	
二塁手	ダーウィン・バーニーですね	Editional	
カブス	ダーウィン・バーニーですね	Editional	
打率	ダーウィン・バーニーですね	Editional	
教授	穐山貞登ですね	Editional	
心理	穐山貞登ですね	Editional	
東京工業大学	穐山貞登ですね	Editional	
穐山	穐山貞登ですね	Editional	
貞	穐山貞登ですね	Editional	
教授	駒林邦男ですね	Editional	
駒林	駒林邦男ですね	Editional	
邦男	駒林邦男ですね	Editional	
日本	駒林邦男ですね	Editional	
岩手大学	駒林邦男ですね	Editional	
アンナ	今日、キミに会えたらですね	Editional	
ジェイ	今日、キミに会えたらですね	Editional	
コブ	今日、キミに会えたらですね	Editional	
映画	今日、キミに会えたらですね	Editional	
アメリカ	今日、キミに会えたらですね	Editional	
八代	塩屋八幡宮ですね	Editional	
神社	塩屋八幡宮ですね	Editional	
塩屋	塩屋八幡宮ですね	Editional	
八幡宮	塩屋八幡宮ですね	Editional	
地	塩屋八幡宮ですね	Editional	
銀	銀林浩ですね	Editional	
林	銀林浩ですね	Editional	
数学	銀林浩ですね	Editional	
明治大学	銀林浩ですね	Editional	
教授	銀林浩ですね	Editional	
延	大中臣諸魚ですね	Editional	
月	大中臣諸魚ですね	Editional	
宝亀	大中臣諸魚ですね	Editional	
臣	大中臣諸魚ですね	Editional	
魚	大中臣諸魚ですね	Editional	
カール	カール・ラハマンですね	Editional	
言語	カール・ラハマンですね	Editional	
月	カール・ラハマンですね	Editional	
校長	カール・ラハマンですね	Editional	
ギリシア	カール・ラハマンですね	Editional	
教授	牛島義友ですね	Editional	
日本	牛島義友ですね	Editional	
心理	牛島義友ですね	Editional	
文学部	牛島義友ですね	Editional	
牛島	牛島義友ですね	Editional	
アンダーソン	ウィリアム・T・アンダーソンですね	Editional	
北	ウィリアム・T・アンダーソンですね	Editional	
ゲリラ	ウィリアム・T・アンダーソンですね	Editional	
ミズーリ	ウィリアム・T・アンダーソンですね	Editional	
月	ウィリアム・T・アンダーソンですね	Editional	
宮原	宮原三神宮ですね	Editional	
神宮	宮原三神宮ですね	Editional	
元年	宮原三神宮ですね	Editional	
盛	宮原三神宮ですね	Editional	
社殿	宮原三神宮ですね	Editional	
石井	LOVE (石井竜也のアルバム)ですね	Editional	
アルバム	LOVE (石井竜也のアルバム)ですね	Editional	
竜也	LOVE (石井竜也のアルバム)ですね	Editional	
初回	LOVE (石井竜也のアルバム)ですね	Editional	
ラブ	LOVE (石井竜也のアルバム)ですね	Editional	
ビデオ	小泉ケイですね	Editional	
小泉	小泉ケイですね	Editional	
ケイ	小泉ケイですね	Editional	
女優	小泉ケイですね	Editional	
モデル	小泉ケイですね	Editional	
プロレス	神谷英慶ですね	Editional	
神谷	神谷英慶ですね	Editional	
月	神谷英慶ですね	Editional	
日本	神谷英慶ですね	Editional	
時代	神谷英慶ですね	Editional	
月	ルーカス・ハレルですね	Editional	
メジャー	ルーカス・ハレルですね	Editional	
傘下	ルーカス・ハレルですね	Editional	
マイナー	ルーカス・ハレルですね	Editional	
プロ	ルーカス・ハレルですね	Editional	
作品	細木原豪紀ですね	Editional	
現代	細木原豪紀ですね	Editional	
音楽	細木原豪紀ですね	Editional	
細木原	細木原豪紀ですね	Editional	
豪紀	細木原豪紀ですね	Editional	
リーグ	リーグ・アン2005-2006ですね	Editional	
アン	リーグ・アン2005-2006ですね	Editional	
シーズン	リーグ・アン2005-2006ですね	Editional	
月	リーグ・アン2005-2006ですね	Editional	
フランス	リーグ・アン2005-2006ですね	Editional	
三嶋	三嶋唯義ですね	Editional	
唯	三嶋唯義ですね	Editional	
義	三嶋唯義ですね	Editional	
哲学	三嶋唯義ですね	Editional	
日本	三嶋唯義ですね	Editional	
月	ジェフ・サマージャですね	Editional	
リーグ	ジェフ・サマージャですね	Editional	
最多	ジェフ・サマージャですね	Editional	
サマー	ジェフ・サマージャですね	Editional	
ジャ	ジェフ・サマージャですね	Editional	
月	磐田市立福田中学校ですね	Editional	
磐田	磐田市立福田中学校ですね	Editional	
市立	磐田市立福田中学校ですね	Editional	
福田	磐田市立福田中学校ですね	Editional	
中学校	磐田市立福田中学校ですね	Editional	
川合	川合宗見ですね	Editional	
家老	川合宗見ですね	Editional	
宗	川合宗見ですね	Editional	
封	川合宗見ですね	Editional	
明和	川合宗見ですね	Editional	
明治	角源泉ですね	Editional	
月	角源泉ですね	Editional	
昭和	角源泉ですね	Editional	
台湾	角源泉ですね	Editional	
総督	角源泉ですね	Editional	
宋	権尚夏ですね	Editional	
烈	権尚夏ですね	Editional	
権	権尚夏ですね	Editional	
李	権尚夏ですね	Editional	
理学	権尚夏ですね	Editional	
短歌	野口あや子ですね	Editional	
岐阜	野口あや子ですね	Editional	
野口	野口あや子ですね	Editional	
あや子	野口あや子ですね	Editional	
歌人	野口あや子ですね	Editional	
月	松田良吉ですね	Editional	
課長	松田良吉ですね	Editional	
松田	松田良吉ですね	Editional	
良吉	松田良吉ですね	Editional	
杉並	松田良吉ですね	Editional	
藤井	タイムマシーン (藤井フミヤの曲)ですね	Editional	
フミヤ	タイムマシーン (藤井フミヤの曲)ですね	Editional	
曲	タイムマシーン (藤井フミヤの曲)ですね	Editional	
シングル	タイムマシーン (藤井フミヤの曲)ですね	Editional	
山本	Lazward (山本美禰子のアルバム)ですね	Editional	
美禰子	Lazward (山本美禰子のアルバム)ですね	Editional	
アルバム	Lazward (山本美禰子のアルバム)ですね	Editional	
月	Lazward (山本美禰子のアルバム)ですね	Editional	
ゲーム	Lazward (山本美禰子のアルバム)ですね	Editional	
月	守屋宏紀ですね	Editional	
決勝	守屋宏紀ですね	Editional	
予選	守屋宏紀ですね	Editional	
ツアー	守屋宏紀ですね	Editional	
チャレンジャー	守屋宏紀ですね	Editional	
佐々木	佐々木茂ですね	Editional	
茂	佐々木茂ですね	Editional	
ささき	佐々木茂ですね	Editional	
しげる	佐々木茂ですね	Editional	
高崎経済大学	佐々木茂ですね	Editional	
横浜	赤尾彦作ですね	Editional	
昭和	赤尾彦作ですね	Editional	
明治	赤尾彦作ですね	Editional	
月	赤尾彦作ですね	Editional	
弁護士	赤尾彦作ですね	Editional	
ロドリゲス	シン・シティ 復讐の女神ですね	Editional	
シン	シン・シティ 復讐の女神ですね	Editional	
シティ	シン・シティ 復讐の女神ですね	Editional	
ミラー	シン・シティ 復讐の女神ですね	Editional	
月	シン・シティ 復讐の女神ですね	Editional	
大賞	角川中国語ライトノベル&イラスト大賞ですね	Editional	
ライト	角川中国語ライトノベル&イラスト大賞ですね	Editional	
ノベル	角川中国語ライトノベル&イラスト大賞ですね	Editional	
イラスト	角川中国語ライトノベル&イラスト大賞ですね	Editional	
角川	角川中国語ライトノベル&イラスト大賞ですね	Editional	
月	ジョーダン・ライルズですね	Editional	
メジャー	ジョーダン・ライルズですね	Editional	
プロ	ジョーダン・ライルズですね	Editional	
選手	ジョーダン・ライルズですね	Editional	
右	ジョーダン・ライルズですね	Editional	
写真	上原ゼンジですね	Editional	
上原	上原ゼンジですね	Editional	
昭和	上原ゼンジですね	Editional	
月	上原ゼンジですね	Editional	
日本	上原ゼンジですね	Editional	
加藤	加藤潤一ですね	Editional	
潤一	加藤潤一ですね	Editional	
劇団	加藤潤一ですね	Editional	
かとう	加藤潤一ですね	Editional	
じゅんいち	加藤潤一ですね	Editional	
俳優	山口大地ですね	Editional	
山口	山口大地ですね	Editional	
大地	山口大地ですね	Editional	
鹿児島	山口大地ですね	Editional	
ドラマ	山口大地ですね	Editional	
向野	向野章太郎ですね	Editional	
章太郎	向野章太郎ですね	Editional	
劇団	向野章太郎ですね	Editional	
月	向野章太郎ですね	Editional	
日本	向野章太郎ですね	Editional	
社会	木原健太郎 (社会学者)ですね	Editional	
教授	木原健太郎 (社会学者)ですね	Editional	
研究所	木原健太郎 (社会学者)ですね	Editional	
木原	木原健太郎 (社会学者)ですね	Editional	
健太郎	木原健太郎 (社会学者)ですね	Editional	
今井	今井隆文ですね	Editional	
隆文	今井隆文ですね	Editional	
月	今井隆文ですね	Editional	
日本	今井隆文ですね	Editional	
俳優	今井隆文ですね	Editional	
春日	春日由輝ですね	Editional	
由	春日由輝ですね	Editional	
輝	春日由輝ですね	Editional	
劇団	春日由輝ですね	Editional	
かす	春日由輝ですね	Editional	
教授	岸本弘ですね	Editional	
岸本	岸本弘ですね	Editional	
弘	岸本弘ですね	Editional	
月	岸本弘ですね	Editional	
明治大学	岸本弘ですね	Editional	
月	加茂佳彦ですね	Editional	
平成	加茂佳彦ですね	Editional	
加茂	加茂佳彦ですね	Editional	
佳彦	加茂佳彦ですね	Editional	
昭和	加茂佳彦ですね	Editional	
世界	王儀涵ですね	Editional	
月	王儀涵ですね	Editional	
選手権	王儀涵ですね	Editional	
決勝	王儀涵ですね	Editional	
メダリスト	王儀涵ですね	Editional	
小前	小前博文ですね	Editional	
博文	小前博文ですね	Editional	
月	小前博文ですね	Editional	
外野	小前博文ですね	Editional	
こま	小前博文ですね	Editional	
月	志村理佳ですね	Editional	
りか	志村理佳ですね	Editional	
アイドル	志村理佳ですね	Editional	
志村	志村理佳ですね	Editional	
リーダー	志村理佳ですね	Editional	
郡	ハミルトン郡 (アイオワ州)ですね	Editional	
人口	ハミルトン郡 (アイオワ州)ですね	Editional	
ハミルトン	ハミルトン郡 (アイオワ州)ですね	Editional	
国勢調査	ハミルトン郡 (アイオワ州)ですね	Editional	
アイオワ	ハミルトン郡 (アイオワ州)ですね	Editional	
教授	山村賢明ですね	Editional	
日本	山村賢明ですね	Editional	
東京教育大学	山村賢明ですね	Editional	
山村	山村賢明ですね	Editional	
賢明	山村賢明ですね	Editional	
郡	ハーディン郡 (アイオワ州)ですね	Editional	
ハー	ハーディン郡 (アイオワ州)ですね	Editional	
ディン	ハーディン郡 (アイオワ州)ですね	Editional	
人口	ハーディン郡 (アイオワ州)ですね	Editional	
国勢調査	ハーディン郡 (アイオワ州)ですね	Editional	
三木	大塚 (三木市)ですね	Editional	
大塚	大塚 (三木市)ですね	Editional	
時代	大塚 (三木市)ですね	Editional	
兵庫	大塚 (三木市)ですね	Editional	
大字	大塚 (三木市)ですね	Editional	
郡	ブキャナン郡 (アイオワ州)ですね	Editional	
ブキャナン	ブキャナン郡 (アイオワ州)ですね	Editional	
アメリカ合衆国	ブキャナン郡 (アイオワ州)ですね	Editional	
人口	ブキャナン郡 (アイオワ州)ですね	Editional	
国勢調査	ブキャナン郡 (アイオワ州)ですね	Editional	
月	ハインリヒ・シュマウザーですね	Editional	
親衛隊	ハインリヒ・シュマウザーですね	Editional	
地区	ハインリヒ・シュマウザーですね	Editional	
大将	ハインリヒ・シュマウザーですね	Editional	
上級	ハインリヒ・シュマウザーですね	Editional	
月	石井里沙ですね	Editional	
バレーボール	石井里沙ですね	Editional	
大会	石井里沙ですね	Editional	
石井	石井里沙ですね	Editional	
里沙	石井里沙ですね	Editional	
夕張	ゆうばりホテルシューパロですね	Editional	
ゆう	ゆうばりホテルシューパロですね	Editional	
公共	ゆうばりホテルシューパロですね	Editional	
宿	ゆうばりホテルシューパロですね	Editional	
ホテル	ゆうばりホテルシューパロですね	Editional	
心理	世良正利ですね	Editional	
教授	世良正利ですね	Editional	
世良	世良正利ですね	Editional	
正利	世良正利ですね	Editional	
中央大学	世良正利ですね	Editional	
小西	小西孝実ですね	Editional	
孝	小西孝実ですね	Editional	
日本	小西孝実ですね	Editional	
実	小西孝実ですね	Editional	
こ	小西孝実ですね	Editional	
月	Hello! (梶裕貴の曲)ですね	Editional	
梶	Hello! (梶裕貴の曲)ですね	Editional	
シングル	Hello! (梶裕貴の曲)ですね	Editional	
裕貴	Hello! (梶裕貴の曲)ですね	Editional	
前作	Hello! (梶裕貴の曲)ですね	Editional	
一休	一休さん (2012年のテレビドラマ)ですね	Editional	
月	一休さん (2012年のテレビドラマ)ですね	Editional	
ドラマ	一休さん (2012年のテレビドラマ)ですね	Editional	
同局	一休さん (2012年のテレビドラマ)ですね	Editional	
テレビ	一休さん (2012年のテレビドラマ)ですね	Editional	
月	海士の島信之ですね	Editional	
場所	海士の島信之ですね	Editional	
海士	海士の島信之ですね	Editional	
八角	海士の島信之ですね	Editional	
島根	海士の島信之ですね	Editional	
サッカー	武仲麗依ですね	Editional	
神戸	武仲麗依ですね	Editional	
武	武仲麗依ですね	Editional	
仲	武仲麗依ですね	Editional	
麗	武仲麗依ですね	Editional	
日テレ	望月ありさですね	Editional	
望月	望月ありさですね	Editional	
女子	望月ありさですね	Editional	
長野	望月ありさですね	Editional	
もち	望月ありさですね	Editional	
森下	森下弘生ですね	Editional	
弘	森下弘生ですね	Editional	
ひろき	森下弘生ですね	Editional	
日本	森下弘生ですね	Editional	
インテリジェント	森下弘生ですね	Editional	
シーズン	アンドリュー・ラックですね	Editional	
大学	アンドリュー・ラックですね	Editional	
成績	アンドリュー・ラックですね	Editional	
チーム	アンドリュー・ラックですね	Editional	
ドラフト	アンドリュー・ラックですね	Editional	
レフェリー	木曽大介ですね	Editional	
木曽	木曽大介ですね	Editional	
大介	木曽大介ですね	Editional	
月	木曽大介ですね	Editional	
日本	木曽大介ですね	Editional	
世界	金子智一ですね	Editional	
選手権	金子智一ですね	Editional	
金子	金子智一ですね	Editional	
智一	金子智一ですね	Editional	
躰	金子智一ですね	Editional	
福居	福居英晃ですね	Editional	
英	福居英晃ですね	Editional	
晃	福居英晃ですね	Editional	
月	福居英晃ですね	Editional	
映像	福居英晃ですね	Editional	
加納	加納政直ですね	Editional	
家督	加納政直ですね	Editional	
吉宗	加納政直ですね	Editional	
政直	加納政直ですね	Editional	
紀州	加納政直ですね	Editional	
張	張緒ですね	Editional	
緒	張緒ですね	Editional	
明	張緒ですね	Editional	
郎	張緒ですね	Editional	
位	張緒ですね	Editional	
山野	山野秀子のちいさなパティオですね	Editional	
パティオ	山野秀子のちいさなパティオですね	Editional	
ラジオ	山野秀子のちいさなパティオですね	Editional	
番組	山野秀子のちいさなパティオですね	Editional	
秀子	山野秀子のちいさなパティオですね	Editional	
映画	クリス・ウェッジですね	Editional	
アニメ	クリス・ウェッジですね	Editional	
短編	クリス・ウェッジですね	Editional	
アカデミー	クリス・ウェッジですね	Editional	
長編	クリス・ウェッジですね	Editional	
月	クレイグ・スタメンですね	Editional	
メジャー	クレイグ・スタメンですね	Editional	
選手	クレイグ・スタメンですね	Editional	
右	クレイグ・スタメンですね	Editional	
四球	クレイグ・スタメンですね	Editional	
文学	南雲道雄ですね	Editional	
農民	南雲道雄ですね	Editional	
南雲	南雲道雄ですね	Editional	
道雄	南雲道雄ですね	Editional	
日本	南雲道雄ですね	Editional	
リーグ	リーグ・アン2004-2005ですね	Editional	
アン	リーグ・アン2004-2005ですね	Editional	
シーズン	リーグ・アン2004-2005ですね	Editional	
月	リーグ・アン2004-2005ですね	Editional	
フランス	リーグ・アン2004-2005ですね	Editional	
エカテリーナ	エカテリーナ・ブグロフですね	Editional	
月	エカテリーナ・ブグロフですね	Editional	
ウクライナ	エカテリーナ・ブグロフですね	Editional	
出身	エカテリーナ・ブグロフですね	Editional	
イスラエル	エカテリーナ・ブグロフですね	Editional	
寺島	寺島啓太ですね	Editional	
啓	寺島啓太ですね	Editional	
太	寺島啓太ですね	Editional	
月	寺島啓太ですね	Editional	
文化放送	寺島啓太ですね	Editional	
月	村上史ですね	Editional	
村上	村上史ですね	Editional	
史	村上史ですね	Editional	
熊本放送局	村上史ですね	Editional	
女性	村上史ですね	Editional	
サイモン	サイモン・クラークですね	Editional	
クラーク	サイモン・クラークですね	Editional	
オーストラリア	サイモン・クラークですね	Editional	
グリーン	サイモン・クラークですね	Editional	
エッジ	サイモン・クラークですね	Editional	
音楽	小森茂生ですね	Editional	
アニメ	小森茂生ですね	Editional	
プロデューサー	小森茂生ですね	Editional	
メンバー	小森茂生ですね	Editional	
ライブ	小森茂生ですね	Editional	
富田	富田の鯨船行事ですね	Editional	
行事	富田の鯨船行事ですね	Editional	
地区	富田の鯨船行事ですね	Editional	
鯨	富田の鯨船行事ですね	Editional	
四日市	富田の鯨船行事ですね	Editional	
富田	富田一色けんか祭ですね	Editional	
一色	富田一色けんか祭ですね	Editional	
地区	富田一色けんか祭ですね	Editional	
けんか	富田一色けんか祭ですね	Editional	
富田一色	富田一色けんか祭ですね	Editional	
国土	佐藤直良ですね	Editional	
交通省	佐藤直良ですね	Editional	
河川	佐藤直良ですね	Editional	
技術	佐藤直良ですね	Editional	
佐藤	佐藤直良ですね	Editional	
カップル	ジョン・ゴットマンですね	Editional	
パートナー	ジョン・ゴットマンですね	Editional	
人間	ジョン・ゴットマンですね	Editional	
見方	ジョン・ゴットマンですね	Editional	
心理	ジョン・ゴットマンですね	Editional	
アントニオ	アントニオ・ピエドラですね	Editional	
月	アントニオ・ピエドラですね	Editional	
スペイン	アントニオ・ピエドラですね	Editional	
セビリア	アントニオ・ピエドラですね	Editional	
出身	アントニオ・ピエドラですね	Editional	
天	源保光ですね	Editional	
中納言	源保光ですね	Editional	
正月	源保光ですね	Editional	
源	源保光ですね	Editional	
月	源保光ですね	Editional	
牛田	牛田弦太ですね	Editional	
弦	牛田弦太ですね	Editional	
音楽	牛田弦太ですね	Editional	
太	牛田弦太ですね	Editional	
うし	牛田弦太ですね	Editional	
福田	福田和彦ですね	Editional	
和彦	福田和彦ですね	Editional	
美術	福田和彦ですね	Editional	
写真	福田和彦ですね	Editional	
ふく	福田和彦ですね	Editional	
イスラエル	ザハバ・ガル＝オンですね	Editional	
政治	ザハバ・ガル＝オンですね	Editional	
党首	ザハバ・ガル＝オンですね	Editional	
パレスチナ	ザハバ・ガル＝オンですね	Editional	
地位	ザハバ・ガル＝オンですね	Editional	
月	チャールズ・E・ラフリンですね	Editional	
丸	チャールズ・E・ラフリンですね	Editional	
阿波	チャールズ・E・ラフリンですね	Editional	
アナ	チャールズ・E・ラフリンですね	Editional	
ポリス	チャールズ・E・ラフリンですね	Editional	
郡	ハンボルト郡 (アイオワ州)ですね	Editional	
公園	ハンボルト郡 (アイオワ州)ですね	Editional	
人口	ハンボルト郡 (アイオワ州)ですね	Editional	
西	ハンボルト郡 (アイオワ州)ですね	Editional	
月	ハンボルト郡 (アイオワ州)ですね	Editional	
ヨハネ	聖ヨハネの前夜祭ですね	Editional	
聖	聖ヨハネの前夜祭ですね	Editional	
前夜祭	聖ヨハネの前夜祭ですね	Editional	
各地	聖ヨハネの前夜祭ですね	Editional	
祭り	聖ヨハネの前夜祭ですね	Editional	
月	中田清兵衛ですね	Editional	
銀行	中田清兵衛ですね	Editional	
中田	中田清兵衛ですね	Editional	
明治	中田清兵衛ですね	Editional	
富山	中田清兵衛ですね	Editional	
安芸	安芸雅史ですね	Editional	
雅史	安芸雅史ですね	Editional	
月	安芸雅史ですね	Editional	
劇団	安芸雅史ですね	Editional	
四季	安芸雅史ですね	Editional	
モデル	クリス・マッコームスですね	Editional	
食べ物	クリス・マッコームスですね	Editional	
俳優	クリス・マッコームスですね	Editional	
ラスベガス	クリス・マッコームスですね	Editional	
アメリカ	クリス・マッコームスですね	Editional	
心理	間宮武ですね	Editional	
教授	間宮武ですね	Editional	
間宮	間宮武ですね	Editional	
武	間宮武ですね	Editional	
月	間宮武ですね	Editional	
シリーズ	エス (鈴木光司の小説)ですね	Editional	
孝則	エス (鈴木光司の小説)ですね	Editional	
貞子	エス (鈴木光司の小説)ですね	Editional	
茜	エス (鈴木光司の小説)ですね	Editional	
ループ	エス (鈴木光司の小説)ですね	Editional	
藤原	藤原宇比良古ですね	Editional	
良	藤原宇比良古ですね	Editional	
呂	藤原宇比良古ですね	Editional	
仲	藤原宇比良古ですね	Editional	
麻	藤原宇比良古ですね	Editional	
萩原	萩原菅原神社ですね	Editional	
神社	萩原菅原神社ですね	Editional	
球磨川	萩原菅原神社ですね	Editional	
菅原	萩原菅原神社ですね	Editional	
村社	萩原菅原神社ですね	Editional	
藤原	藤原真永ですね	Editional	
真	藤原真永ですね	Editional	
永	藤原真永ですね	Editional	
大納言	藤原真永ですね	Editional	
楯	藤原真永ですね	Editional	
メキシコ	ライアン・ヴァン・ナッテンですね	Editional	
フィギュア	ライアン・ヴァン・ナッテンですね	Editional	
スケート	ライアン・ヴァン・ナッテンですね	Editional	
選手権	ライアン・ヴァン・ナッテンですね	Editional	
月	ライアン・ヴァン・ナッテンですね	Editional	
写楽	内田千鶴子ですね	Editional	
内田	内田千鶴子ですね	Editional	
千鶴子	内田千鶴子ですね	Editional	
能役者	内田千鶴子ですね	Editional	
日本	内田千鶴子ですね	Editional	
歯科	長尾優ですね	Editional	
月	長尾優ですね	Editional	
昭和	長尾優ですね	Editional	
大学	長尾優ですね	Editional	
病院	長尾優ですね	Editional	
頼宣	加納直恒ですね	Editional	
加納	加納直恒ですね	Editional	
直	加納直恒ですね	Editional	
恒	加納直恒ですね	Editional	
紀州	加納直恒ですね	Editional	
年産	伊豆アニマルキングダムですね	Editional	
伊豆	伊豆アニマルキングダムですね	Editional	
シマウマ	伊豆アニマルキングダムですね	Editional	
アース	伊豆アニマルキングダムですね	Editional	
しぐさ	伊豆アニマルキングダムですね	Editional	
美術	中村英樹ですね	Editional	
名古屋	中村英樹ですね	Editional	
中村	中村英樹ですね	Editional	
英樹	中村英樹ですね	Editional	
大学	中村英樹ですね	Editional	
小学校	小野市立河合小学校ですね	Editional	
河合	小野市立河合小学校ですね	Editional	
小野	小野市立河合小学校ですね	Editional	
月	小野市立河合小学校ですね	Editional	
校舎	小野市立河合小学校ですね	Editional	
釜石	釜石街道ですね	Editional	
街道	釜石街道ですね	Editional	
遠野	釜石街道ですね	Editional	
県	釜石街道ですね	Editional	
閉伊	釜石街道ですね	Editional	
音楽	ロベルト・ワーグナー (指揮者)ですね	Editional	
ロベルト	ロベルト・ワーグナー (指揮者)ですね	Editional	
ワーグナー	ロベルト・ワーグナー (指揮者)ですね	Editional	
月	ロベルト・ワーグナー (指揮者)ですね	Editional	
ウィーン	ロベルト・ワーグナー (指揮者)ですね	Editional	
月	ニコライ・アセーエフですね	Editional	
ロシア	ニコライ・アセーエフですね	Editional	
詩人	ニコライ・アセーエフですね	Editional	
ニコライ	ニコライ・アセーエフですね	Editional	
英語	ニコライ・アセーエフですね	Editional	
月	アシュリー・フレアーですね	Editional	
王座	アシュリー・フレアーですね	Editional	
女子	アシュリー・フレアーですね	Editional	
リング	アシュリー・フレアーですね	Editional	
最後	アシュリー・フレアーですね	Editional	
科学	松居辰則ですね	Editional	
早稲田大学	松居辰則ですね	Editional	
情報	松居辰則ですね	Editional	
博士	松居辰則ですね	Editional	
大学	松居辰則ですね	Editional	
精神	村上靖彦 (精神科医)ですね	Editional	
名古屋大学	村上靖彦 (精神科医)ですね	Editional	
日本	村上靖彦 (精神科医)ですね	Editional	
医学	村上靖彦 (精神科医)ですね	Editional	
病院	村上靖彦 (精神科医)ですね	Editional	
医学	永田俊彦 (医学者)ですね	Editional	
永田	永田俊彦 (医学者)ですね	Editional	
俊彦	永田俊彦 (医学者)ですね	Editional	
月	永田俊彦 (医学者)ですね	Editional	
日本	永田俊彦 (医学者)ですね	Editional	
教授	牛島定信ですね	Editional	
牛島	牛島定信ですね	Editional	
定信	牛島定信ですね	Editional	
医学	牛島定信ですね	Editional	
精神	牛島定信ですね	Editional	
精神	皆川邦直ですね	Editional	
医学	皆川邦直ですね	Editional	
大学	皆川邦直ですね	Editional	
皆川	皆川邦直ですね	Editional	
邦	皆川邦直ですね	Editional	
漫画	黒澤Rですね	Editional	
黒澤	黒澤Rですね	Editional	
罪	黒澤Rですね	Editional	
署長	黒澤Rですね	Editional	
事件	黒澤Rですね	Editional	
芳村	芳村いわ夫ですね	Editional	
兵庫	芳村いわ夫ですね	Editional	
野球	芳村いわ夫ですね	Editional	
捕手	芳村いわ夫ですね	Editional	
甲	芳村いわ夫ですね	Editional	
昭和	中村伝治ですね	Editional	
横	中村伝治ですね	Editional	
河	中村伝治ですね	Editional	
日本	中村伝治ですね	Editional	
東京	中村伝治ですね	Editional	
教授	平井信義ですね	Editional	
大学	平井信義ですね	Editional	
平井	平井信義ですね	Editional	
信義	平井信義ですね	Editional	
児童	平井信義ですね	Editional	
心理	星野命ですね	Editional	
教授	星野命ですね	Editional	
月	星野命ですね	Editional	
星野	星野命ですね	Editional	
命	星野命ですね	Editional	
躰	古山貴基ですね	Editional	
日本	古山貴基ですね	Editional	
古山	古山貴基ですね	Editional	
貴	古山貴基ですね	Editional	
基	古山貴基ですね	Editional	
政治	家近亮子ですね	Editional	
教授	家近亮子ですね	Editional	
博士	家近亮子ですね	Editional	
法学	家近亮子ですね	Editional	
亮子	家近亮子ですね	Editional	
脚本	中屋敷法仁ですね	Editional	
柿	中屋敷法仁ですね	Editional	
客	中屋敷法仁ですね	Editional	
日本	中屋敷法仁ですね	Editional	
青森	中屋敷法仁ですね	Editional	
リーグ	リーグ・アン2003-2004ですね	Editional	
アン	リーグ・アン2003-2004ですね	Editional	
シーズン	リーグ・アン2003-2004ですね	Editional	
月	リーグ・アン2003-2004ですね	Editional	
フランス	リーグ・アン2003-2004ですね	Editional	
月	藤麻理亜ですね	Editional	
藤	藤麻理亜ですね	Editional	
麻理	藤麻理亜ですね	Editional	
亜	藤麻理亜ですね	Editional	
ニコラ	藤麻理亜ですね	Editional	
大学	木田文夫ですね	Editional	
教授	木田文夫ですね	Editional	
木田	木田文夫ですね	Editional	
文夫	木田文夫ですね	Editional	
月	木田文夫ですね	Editional	
唐崎	唐崎 (大津市)ですね	Editional	
下阪本	唐崎 (大津市)ですね	Editional	
大津	唐崎 (大津市)ですね	Editional	
崎	唐崎 (大津市)ですね	Editional	
滋賀	唐崎 (大津市)ですね	Editional	
法人	日本オストミー協会ですね	Editional	
人工	日本オストミー協会ですね	Editional	
日本	日本オストミー協会ですね	Editional	
オス	日本オストミー協会ですね	Editional	
トミー	日本オストミー協会ですね	Editional	
教授	三木安正ですね	Editional	
心理	三木安正ですね	Editional	
三木	三木安正ですね	Editional	
安正	三木安正ですね	Editional	
月	三木安正ですね	Editional	
海軍	浅水鉄男ですね	Editional	
浅水	浅水鉄男ですね	Editional	
被告	浅水鉄男ですね	Editional	
月	浅水鉄男ですね	Editional	
海兵	浅水鉄男ですね	Editional	
ハインリヒ	ハインリヒ・ホルツマンですね	Editional	
ユリウス	ハインリヒ・ホルツマンですね	Editional	
月	ハインリヒ・ホルツマンですね	Editional	
神学	ハインリヒ・ホルツマンですね	Editional	
ドイツ	ハインリヒ・ホルツマンですね	Editional	
横川	横川良助ですね	Editional	
良助	横川良助ですね	Editional	
月	横川良助ですね	Editional	
数学	横川良助ですね	Editional	
安永	横川良助ですね	Editional	
郡	スー郡 (アイオワ州)ですね	Editional	
スー	スー郡 (アイオワ州)ですね	Editional	
人口	スー郡 (アイオワ州)ですね	Editional	
アメリカ合衆国	スー郡 (アイオワ州)ですね	Editional	
共和党	スー郡 (アイオワ州)ですね	Editional	
金	金孝元ですね	Editional	
孝	金孝元ですね	Editional	
きん	金孝元ですね	Editional	
げん	金孝元ですね	Editional	
キム	金孝元ですね	Editional	
郡	ハンコック郡 (アイオワ州)ですね	Editional	
人口	ハンコック郡 (アイオワ州)ですね	Editional	
国勢調査	ハンコック郡 (アイオワ州)ですね	Editional	
ハン	ハンコック郡 (アイオワ州)ですね	Editional	
コック	ハンコック郡 (アイオワ州)ですね	Editional	
神社	永尾神社ですね	Editional	
えい	永尾神社ですね	Editional	
永尾	永尾神社ですね	Editional	
不知火	永尾神社ですね	Editional	
海	永尾神社ですね	Editional	
謙	沈義謙ですね	Editional	
朝鮮	沈義謙ですね	Editional	
李	沈義謙ですね	Editional	
党	沈義謙ですね	Editional	
しん	沈義謙ですね	Editional	
騎手	藤本匠ですね	Editional	
藤本	藤本匠ですね	Editional	
金山	藤本匠ですね	Editional	
馬	藤本匠ですね	Editional	
えい	藤本匠ですね	Editional	
郡	フロイド郡 (アイオワ州)ですね	Editional	
フロイド	フロイド郡 (アイオワ州)ですね	Editional	
人口	フロイド郡 (アイオワ州)ですね	Editional	
国勢調査	フロイド郡 (アイオワ州)ですね	Editional	
アイオワ	フロイド郡 (アイオワ州)ですね	Editional	
福祉	前川報恩会ですね	Editional	
前川	前川報恩会ですね	Editional	
社会	前川報恩会ですね	Editional	
報恩	前川報恩会ですね	Editional	
財団	前川報恩会ですね	Editional	
日本語	高山倫明ですね	Editional	
音韻	高山倫明ですね	Editional	
九州大学	高山倫明ですね	Editional	
助教授	高山倫明ですね	Editional	
人文	高山倫明ですね	Editional	
リーグ	リーグ・アン2002-2003ですね	Editional	
アン	リーグ・アン2002-2003ですね	Editional	
チーム	リーグ・アン2002-2003ですね	Editional	
シーズン	リーグ・アン2002-2003ですね	Editional	
月	リーグ・アン2002-2003ですね	Editional	
学者	ハンス・コンツェルマンですね	Editional	
中心	ハンス・コンツェルマンですね	Editional	
神学	ハンス・コンツェルマンですね	Editional	
イエス	ハンス・コンツェルマンですね	Editional	
秩序	ハンス・コンツェルマンですね	Editional	
アダムス	アダムス (グループサウンズ)ですね	Editional	
バンド	アダムス (グループサウンズ)ですね	Editional	
春	アダムス (グループサウンズ)ですね	Editional	
水谷	アダムス (グループサウンズ)ですね	Editional	
アウト	アダムス (グループサウンズ)ですね	Editional	
凛	凛ですね	Editional	
様子	凛ですね	Editional	
漢字	凛ですね	Editional	
俗字	凛ですね	Editional	
短歌	祖田浩一ですね	Editional	
月	祖田浩一ですね	Editional	
作家	祖田浩一ですね	Editional	
祖	祖田浩一ですね	Editional	
田	祖田浩一ですね	Editional	
学術	岩崎学術出版社ですね	Editional	
岩崎	岩崎学術出版社ですね	Editional	
精神	岩崎学術出版社ですね	Editional	
株式会社	岩崎学術出版社ですね	Editional	
いわさき	岩崎学術出版社ですね	Editional	
太郎	高岡倉太郎ですね	Editional	
岡倉	高岡倉太郎ですね	Editional	
高岡	高岡倉太郎ですね	Editional	
倉	高岡倉太郎ですね	Editional	
かお	高岡倉太郎ですね	Editional	
渋井	渋井清ですね	Editional	
清	渋井清ですね	Editional	
月	渋井清ですね	Editional	
慶應義塾	渋井清ですね	Editional	
大学	渋井清ですね	Editional	
大阪	清水忠史ですね	Editional	
議員	清水忠史ですね	Editional	
日本	清水忠史ですね	Editional	
共産党	清水忠史ですね	Editional	
衆議院	清水忠史ですね	Editional	
原子力	ホセ・カブレラ原子力発電所ですね	Editional	
ホセ	ホセ・カブレラ原子力発電所ですね	Editional	
スペイン	ホセ・カブレラ原子力発電所ですね	Editional	
月	ホセ・カブレラ原子力発電所ですね	Editional	
マドリード	ホセ・カブレラ原子力発電所ですね	Editional	
ジョン	ジョン・ポターですね	Editional	
都市	ルイ・ジョルジュ・ピノーですね	Editional	
ハノイ	ルイ・ジョルジュ・ピノーですね	Editional	
ベトナム	ルイ・ジョルジュ・ピノーですね	Editional	
インドシナ	ルイ・ジョルジュ・ピノーですね	Editional	
研究所	ルイ・ジョルジュ・ピノーですね	Editional	
中山	中山書店ですね	Editional	
書店	中山書店ですね	Editional	
株式会社	中山書店ですね	Editional	
なか	中山書店ですね	Editional	
日本	中山書店ですね	Editional	
岡野	岡野高明ですね	Editional	
高明	岡野高明ですね	Editional	
日本	岡野高明ですね	Editional	
医学	岡野高明ですね	Editional	
精神	岡野高明ですね	Editional	
水上	水上潤ですね	Editional	
潤	水上潤ですね	Editional	
じゅん	水上潤ですね	Editional	
月	水上潤ですね	Editional	
日本	水上潤ですね	Editional	
爆風	ダン本多ですね	Editional	
ダン	ダン本多ですね	Editional	
スランプ	ダン本多ですね	Editional	
本多	ダン本多ですね	Editional	
メンバー	ダン本多ですね	Editional	
迷路	香川元太郎ですね	Editional	
日本	香川元太郎ですね	Editional	
絵本	香川元太郎ですね	Editional	
画家	香川元太郎ですね	Editional	
創	香川元太郎ですね	Editional	
大崎	大崎インターチェンジ (鹿児島県)ですね	Editional	
インターチェンジ	大崎インターチェンジ (鹿児島県)ですね	Editional	
鹿児島	大崎インターチェンジ (鹿児島県)ですね	Editional	
さき	大崎インターチェンジ (鹿児島県)ですね	Editional	
曽於	大崎インターチェンジ (鹿児島県)ですね	Editional	
深沢	深沢督ですね	Editional	
捕手	深沢督ですね	Editional	
督	深沢督ですね	Editional	
月	深沢督ですね	Editional	
群馬	深沢督ですね	Editional	
選手	柳匠郎ですね	Editional	
柳	柳匠郎ですね	Editional	
月	柳匠郎ですね	Editional	
愛知	柳匠郎ですね	Editional	
ハンドボール	柳匠郎ですね	Editional	
南部	南部町立名久井小学校ですね	Editional	
小学校	南部町立名久井小学校ですね	Editional	
町立	南部町立名久井小学校ですね	Editional	
名久井	南部町立名久井小学校ですね	Editional	
平	南部町立名久井小学校ですね	Editional	
ロバート	ロバート・ジョンソン (曖昧さ回避)ですね	Editional	
ジョンソン	ロバート・ジョンソン (曖昧さ回避)ですね	Editional	
南部	南部町立福田小学校ですね	Editional	
福田	南部町立福田小学校ですね	Editional	
町立	南部町立福田小学校ですね	Editional	
小学校	南部町立福田小学校ですね	Editional	
福地	南部町立福田小学校ですね	Editional	
綱	渡辺綱倫ですね	Editional	
渡辺	渡辺綱倫ですね	Editional	
尾張	渡辺綱倫ですね	Editional	
家老	渡辺綱倫ですね	Editional	
倫	渡辺綱倫ですね	Editional	
システム	久留米情報システムですね	Editional	
情報	久留米情報システムですね	Editional	
久留米	久留米情報システムですね	Editional	
事業	久留米情報システムですね	Editional	
久留	久留米情報システムですね	Editional	
ドイツ	フランツ・シュトロイベルですね	Editional	
フランツ	フランツ・シュトロイベルですね	Editional	
月	フランツ・シュトロイベルですね	Editional	
ベルリン	フランツ・シュトロイベルですね	Editional	
出身	フランツ・シュトロイベルですね	Editional	
月	石谷清全ですね	Editional	
清	石谷清全ですね	Editional	
石谷	石谷清全ですね	Editional	
徳川	石谷清全ですね	Editional	
享	石谷清全ですね	Editional	
経済	アンドレ・シュライファーですね	Editional	
アンドレ	アンドレ・シュライファーですね	Editional	
ロシア	アンドレ・シュライファーですね	Editional	
ファイナンス	アンドレ・シュライファーですね	Editional	
月	アンドレ・シュライファーですね	Editional	
上原	上原昭二ですね	Editional	
昭二	上原昭二ですね	Editional	
東京	上原昭二ですね	Editional	
月	上原昭二ですね	Editional	
大正製薬	上原昭二ですね	Editional	
月	アンドリュー・キャッシュナーですね	Editional	
ドラフト	アンドリュー・キャッシュナーですね	Editional	
右	アンドリュー・キャッシュナーですね	Editional	
安打	アンドリュー・キャッシュナーですね	Editional	
テキサス	アンドリュー・キャッシュナーですね	Editional	
シリーズ	南国王宮子作りシリーズですね	Editional	
タイトル	南国王宮子作りシリーズですね	Editional	
南国	南国王宮子作りシリーズですね	Editional	
優一	南国王宮子作りシリーズですね	Editional	
王	南国王宮子作りシリーズですね	Editional	
心理	依田明ですね	Editional	
教授	依田明ですね	Editional	
依田	依田明ですね	Editional	
明	依田明ですね	Editional	
月	依田明ですね	Editional	
フランス	ルイ・ヴォラですね	Editional	
パリ	ルイ・ヴォラですね	Editional	
楽団	ルイ・ヴォラですね	Editional	
ホット	ルイ・ヴォラですね	Editional	
クラブ	ルイ・ヴォラですね	Editional	
生理学	イワン・セチェノフですね	Editional	
月	イワン・セチェノフですね	Editional	
ロシア	イワン・セチェノフですね	Editional	
心理	イワン・セチェノフですね	Editional	
ユリウス	イワン・セチェノフですね	Editional	
信号	小原田信号所ですね	Editional	
列車	小原田信号所ですね	Editional	
御幸辻	小原田信号所ですね	Editional	
小原田	小原田信号所ですね	Editional	
橋本	小原田信号所ですね	Editional	
ハートリー	ダグラス・ハートリーですね	Editional	
方程式	ダグラス・ハートリーですね	Editional	
コンピュータ	ダグラス・ハートリーですね	Editional	
ケンブリッジ	ダグラス・ハートリーですね	Editional	
月	ダグラス・ハートリーですね	Editional	
月	スティーブ・クラークですね	Editional	
スティーブ	スティーブ・クラークですね	Editional	
クラーク	スティーブ・クラークですね	Editional	
サッカー	スティーブ・クラークですね	Editional	
スコットランド	スティーブ・クラークですね	Editional	
科学	大島寛史ですね	Editional	
食品	大島寛史ですね	Editional	
がん	大島寛史ですね	Editional	
栄養	大島寛史ですね	Editional	
機関	大島寛史ですね	Editional	
種市	種市氏ですね	Editional	
南	種市氏ですね	Editional	
南部	種市氏ですね	Editional	
蛇口	種市氏ですね	Editional	
奥	種市氏ですね	Editional	
郡	ハワード郡 (アイオワ州)ですね	Editional	
人口	ハワード郡 (アイオワ州)ですね	Editional	
国勢調査	ハワード郡 (アイオワ州)ですね	Editional	
ハワード	ハワード郡 (アイオワ州)ですね	Editional	
アメリカ合衆国	ハワード郡 (アイオワ州)ですね	Editional	
郡	ライアン郡 (アイオワ州)ですね	Editional	
月	ライアン郡 (アイオワ州)ですね	Editional	
ライアン	ライアン郡 (アイオワ州)ですね	Editional	
人口	ライアン郡 (アイオワ州)ですね	Editional	
国勢調査	ライアン郡 (アイオワ州)ですね	Editional	
心理	阪本一郎ですね	Editional	
教授	阪本一郎ですね	Editional	
阪本	阪本一郎ですね	Editional	
一郎	阪本一郎ですね	Editional	
月	阪本一郎ですね	Editional	
精神	フレデリック・パールズですね	Editional	
療法	フレデリック・パールズですね	Editional	
研究所	フレデリック・パールズですね	Editional	
ゲシュタルト	フレデリック・パールズですね	Editional	
月	フレデリック・パールズですね	Editional	
久慈	久慈氏ですね	Editional	
南部	久慈氏ですね	Editional	
九戸	久慈氏ですね	Editional	
摂待	久慈氏ですね	Editional	
光行	久慈氏ですね	Editional	
暮	暮林修ですね	Editional	
林	暮林修ですね	Editional	
修	暮林修ですね	Editional	
俳優	暮林修ですね	Editional	
東京	暮林修ですね	Editional	
こだま	西山加朱紗ですね	Editional	
アナウンサー	西山加朱紗ですね	Editional	
月	西山加朱紗ですね	Editional	
静岡第一テレビ	西山加朱紗ですね	Editional	
父親	西山加朱紗ですね	Editional	
神山	神山スキーランドですね	Editional	
スキー	神山スキーランドですね	Editional	
ランド	神山スキーランドですね	Editional	
リフト	神山スキーランドですね	Editional	
みやま	神山スキーランドですね	Editional	
シャーリー	ウィリアム・シャーリーですね	Editional	
イギリス	ウィリアム・シャーリーですね	Editional	
ニューイングランド	ウィリアム・シャーリーですね	Editional	
総督	ウィリアム・シャーリーですね	Editional	
アメリカ	ウィリアム・シャーリーですね	Editional	
教科書	唐沢富太郎ですね	Editional	
教授	唐沢富太郎ですね	Editional	
昭和	唐沢富太郎ですね	Editional	
師範	唐沢富太郎ですね	Editional	
時代	唐沢富太郎ですね	Editional	
ピアノ	交響曲第2番 (松村禎三)ですね	Editional	
交響	交響曲第2番 (松村禎三)ですね	Editional	
弦	交響曲第2番 (松村禎三)ですね	Editional	
松村	交響曲第2番 (松村禎三)ですね	Editional	
禎三	交響曲第2番 (松村禎三)ですね	Editional	
心理	入谷敏男ですね	Editional	
教授	入谷敏男ですね	Editional	
学科	入谷敏男ですね	Editional	
入谷	入谷敏男ですね	Editional	
敏男	入谷敏男ですね	Editional	
永田	永田衡吉ですね	Editional	
月	永田衡吉ですね	Editional	
日本	永田衡吉ですね	Editional	
民俗	永田衡吉ですね	Editional	
菊五郎	永田衡吉ですね	Editional	
歯学	中島昭彦ですね	Editional	
中島	中島昭彦ですね	Editional	
昭彦	中島昭彦ですね	Editional	
歯科	中島昭彦ですね	Editional	
九州大学	中島昭彦ですね	Editional	
張	張カイですね	Editional	
将軍	張カイですね	Editional	
永	張カイですね	Editional	
呉	張カイですね	Editional	
明	張カイですね	Editional	
プラズマ	篠田プラズマですね	Editional	
篠田	篠田プラズマですね	Editional	
同社	篠田プラズマですね	Editional	
ディスプレイ	篠田プラズマですね	Editional	
技術	篠田プラズマですね	Editional	
庭園	ジャン・カニール・クラスですね	Editional	
庭	ジャン・カニール・クラスですね	Editional	
特徴	ジャン・カニール・クラスですね	Editional	
テラス	ジャン・カニール・クラスですね	Editional	
国際	ジャン・カニール・クラスですね	Editional	
未来	中沢直人ですね	Editional	
中沢	中沢直人ですね	Editional	
直人	中沢直人ですね	Editional	
日本	中沢直人ですね	Editional	
歌人	中沢直人ですね	Editional	
月	鶴田かなですね	Editional	
鶴田	鶴田かなですね	Editional	
かな	鶴田かなですね	Editional	
つる	鶴田かなですね	Editional	
日本	鶴田かなですね	Editional	
福岡	田中濯ですね	Editional	
田中	田中濯ですね	Editional	
歌人	田中濯ですね	Editional	
作品	田中濯ですね	Editional	
出身	田中濯ですね	Editional	
堀田	堀田吉子ですね	Editional	
月	堀田吉子ですね	Editional	
明治	堀田吉子ですね	Editional	
江戸	堀田吉子ですね	Editional	
時代	堀田吉子ですね	Editional	
月	タイラー・シグペンですね	Editional	
チーム	タイラー・シグペンですね	Editional	
シーズン	タイラー・シグペンですね	Editional	
ドラフト	タイラー・シグペンですね	Editional	
選手	タイラー・シグペンですね	Editional	
早稲田大学	戸川行男ですね	Editional	
教授	戸川行男ですね	Editional	
戸川	戸川行男ですね	Editional	
行男	戸川行男ですね	Editional	
月	戸川行男ですね	Editional	
郡	ジャクソン郡 (ミネソタ州)ですね	Editional	
ジャクソン	ジャクソン郡 (ミネソタ州)ですね	Editional	
人口	ジャクソン郡 (ミネソタ州)ですね	Editional	
国勢調査	ジャクソン郡 (ミネソタ州)ですね	Editional	
マイル	ジャクソン郡 (ミネソタ州)ですね	Editional	
栗原	栗原正峰ですね	Editional	
書家	栗原正峰ですね	Editional	
正	栗原正峰ですね	Editional	
書道	栗原正峰ですね	Editional	
作品	栗原正峰ですね	Editional	
教授	望月衛ですね	Editional	
月	望月衛ですね	Editional	
衛	望月衛ですね	Editional	
望月	望月衛ですね	Editional	
日本	望月衛ですね	Editional	
韓国	江原ランドですね	Editional	
カジノ	江原ランドですね	Editional	
江原	江原ランドですね	Editional	
ランド	江原ランドですね	Editional	
リゾート	江原ランドですね	Editional	
昭和	横山準ですね	Editional	
映画	横山準ですね	Editional	
横山	横山準ですね	Editional	
小僧	横山準ですね	Editional	
月	横山準ですね	Editional	
本山	本山茂任ですね	Editional	
土佐	本山茂任ですね	Editional	
明治	本山茂任ですね	Editional	
松山	本山茂任ですね	Editional	
日本	本山茂任ですね	Editional	
アメリカ	ヘレン笹野ですね	Editional	
日本	ヘレン笹野ですね	Editional	
ヘレン	ヘレン笹野ですね	Editional	
歌手	ヘレン笹野ですね	Editional	
大学	ヘレン笹野ですね	Editional	
太郎	喧嘩太郎ですね	Editional	
テレビ	喧嘩太郎ですね	Editional	
月	喧嘩太郎ですね	Editional	
ドラマ	喧嘩太郎ですね	Editional	
映画	喧嘩太郎ですね	Editional	
乾	乾孝ですね	Editional	
心理	乾孝ですね	Editional	
日本	乾孝ですね	Editional	
教授	乾孝ですね	Editional	
学生	乾孝ですね	Editional	
ジョゼフ	ジョゼフ・ラインハルトですね	Editional	
兄	ジョゼフ・ラインハルトですね	Editional	
ギター	ジョゼフ・ラインハルトですね	Editional	
ジャズ	ジョゼフ・ラインハルトですね	Editional	
フランス	ジョゼフ・ラインハルトですね	Editional	
月	ロナルド・ベリサリオですね	Editional	
メジャー	ロナルド・ベリサリオですね	Editional	
マイナー	ロナルド・ベリサリオですね	Editional	
年	ロナルド・ベリサリオですね	Editional	
ドジャース	ロナルド・ベリサリオですね	Editional	
アルバム	こんにちわ (吉田拓郎のアルバム)ですね	Editional	
吉田	こんにちわ (吉田拓郎のアルバム)ですね	Editional	
拓郎	こんにちわ (吉田拓郎のアルバム)ですね	Editional	
オリジナル	こんにちわ (吉田拓郎のアルバム)ですね	Editional	
インペリアル	こんにちわ (吉田拓郎のアルバム)ですね	Editional	
月	クリス・ジョンソン (内野手)ですね	Editional	
打率	クリス・ジョンソン (内野手)ですね	Editional	
本塁打	クリス・ジョンソン (内野手)ですね	Editional	
ブレーブス	クリス・ジョンソン (内野手)ですね	Editional	
打点	クリス・ジョンソン (内野手)ですね	Editional	
月	西林万寿夫ですね	Editional	
西林	西林万寿夫ですね	Editional	
万寿	西林万寿夫ですね	Editional	
夫	西林万寿夫ですね	Editional	
昭和	西林万寿夫ですね	Editional	
短歌	澤村斉美ですね	Editional	
澤村	澤村斉美ですね	Editional	
斉	澤村斉美ですね	Editional	
歌人	澤村斉美ですね	Editional	
岐阜	澤村斉美ですね	Editional	
教授	城戸幡太郎ですね	Editional	
月	城戸幡太郎ですね	Editional	
城戸	城戸幡太郎ですね	Editional	
幡	城戸幡太郎ですね	Editional	
太郎	城戸幡太郎ですね	Editional	
ゴール	安達阿記子ですね	Editional	
ボール	安達阿記子ですね	Editional	
安達	安達阿記子ですね	Editional	
記子	安達阿記子ですね	Editional	
月	安達阿記子ですね	Editional	
浦田	浦田理恵ですね	Editional	
月	浦田理恵ですね	Editional	
日本	浦田理恵ですね	Editional	
ゴール	浦田理恵ですね	Editional	
ボール	浦田理恵ですね	Editional	
町田	町田市立小山中学校ですね	Editional	
中学校	町田市立小山中学校ですね	Editional	
市立	町田市立小山中学校ですね	Editional	
小山	町田市立小山中学校ですね	Editional	
学級	町田市立小山中学校ですね	Editional	
河合	河合晴彦ですね	Editional	
晴彦	河合晴彦ですね	Editional	
月	河合晴彦ですね	Editional	
日本	河合晴彦ですね	Editional	
プロ	河合晴彦ですね	Editional	
教授	山本照子ですね	Editional	
歯科	山本照子ですね	Editional	
講座	山本照子ですね	Editional	
口腔	山本照子ですね	Editional	
分野	山本照子ですね	Editional	
月	高木益太郎ですね	Editional	
高木	高木益太郎ですね	Editional	
法律	高木益太郎ですね	Editional	
益太郎	高木益太郎ですね	Editional	
明治	高木益太郎ですね	Editional	
短歌	山田航ですね	Editional	
月	山田航ですね	Editional	
歌人	山田航ですね	Editional	
札幌	山田航ですね	Editional	
現代	山田航ですね	Editional	
森	森寛子ですね	Editional	
月	森寛子ですね	Editional	
有礼	森寛子ですね	Editional	
明治	森寛子ですね	Editional	
寛子	森寛子ですね	Editional	
アレクサンダー	IEEEアレクサンダー・グラハム・ベル・メダルですね	Editional	
グラハム	IEEEアレクサンダー・グラハム・ベル・メダルですね	Editional	
ベル	IEEEアレクサンダー・グラハム・ベル・メダルですね	Editional	
メダル	IEEEアレクサンダー・グラハム・ベル・メダルですね	Editional	
工学	IEEEアレクサンダー・グラハム・ベル・メダルですね	Editional	
精神	ウラジーミル・ベヒテレフですね	Editional	
月	ウラジーミル・ベヒテレフですね	Editional	
心理	ウラジーミル・ベヒテレフですね	Editional	
感覚	ウラジーミル・ベヒテレフですね	Editional	
学者	ウラジーミル・ベヒテレフですね	Editional	
歯科	須佐美隆三ですね	Editional	
教授	須佐美隆三ですね	Editional	
顎	須佐美隆三ですね	Editional	
須佐	須佐美隆三ですね	Editional	
美	須佐美隆三ですね	Editional	
植物	橋本保 (植物学者)ですね	Editional	
橋本	橋本保 (植物学者)ですね	Editional	
保	橋本保 (植物学者)ですね	Editional	
学者	橋本保 (植物学者)ですね	Editional	
月	橋本保 (植物学者)ですね	Editional	
吉田	Oldies (吉田拓郎のアルバム)ですね	Editional	
拓郎	Oldies (吉田拓郎のアルバム)ですね	Editional	
アルバム	Oldies (吉田拓郎のアルバム)ですね	Editional	
セルフ	Oldies (吉田拓郎のアルバム)ですね	Editional	
月	Oldies (吉田拓郎のアルバム)ですね	Editional	
古藤	古藤真彦ですね	Editional	
真彦	古藤真彦ですね	Editional	
月	古藤真彦ですね	Editional	
日本	古藤真彦ですね	Editional	
俳優	古藤真彦ですね	Editional	
郡	フェアリボー郡 (ミネソタ州)ですね	Editional	
人口	フェアリボー郡 (ミネソタ州)ですね	Editional	
アリ	フェアリボー郡 (ミネソタ州)ですね	Editional	
ボー	フェアリボー郡 (ミネソタ州)ですね	Editional	
国勢調査	フェアリボー郡 (ミネソタ州)ですね	Editional	
リーグ	住友軽金属男子排球団ですね	Editional	
日本	住友軽金属男子排球団ですね	Editional	
男子	住友軽金属男子排球団ですね	Editional	
住友	住友軽金属男子排球団ですね	Editional	
軽金属	住友軽金属男子排球団ですね	Editional	
宮下	宮下正美ですね	Editional	
正美	宮下正美ですね	Editional	
月	宮下正美ですね	Editional	
児童	宮下正美ですね	Editional	
長野	宮下正美ですね	Editional	
短歌	佐藤羽美ですね	Editional	
佐藤	佐藤羽美ですね	Editional	
羽	佐藤羽美ですね	Editional	
青森	佐藤羽美ですね	Editional	
未来	佐藤羽美ですね	Editional	
アイヌ	新谷行ですね	Editional	
月	新谷行ですね	Editional	
北海道	新谷行ですね	Editional	
民族	新谷行ですね	Editional	
新谷	新谷行ですね	Editional	
月	コナー・メイナードですね	Editional	
イギリス	コナー・メイナードですね	Editional	
歌手	コナー・メイナードですね	Editional	
イングランド	コナー・メイナードですね	Editional	
ブライトン	コナー・メイナードですね	Editional	
俳優	ハリー・トレッダウェイですね	Editional	
双子	ハリー・トレッダウェイですね	Editional	
兄	ハリー・トレッダウェイですね	Editional	
ハリー	ハリー・トレッダウェイですね	Editional	
月	ハリー・トレッダウェイですね	Editional	
バドミントン	王琳 (バドミントン)ですね	Editional	
世界	王琳 (バドミントン)ですね	Editional	
選手権	王琳 (バドミントン)ですね	Editional	
中国	王琳 (バドミントン)ですね	Editional	
大会	王琳 (バドミントン)ですね	Editional	
陶芸	高橋一智ですね	Editional	
高橋	高橋一智ですね	Editional	
一	高橋一智ですね	Editional	
智	高橋一智ですね	Editional	
道	高橋一智ですね	Editional	
郎	下澤木鉢郎ですね	Editional	
月	下澤木鉢郎ですね	Editional	
版画	下澤木鉢郎ですね	Editional	
澤木	下澤木鉢郎ですね	Editional	
鉢	下澤木鉢郎ですね	Editional	
砂	砂沢喜代次ですね	Editional	
沢	砂沢喜代次ですね	Editional	
喜代次	砂沢喜代次ですね	Editional	
す	砂沢喜代次ですね	Editional	
きよじ	砂沢喜代次ですね	Editional	
細	細溝洋子ですね	Editional	
溝	細溝洋子ですね	Editional	
洋子	細溝洋子ですね	Editional	
みぞ	細溝洋子ですね	Editional	
ようこ	細溝洋子ですね	Editional	
宮前	宮前裕子ですね	Editional	
裕子	宮前裕子ですね	Editional	
みやま	宮前裕子ですね	Editional	
ひろこ	宮前裕子ですね	Editional	
月	宮前裕子ですね	Editional	
コート	モンフォール城 (コート＝ドール県)ですね	Editional	
ドール	モンフォール城 (コート＝ドール県)ですね	Editional	
県	モンフォール城 (コート＝ドール県)ですね	Editional	
聖	モンフォール城 (コート＝ドール県)ですね	Editional	
ヨハネ	モンフォール城 (コート＝ドール県)ですね	Editional	
歌人	樋口智子 (歌人)ですね	Editional	
樋口	樋口智子 (歌人)ですね	Editional	
智子	樋口智子 (歌人)ですね	Editional	
札幌	樋口智子 (歌人)ですね	Editional	
北海道新聞	樋口智子 (歌人)ですね	Editional	
アイルランド	エイダン・ターナーですね	Editional	
ドラマ	エイダン・ターナーですね	Editional	
ダン	エイダン・ターナーですね	Editional	
ターナー	エイダン・ターナーですね	Editional	
ビーイング	エイダン・ターナーですね	Editional	
音楽	大塚淳 (音楽家)ですね	Editional	
大塚	大塚淳 (音楽家)ですね	Editional	
京	大塚淳 (音楽家)ですね	Editional	
月	大塚淳 (音楽家)ですね	Editional	
学校	大塚淳 (音楽家)ですね	Editional	
藤村	藤村義美ですね	Editional	
義美	藤村義美ですね	Editional	
ふじ	藤村義美ですね	Editional	
むら	藤村義美ですね	Editional	
よしみ	藤村義美ですね	Editional	
尾崎	尾崎里奈ですね	Editional	
里奈	尾崎里奈ですね	Editional	
月	尾崎里奈ですね	Editional	
日本	尾崎里奈ですね	Editional	
気象	尾崎里奈ですね	Editional	
将棋	上村亘ですね	Editional	
棋士	上村亘ですね	Editional	
順位	上村亘ですね	Editional	
上村	上村亘ですね	Editional	
亘	上村亘ですね	Editional	
ロシア	アンナ・シェルシャクですね	Editional	
アンナ	アンナ・シェルシャクですね	Editional	
英語	アンナ・シェルシャクですね	Editional	
月	アンナ・シェルシャクですね	Editional	
モスクワ	アンナ・シェルシャクですね	Editional	
バロック	バロック (大西順子のアルバム)ですね	Editional	
大西	バロック (大西順子のアルバム)ですね	Editional	
順子	バロック (大西順子のアルバム)ですね	Editional	
アルバム	バロック (大西順子のアルバム)ですね	Editional	
ジャズ	バロック (大西順子のアルバム)ですね	Editional	
カナダ	キャサリン・ボバクですね	Editional	
フィギュア	キャサリン・ボバクですね	Editional	
スケート	キャサリン・ボバクですね	Editional	
キャサリン	キャサリン・ボバクですね	Editional	
月	キャサリン・ボバクですね	Editional	
将棋	石田直裕ですね	Editional	
飛車	石田直裕ですね	Editional	
石田	石田直裕ですね	Editional	
直	石田直裕ですね	Editional	
裕	石田直裕ですね	Editional	
彗星	陳・高彗星ですね	Editional	
軌道	陳・高彗星ですね	Editional	
距離	陳・高彗星ですね	Editional	
陳	陳・高彗星ですね	Editional	
周期	陳・高彗星ですね	Editional	
心理	野口京子 (心理学者)ですね	Editional	
大学	野口京子 (心理学者)ですね	Editional	
教授	野口京子 (心理学者)ですね	Editional	
野口	野口京子 (心理学者)ですね	Editional	
京子	野口京子 (心理学者)ですね	Editional	
鱒沢	鱒沢村ですね	Editional	
宮守	鱒沢村ですね	Editional	
ます	鱒沢村ですね	Editional	
昭和	鱒沢村ですね	Editional	
岩手	鱒沢村ですね	Editional	
栄養	熊谷裕通ですね	Editional	
科学	熊谷裕通ですね	Editional	
食品	熊谷裕通ですね	Editional	
静岡県立大学	熊谷裕通ですね	Editional	
腎臓	熊谷裕通ですね	Editional	
将棋	渡辺大夢ですね	Editional	
棋士	渡辺大夢ですね	Editional	
勝又	渡辺大夢ですね	Editional	
石田	渡辺大夢ですね	Editional	
野球	渡辺大夢ですね	Editional	
石河	石河光籌ですね	Editional	
光	石河光籌ですね	Editional	
尾張	石河光籌ですね	Editional	
家老	石河光籌ですね	Editional	
美濃	石河光籌ですね	Editional	
針	森田製針所ですね	Editional	
森田	森田製針所ですね	Editional	
業務	森田製針所ですね	Editional	
用途	森田製針所ですね	Editional	
ラジオ	森田製針所ですね	Editional	
小説	春日みかげですね	Editional	
春日	春日みかげですね	Editional	
みか	春日みかげですね	Editional	
文庫	春日みかげですね	Editional	
アニメ	春日みかげですね	Editional	
東ノ川	上北山村立東ノ川小中学校ですね	Editional	
上北山	上北山村立東ノ川小中学校ですね	Editional	
小中学校	上北山村立東ノ川小中学校ですね	Editional	
ダム	上北山村立東ノ川小中学校ですね	Editional	
校舎	上北山村立東ノ川小中学校ですね	Editional	
月	小倉・住吉のおスミつき!ですね	Editional	
小倉	小倉・住吉のおスミつき!ですね	Editional	
住吉	小倉・住吉のおスミつき!ですね	Editional	
番組	小倉・住吉のおスミつき!ですね	Editional	
スミ	小倉・住吉のおスミつき!ですね	Editional	
岐阜	今井誉次郎ですね	Editional	
今井	今井誉次郎ですね	Editional	
誉	今井誉次郎ですね	Editional	
次郎	今井誉次郎ですね	Editional	
月	今井誉次郎ですね	Editional	
アメリカ	ヘンリー・アダムズですね	Editional	
歴史	ヘンリー・アダムズですね	Editional	
大学	ヘンリー・アダムズですね	Editional	
月	ヘンリー・アダムズですね	Editional	
世紀	ヘンリー・アダムズですね	Editional	
劇団	若月咲弥ですね	Editional	
若月	若月咲弥ですね	Editional	
咲	若月咲弥ですね	Editional	
弥	若月咲弥ですね	Editional	
少年	若月咲弥ですね	Editional	
鳥取	峰地光重ですね	Editional	
小学校	峰地光重ですね	Editional	
峰	峰地光重ですね	Editional	
光重	峰地光重ですね	Editional	
月	峰地光重ですね	Editional	
ダニー	ダニーと秘密の魔法使いですね	Editional	
町	ダニーと秘密の魔法使いですね	Editional	
呪い	ダニーと秘密の魔法使いですね	Editional	
秘密	ダニーと秘密の魔法使いですね	Editional	
ハロウィン	ダニーと秘密の魔法使いですね	Editional	
伴	伴助兼ですね	Editional	
三河	伴助兼ですね	Editional	
助	伴助兼ですね	Editional	
鎧	伴助兼ですね	Editional	
設楽	伴助兼ですね	Editional	
天野	天野頌子ですね	Editional	
日本	天野頌子ですね	Editional	
小説	天野頌子ですね	Editional	
幽霊	天野頌子ですね	Editional	
事件	天野頌子ですね	Editional	
慶應義塾	保崎秀夫ですね	Editional	
大学	保崎秀夫ですね	Editional	
医学	保崎秀夫ですね	Editional	
精神	保崎秀夫ですね	Editional	
教授	保崎秀夫ですね	Editional	
映画	宮崎大祐ですね	Editional	
国際	宮崎大祐ですね	Editional	
日本	宮崎大祐ですね	Editional	
脚本	宮崎大祐ですね	Editional	
世界中	宮崎大祐ですね	Editional	
奥田	奥田亡羊ですね	Editional	
亡羊	奥田亡羊ですね	Editional	
くだ	奥田亡羊ですね	Editional	
歌人	奥田亡羊ですね	Editional	
ぼう	奥田亡羊ですね	Editional	
石浜	石浜みかるですね	Editional	
みか	石浜みかるですね	Editional	
教師	石浜みかるですね	Editional	
まみ	石浜みかるですね	Editional	
女性	石浜みかるですね	Editional	
機構	山路亨ですね	Editional	
町長	山路亨ですね	Editional	
山路	山路亨ですね	Editional	
亨	山路亨ですね	Editional	
原子力	山路亨ですね	Editional	
日本	平山輝武ですね	Editional	
大学	平山輝武ですね	Editional	
平山	平山輝武ですね	Editional	
輝武	平山輝武ですね	Editional	
茨城	平山輝武ですね	Editional	
牧	塩原牧ですね	Editional	
塩原	塩原牧ですね	Editional	
浦野	塩原牧ですね	Editional	
地区	塩原牧ですね	Editional	
世紀	塩原牧ですね	Editional	
教授	深沢道子ですね	Editional	
日本	深沢道子ですね	Editional	
早稲田大学	深沢道子ですね	Editional	
深沢	深沢道子ですね	Editional	
道子	深沢道子ですね	Editional	
彗星	串田・村松彗星ですね	Editional	
木星	串田・村松彗星ですね	Editional	
軌道	串田・村松彗星ですね	Editional	
串田	串田・村松彗星ですね	Editional	
村松	串田・村松彗星ですね	Editional	
清山	国府清山ですね	Editional	
国府	国府清山ですね	Editional	
月	国府清山ですね	Editional	
総社	国府清山ですね	Editional	
雲	国府清山ですね	Editional	
月	クリス・ハイジーですね	Editional	
本塁打	クリス・ハイジーですね	Editional	
打率	クリス・ハイジーですね	Editional	
打点	クリス・ハイジーですね	Editional	
レッズ	クリス・ハイジーですね	Editional	
茨城	桂たかね台ですね	Editional	
桂	桂たかね台ですね	Editional	
たかね	桂たかね台ですね	Editional	
住宅	桂たかね台ですね	Editional	
東茨城	桂たかね台ですね	Editional	
シーズン	ロバート・グリフィン3世ですね	Editional	
チーム	ロバート・グリフィン3世ですね	Editional	
月	ロバート・グリフィン3世ですね	Editional	
大学	ロバート・グリフィン3世ですね	Editional	
ラン	ロバート・グリフィン3世ですね	Editional	
参議院	中村利次ですね	Editional	
議員	中村利次ですね	Editional	
会社	中村利次ですね	Editional	
中村	中村利次ですね	Editional	
利次	中村利次ですね	Editional	
田所	田所寧親ですね	Editional	
寧	田所寧親ですね	Editional	
土佐	田所寧親ですね	Editional	
砲術	田所寧親ですね	Editional	
親	田所寧親ですね	Editional	
シリーズ	三角由里ですね	Editional	
三角	三角由里ですね	Editional	
由里	三角由里ですね	Editional	
ナムコ	三角由里ですね	Editional	
太鼓	三角由里ですね	Editional	
ピカソ	ピカソ (曖昧さ回避)ですね	Editional	
北	北温信用組合ですね	Editional	
温	北温信用組合ですね	Editional	
信用組合	北温信用組合ですね	Editional	
しん	北温信用組合ですね	Editional	
愛媛	北温信用組合ですね	Editional	
音楽	石濱翔ですね	Editional	
濱	石濱翔ですね	Editional	
翔	石濱翔ですね	Editional	
石	石濱翔ですね	Editional	
月	石濱翔ですね	Editional	
総裁	明治天皇紀ですね	Editional	
金子	明治天皇紀ですね	Editional	
明治	明治天皇紀ですね	Editional	
天皇	明治天皇紀ですね	Editional	
竹越	明治天皇紀ですね	Editional	
飯塚	飯塚修子ですね	Editional	
修子	飯塚修子ですね	Editional	
月	飯塚修子ですね	Editional	
日本	飯塚修子ですね	Editional	
漫画	飯塚修子ですね	Editional	
本	嘉禄二年四月九日書写本古今和歌集ですね	Editional	
嘉	嘉禄二年四月九日書写本古今和歌集ですね	Editional	
禄	嘉禄二年四月九日書写本古今和歌集ですね	Editional	
古今	嘉禄二年四月九日書写本古今和歌集ですね	Editional	
定家	嘉禄二年四月九日書写本古今和歌集ですね	Editional	
林	林輝太郎ですね	Editional	
相場	林輝太郎ですね	Editional	
輝太郎	林輝太郎ですね	Editional	
月	林輝太郎ですね	Editional	
世界	林輝太郎ですね	Editional	
月	渡邊魁ですね	Editional	
明治	渡邊魁ですね	Editional	
魁	渡邊魁ですね	Editional	
長崎	渡邊魁ですね	Editional	
渡邊	渡邊魁ですね	Editional	
クレジット	ジャガー/リチャーズですね	Editional	
ミック	ジャガー/リチャーズですね	Editional	
キース	ジャガー/リチャーズですね	Editional	
アルバム	ジャガー/リチャーズですね	Editional	
リチャーズ	ジャガー/リチャーズですね	Editional	
東京	宮本高志ですね	Editional	
チャンネル	宮本高志ですね	Editional	
宮本	宮本高志ですね	Editional	
高志	宮本高志ですね	Editional	
南海放送	宮本高志ですね	Editional	
日本	千葉康則ですね	Editional	
教授	千葉康則ですね	Editional	
医学部	千葉康則ですね	Editional	
千葉	千葉康則ですね	Editional	
康則	千葉康則ですね	Editional	
下北沢	下北沢オープンソースCafeですね	Editional	
ソース	下北沢オープンソースCafeですね	Editional	
場所	下北沢オープンソースCafeですね	Editional	
河村	下北沢オープンソースCafeですね	Editional	
自身	下北沢オープンソースCafeですね	Editional	
打出	打出 (芦屋市)ですね	Editional	
芦屋	打出 (芦屋市)ですね	Editional	
文書	打出 (芦屋市)ですね	Editional	
兵庫	打出 (芦屋市)ですね	Editional	
古墳	打出 (芦屋市)ですね	Editional	
打出	打出ですね	Editional	
スポーツ	松瀬学ですね	Editional	
大会	松瀬学ですね	Editional	
ラグビー	松瀬学ですね	Editional	
委員	松瀬学ですね	Editional	
松瀬	松瀬学ですね	Editional	
月	ウルフ・オブ・ウォールストリートですね	Editional	
株	ウルフ・オブ・ウォールストリートですね	Editional	
スコセッシ	ウルフ・オブ・ウォールストリートですね	Editional	
作品	ウルフ・オブ・ウォールストリートですね	Editional	
ヤク	ウルフ・オブ・ウォールストリートですね	Editional	
マン	モーフィンですね	Editional	
サンド	モーフィンですね	Editional	
ベース	モーフィンですね	Editional	
アメリカ	モーフィンですね	Editional	
アルバム	モーフィンですね	Editional	
精神	関谷透ですね	Editional	
医学	関谷透ですね	Editional	
関谷	関谷透ですね	Editional	
日本	関谷透ですね	Editional	
透	関谷透ですね	Editional	
ゲーム	マイオーディションですね	Editional	
オーディション	マイオーディションですね	Editional	
マイ	マイオーディションですね	Editional	
月	マイオーディションですね	Editional	
音楽	マイオーディションですね	Editional	
大佐	サミュエル・トラウトマンですね	Editional	
ベトナム	サミュエル・トラウトマンですね	Editional	
映画	サミュエル・トラウトマンですね	Editional	
ベレー	サミュエル・トラウトマンですね	Editional	
ソ連	サミュエル・トラウトマンですね	Editional	
トッド	トッドのモダン・ポップ黄金狂時代ですね	Editional	
モダン	トッドのモダン・ポップ黄金狂時代ですね	Editional	
ポップ	トッドのモダン・ポップ黄金狂時代ですね	Editional	
黄金	トッドのモダン・ポップ黄金狂時代ですね	Editional	
時代	トッドのモダン・ポップ黄金狂時代ですね	Editional	
岡野	岡野忠元ですね	Editional	
忠	岡野忠元ですね	Editional	
テレビ	岡野忠元ですね	Editional	
東京	岡野忠元ですね	Editional	
アナウンサー	岡野忠元ですね	Editional	
伊藤	伊藤由紀子ですね	Editional	
由紀子	伊藤由紀子ですね	Editional	
月	伊藤由紀子ですね	Editional	
大阪	伊藤由紀子ですね	Editional	
岸和田	伊藤由紀子ですね	Editional	
教授	品川不二郎ですね	Editional	
品川	品川不二郎ですね	Editional	
二郎	品川不二郎ですね	Editional	
学者	品川不二郎ですね	Editional	
東京学芸大学	品川不二郎ですね	Editional	
月	ふゆづき (護衛艦)ですね	Editional	
ふゆ	ふゆづき (護衛艦)ですね	Editional	
海軍	ふゆづき (護衛艦)ですね	Editional	
米	ふゆづき (護衛艦)ですね	Editional	
海上	ふゆづき (護衛艦)ですね	Editional	
明治	佐藤恒久ですね	Editional	
大学	佐藤恒久ですね	Editional	
佐藤	佐藤恒久ですね	Editional	
月	佐藤恒久ですね	Editional	
外科	佐藤恒久ですね	Editional	
村石	村石昭三ですね	Editional	
昭三	村石昭三ですね	Editional	
言語	村石昭三ですね	Editional	
国立	村石昭三ですね	Editional	
国語	村石昭三ですね	Editional	
週刊	明石昇二郎ですね	Editional	
ルポ	明石昇二郎ですね	Editional	
ルポルタージュ	明石昇二郎ですね	Editional	
日本テレビ	明石昇二郎ですね	Editional	
カネミ油症	明石昇二郎ですね	Editional	
花瓶	パリンちゃんですね	Editional	
ガラス	パリンちゃんですね	Editional	
水	パリンちゃんですね	Editional	
マスコットキャラクター	パリンちゃんですね	Editional	
パ	パリンちゃんですね	Editional	
月	星名美津紀ですね	Editional	
アイドル	星名美津紀ですね	Editional	
グラビア	星名美津紀ですね	Editional	
中国	星名美津紀ですね	Editional	
コス	星名美津紀ですね	Editional	
機械	伊藤忠マシンテクノスですね	Editional	
伊藤	伊藤忠マシンテクノスですね	Editional	
忠	伊藤忠マシンテクノスですね	Editional	
伊藤忠	伊藤忠マシンテクノスですね	Editional	
株式会社	伊藤忠マシンテクノスですね	Editional	
アニメーション	新海岳人ですね	Editional	
新海	新海岳人ですね	Editional	
劇	新海岳人ですね	Editional	
名作	新海岳人ですね	Editional	
岳人	新海岳人ですね	Editional	
ウィーン	ライナー・ホーネックですね	Editional	
管弦楽	ライナー・ホーネックですね	Editional	
ライナー	ライナー・ホーネックですね	Editional	
ホー	ライナー・ホーネックですね	Editional	
ネック	ライナー・ホーネックですね	Editional	
ニッポン	吉田尚記 BUZZ ニッポンですね	Editional	
吉田	吉田尚記 BUZZ ニッポンですね	Editional	
番組	吉田尚記 BUZZ ニッポンですね	Editional	
尚	吉田尚記 BUZZ ニッポンですね	Editional	
月	吉田尚記 BUZZ ニッポンですね	Editional	
漫画	洋介犬ですね	Editional	
犬	洋介犬ですね	Editional	
ホラー	洋介犬ですね	Editional	
洋介	洋介犬ですね	Editional	
怪談	洋介犬ですね	Editional	
馬場	馬場泰久ですね	Editional	
泰久	馬場泰久ですね	Editional	
鹿児島	馬場泰久ですね	Editional	
ばば	馬場泰久ですね	Editional	
ひさ	馬場泰久ですね	Editional	
友広	友広隆行ですね	Editional	
隆行	友広隆行ですね	Editional	
月	友広隆行ですね	Editional	
日本	友広隆行ですね	Editional	
ダブル	友広隆行ですね	Editional	
上田	上田敏晶ですね	Editional	
敏晶	上田敏晶ですね	Editional	
うえ	上田敏晶ですね	Editional	
日本	上田敏晶ですね	Editional	
北九州	上田敏晶ですね	Editional	
郡	グッドヒュー郡 (ミネソタ州)ですね	Editional	
グッド	グッドヒュー郡 (ミネソタ州)ですね	Editional	
ヒュー	グッドヒュー郡 (ミネソタ州)ですね	Editional	
ミネソタ	グッドヒュー郡 (ミネソタ州)ですね	Editional	
人口	グッドヒュー郡 (ミネソタ州)ですね	Editional	
郡	スコット郡 (ミネソタ州)ですね	Editional	
スコット	スコット郡 (ミネソタ州)ですね	Editional	
ミネソタ	スコット郡 (ミネソタ州)ですね	Editional	
人口	スコット郡 (ミネソタ州)ですね	Editional	
都市	スコット郡 (ミネソタ州)ですね	Editional	
波	夏村波夫ですね	Editional	
夏村	夏村波夫ですね	Editional	
夫	夏村波夫ですね	Editional	
なつ	夏村波夫ですね	Editional	
むら	夏村波夫ですね	Editional	
福田	福田秀和ですね	Editional	
秀和	福田秀和ですね	Editional	
事業	福田秀和ですね	Editional	
ふく	福田秀和ですね	Editional	
昭和	福田秀和ですね	Editional	
坂崎	坂崎重盛ですね	Editional	
幸之助	坂崎重盛ですね	Editional	
重盛	坂崎重盛ですね	Editional	
波	坂崎重盛ですね	Editional	
公園	坂崎重盛ですね	Editional	
政典	田代政典ですね	Editional	
藩	田代政典ですね	Editional	
人吉	田代政典ですね	Editional	
農民	田代政典ですね	Editional	
椎茸	田代政典ですね	Editional	
横	横銭秀一ですね	Editional	
銭	横銭秀一ですね	Editional	
秀一	横銭秀一ですね	Editional	
テレビ東京	横銭秀一ですね	Editional	
月	横銭秀一ですね	Editional	
野球	納家米吉ですね	Editional	
大会	納家米吉ですね	Editional	
商	納家米吉ですね	Editional	
中等	納家米吉ですね	Editional	
学校	納家米吉ですね	Editional	
ヨウ	オルト過ヨウ素酸ナトリウムですね	Editional	
ナトリウム	オルト過ヨウ素酸ナトリウムですね	Editional	
素	オルト過ヨウ素酸ナトリウムですね	Editional	
酸	オルト過ヨウ素酸ナトリウムですね	Editional	
塩	オルト過ヨウ素酸ナトリウムですね	Editional	
久留	久留美 (三木市)ですね	Editional	
美	久留美 (三木市)ですね	Editional	
三木	久留美 (三木市)ですね	Editional	
地区	久留美 (三木市)ですね	Editional	
くるみ	久留美 (三木市)ですね	Editional	
揚陸	おおすみ型輸送艦 (初代)ですね	Editional	
海軍	おおすみ型輸送艦 (初代)ですね	Editional	
日本	おおすみ型輸送艦 (初代)ですね	Editional	
すみ	おおすみ型輸送艦 (初代)ですね	Editional	
戦車	おおすみ型輸送艦 (初代)ですね	Editional	
精神	西園昌久ですね	Editional	
医学	西園昌久ですね	Editional	
日本	西園昌久ですね	Editional	
学会	西園昌久ですね	Editional	
福岡大学	西園昌久ですね	Editional	
選手権	カミラ・マーチンですね	Editional	
デンマーク	カミラ・マーチンですね	Editional	
オリンピック	カミラ・マーチンですね	Editional	
カミラ	カミラ・マーチンですね	Editional	
マーチン	カミラ・マーチンですね	Editional	
日本	橘正忠ですね	Editional	
大使館	橘正忠ですね	Editional	
月	橘正忠ですね	Editional	
橘	橘正忠ですね	Editional	
正	橘正忠ですね	Editional	
月	寺下力三郎ですね	Editional	
村長	寺下力三郎ですね	Editional	
寺下	寺下力三郎ですね	Editional	
力三	寺下力三郎ですね	Editional	
郎	寺下力三郎ですね	Editional	
月	ミハイル・シャルダコフですね	Editional	
心理	ミハイル・シャルダコフですね	Editional	
ミハイル	ミハイル・シャルダコフですね	Editional	
ユリウス	ミハイル・シャルダコフですね	Editional	
ソビエト	ミハイル・シャルダコフですね	Editional	
宮野	宮野目村ですね	Editional	
みやの	宮野目村ですね	Editional	
むら	宮野目村ですね	Editional	
昭和	宮野目村ですね	Editional	
岩手	宮野目村ですね	Editional	
音楽	帆足圭吾ですね	Editional	
帆足	帆足圭吾ですね	Editional	
圭吾	帆足圭吾ですね	Editional	
映画	帆足圭吾ですね	Editional	
あし	帆足圭吾ですね	Editional	
アルバム	未成年 (大江千里のアルバム)ですね	Editional	
月	未成年 (大江千里のアルバム)ですね	Editional	
未成年	未成年 (大江千里のアルバム)ですね	Editional	
音源	未成年 (大江千里のアルバム)ですね	Editional	
大江千里	未成年 (大江千里のアルバム)ですね	Editional	
上寺	上寺久雄ですね	Editional	
久雄	上寺久雄ですね	Editional	
兵庫教育大学	上寺久雄ですね	Editional	
教授	上寺久雄ですね	Editional	
博士	上寺久雄ですね	Editional	
島田	島田周平ですね	Editional	
周平	島田周平ですね	Editional	
地理	島田周平ですね	Editional	
地域	島田周平ですね	Editional	
国際	島田周平ですね	Editional	
作者	福森久助ですね	Editional	
狂言	福森久助ですね	Editional	
福森	福森久助ですね	Editional	
久助	福森久助ですね	Editional	
江戸	福森久助ですね	Editional	
テレビ東京	高田晃ですね	Editional	
高田	高田晃ですね	Editional	
晃	高田晃ですね	Editional	
朝日放送	高田晃ですね	Editional	
たか	高田晃ですね	Editional	
小学校	大山町立名和小学校ですね	Editional	
名和	大山町立名和小学校ですね	Editional	
大山	大山町立名和小学校ですね	Editional	
町立	大山町立名和小学校ですね	Editional	
初代	大山町立名和小学校ですね	Editional	
木	木野村謙一ですね	Editional	
野村	木野村謙一ですね	Editional	
謙一	木野村謙一ですね	Editional	
課程	木野村謙一ですね	Editional	
のむら	木野村謙一ですね	Editional	
漫画	村正みかどですね	Editional	
村	村正みかどですね	Editional	
みか	村正みかどですね	Editional	
武	村正みかどですね	Editional	
礼	村正みかどですね	Editional	
ベンソン	ベンソン・タワー (オレゴン州ポートランド)ですね	Editional	
タワー	ベンソン・タワー (オレゴン州ポートランド)ですね	Editional	
マンション	ベンソン・タワー (オレゴン州ポートランド)ですね	Editional	
オレゴン	ベンソン・タワー (オレゴン州ポートランド)ですね	Editional	
ポートランド	ベンソン・タワー (オレゴン州ポートランド)ですね	Editional	
さやか	内田さやかですね	Editional	
内田	内田さやかですね	Editional	
月	内田さやかですね	Editional	
日本	内田さやかですね	Editional	
グラビア	内田さやかですね	Editional	
上畠	上畠益三郎ですね	Editional	
月	上畠益三郎ですね	Editional	
三郎	上畠益三郎ですね	Editional	
郎	上畠益三郎ですね	Editional	
うえ	上畠益三郎ですね	Editional	
委員	カール・グルンスキーですね	Editional	
土木	カール・グルンスキーですね	Editional	
会長	カール・グルンスキーですね	Editional	
エンジニア	カール・グルンスキーですね	Editional	
米国	カール・グルンスキーですね	Editional	
水中	舘石昭ですね	Editional	
舘	舘石昭ですね	Editional	
昭	舘石昭ですね	Editional	
日本	舘石昭ですね	Editional	
写真	舘石昭ですね	Editional	
教会	韓景職ですね	Editional	
牧師	韓景職ですね	Editional	
ソウル	韓景職ですね	Editional	
韓	韓景職ですね	Editional	
景	韓景職ですね	Editional	
水産	田内森三郎ですね	Editional	
物理	田内森三郎ですね	Editional	
田内	田内森三郎ですね	Editional	
学会	田内森三郎ですね	Editional	
日本	田内森三郎ですね	Editional	
アニメ	川崎由紀夫ですね	Editional	
テレビ東京	川崎由紀夫ですね	Editional	
川崎	川崎由紀夫ですね	Editional	
由紀夫	川崎由紀夫ですね	Editional	
ビジネス	川崎由紀夫ですね	Editional	
矢野	矢野博康ですね	Editional	
博康	矢野博康ですね	Editional	
大分	矢野博康ですね	Editional	
月	矢野博康ですね	Editional	
日本	矢野博康ですね	Editional	
劇団	秋山シュン太郎ですね	Editional	
シュン	秋山シュン太郎ですね	Editional	
太郎	秋山シュン太郎ですね	Editional	
作家	秋山シュン太郎ですね	Editional	
ミュージカル	秋山シュン太郎ですね	Editional	
御台	足利将軍家御台所ですね	Editional	
将軍	足利将軍家御台所ですね	Editional	
足利	足利将軍家御台所ですね	Editional	
将軍家	足利将軍家御台所ですね	Editional	
室町	足利将軍家御台所ですね	Editional	
マルコ	マルコ・アウレリオ・フォンターナですね	Editional	
月	マルコ・アウレリオ・フォンターナですね	Editional	
イタリア	マルコ・アウレリオ・フォンターナですね	Editional	
出身	マルコ・アウレリオ・フォンターナですね	Editional	
自転車	マルコ・アウレリオ・フォンターナですね	Editional	
品川	品川孝子ですね	Editional	
孝子	品川孝子ですね	Editional	
月	品川孝子ですね	Editional	
児童	品川孝子ですね	Editional	
たかこ	品川孝子ですね	Editional	
スティーブン	スティーブン・グアルナッチャですね	Editional	
アメリカ	スティーブン・グアルナッチャですね	Editional	
絵本	スティーブン・グアルナッチャですね	Editional	
アート	スティーブン・グアルナッチャですね	Editional	
書籍	スティーブン・グアルナッチャですね	Editional	
冨田	冨田功ですね	Editional	
月	冨田功ですね	Editional	
日本	冨田功ですね	Editional	
技師	冨田功ですね	Editional	
功	冨田功ですね	Editional	
野村	野村重臣ですね	Editional	
林	野村重臣ですね	Editional	
湯浅	野村重臣ですね	Editional	
言論	野村重臣ですね	Editional	
右翼	野村重臣ですね	Editional	
内山	内山敏夫ですね	Editional	
敏夫	内山敏夫ですね	Editional	
テレビ	内山敏夫ですね	Editional	
東京	内山敏夫ですね	Editional	
理事	内山敏夫ですね	Editional	
教授	高牧實ですね	Editional	
牧	高牧實ですね	Editional	
實	高牧實ですね	Editional	
聖心女子大学	高牧實ですね	Editional	
岐阜	高牧實ですね	Editional	
月	新実彰平ですね	Editional	
番組	新実彰平ですね	Editional	
野球	新実彰平ですね	Editional	
関西テレビ	新実彰平ですね	Editional	
アナウンサー	新実彰平ですね	Editional	
長沢	長沢克泰ですね	Editional	
克	長沢克泰ですね	Editional	
泰	長沢克泰ですね	Editional	
ひろ	長沢克泰ですね	Editional	
日本	長沢克泰ですね	Editional	
月	マーティン・マルドナードですね	Editional	
捕手	マーティン・マルドナードですね	Editional	
本塁打	マーティン・マルドナードですね	Editional	
打点	マーティン・マルドナードですね	Editional	
打率	マーティン・マルドナードですね	Editional	
月	スティーブ・ロンバードージー・ジュニアですね	Editional	
マイナー	スティーブ・ロンバードージー・ジュニアですね	Editional	
メジャー	スティーブ・ロンバードージー・ジュニアですね	Editional	
選手	スティーブ・ロンバードージー・ジュニアですね	Editional	
傘下	スティーブ・ロンバードージー・ジュニアですね	Editional	
月	スティーブ・コーストですね	Editional	
スティーブ	スティーブ・コーストですね	Editional	
ウルフ	スティーブ・コーストですね	Editional	
ラム	スティーブ・コーストですね	Editional	
インターン	スティーブ・コーストですね	Editional	
エイドリアン	エイドリアン・ゴールズワーシーですね	Editional	
イギリス	エイドリアン・ゴールズワーシーですね	Editional	
歴史	エイドリアン・ゴールズワーシーですね	Editional	
学者	エイドリアン・ゴールズワーシーですね	Editional	
専門	エイドリアン・ゴールズワーシーですね	Editional	
ジャネット	ヘンリー・ピムですね	Editional	
月	ヘンリー・ピムですね	Editional	
ヒーロー	ヘンリー・ピムですね	Editional	
スーパー	ヘンリー・ピムですね	Editional	
イエロー	ヘンリー・ピムですね	Editional	
イン	小川隆広ですね	Editional	
プラント	小川隆広ですね	Editional	
光	小川隆広ですね	Editional	
歯科	小川隆広ですね	Editional	
学術	小川隆広ですね	Editional	
クラス	スティーブ・マッティンですね	Editional	
デザイナー	スティーブ・マッティンですね	Editional	
月	スティーブ・マッティンですね	Editional	
メルセデス・ベンツ	スティーブ・マッティンですね	Editional	
ディレクター	スティーブ・マッティンですね	Editional	
ノストラダムス	ノストラダムス滅亡録〜遺伝子の新世紀ですね	Editional	
遺伝子	ノストラダムス滅亡録〜遺伝子の新世紀ですね	Editional	
人類	ノストラダムス滅亡録〜遺伝子の新世紀ですね	Editional	
世紀	ノストラダムス滅亡録〜遺伝子の新世紀ですね	Editional	
地球	ノストラダムス滅亡録〜遺伝子の新世紀ですね	Editional	
音楽	田中秀和 (作曲家)ですね	Editional	
田中	田中秀和 (作曲家)ですね	Editional	
秀和	田中秀和 (作曲家)ですね	Editional	
神前	田中秀和 (作曲家)ですね	Editional	
暁	田中秀和 (作曲家)ですね	Editional	
松橋	松橋神社ですね	Editional	
神社	松橋神社ですね	Editional	
熊野	松橋神社ですね	Editional	
権現	松橋神社ですね	Editional	
下田	松橋神社ですね	Editional	
言語	マイケル・シルヴァスティンですね	Editional	
人類	マイケル・シルヴァスティンですね	Editional	
分野	マイケル・シルヴァスティンですね	Editional	
学者	マイケル・シルヴァスティンですね	Editional	
記号	マイケル・シルヴァスティンですね	Editional	
月	マルコ・ファン・ヒンケルですね	Editional	
オランダ	マルコ・ファン・ヒンケルですね	Editional	
マルコ	マルコ・ファン・ヒンケルですね	Editional	
チーム	マルコ・ファン・ヒンケルですね	Editional	
出身	マルコ・ファン・ヒンケルですね	Editional	
バイパス	奥津―上斎原バイパスですね	Editional	
奥津	奥津―上斎原バイパスですね	Editional	
上斎原	奥津―上斎原バイパスですね	Editional	
区間	奥津―上斎原バイパスですね	Editional	
トンネル	奥津―上斎原バイパスですね	Editional	
渡辺	渡辺綱聡ですね	Editional	
綱	渡辺綱聡ですね	Editional	
尾張	渡辺綱聡ですね	Editional	
男爵	渡辺綱聡ですね	Editional	
年寄	渡辺綱聡ですね	Editional	
月	木戸豊吉ですね	Editional	
京都	木戸豊吉ですね	Editional	
衆議院	木戸豊吉ですね	Editional	
議員	木戸豊吉ですね	Editional	
木戸	木戸豊吉ですね	Editional	
アルバム	1234 (大江千里のアルバム)ですね	Editional	
月	1234 (大江千里のアルバム)ですね	Editional	
大江千里	1234 (大江千里のアルバム)ですね	Editional	
大江	1234 (大江千里のアルバム)ですね	Editional	
千里	1234 (大江千里のアルバム)ですね	Editional	
ロシア	ミハイル・ソコロフスキーですね	Editional	
オペラ	ミハイル・ソコロフスキーですね	Editional	
作品	ミハイル・ソコロフスキーですね	Editional	
音楽	ミハイル・ソコロフスキーですね	Editional	
世紀	ミハイル・ソコロフスキーですね	Editional	
江藤	江藤隆之ですね	Editional	
隆之	江藤隆之ですね	Editional	
ひろ	江藤隆之ですね	Editional	
日本	江藤隆之ですね	Editional	
法学	江藤隆之ですね	Editional	
源	源憲定ですね	Editional	
憲	源憲定ですね	Editional	
右	源憲定ですね	Editional	
兵衛	源憲定ですね	Editional	
月	源憲定ですね	Editional	
事件	青沼陽一郎ですね	Editional	
青沼	青沼陽一郎ですね	Editional	
長野	青沼陽一郎ですね	Editional	
講談社	青沼陽一郎ですね	Editional	
陽一郎	青沼陽一郎ですね	Editional	
秋田	秋田知里ですね	Editional	
知里	秋田知里ですね	Editional	
ちさ	秋田知里ですね	Editional	
月	秋田知里ですね	Editional	
日本	秋田知里ですね	Editional	
ワールドカップ	ジャマル・アル・シャリフですね	Editional	
主審	ジャマル・アル・シャリフですね	Editional	
カップ	ジャマル・アル・シャリフですね	Editional	
サッカー	ジャマル・アル・シャリフですね	Editional	
国際	ジャマル・アル・シャリフですね	Editional	
辻	旧辻元家住宅ですね	Editional	
家	旧辻元家住宅ですね	Editional	
屋敷	旧辻元家住宅ですね	Editional	
平野郷	旧辻元家住宅ですね	Editional	
住宅	旧辻元家住宅ですね	Editional	
柴	ANOTHER:WORLD (柴咲コウの曲)ですね	Editional	
咲	ANOTHER:WORLD (柴咲コウの曲)ですね	Editional	
コウ	ANOTHER:WORLD (柴咲コウの曲)ですね	Editional	
曲	ANOTHER:WORLD (柴咲コウの曲)ですね	Editional	
シングル	ANOTHER:WORLD (柴咲コウの曲)ですね	Editional	
リビア	クリストファー・スティーブンスですね	Editional	
大学	クリストファー・スティーブンスですね	Editional	
ベンガジ	クリストファー・スティーブンスですね	Editional	
アメリカ合衆国	クリストファー・スティーブンスですね	Editional	
カリフォルニア	クリストファー・スティーブンスですね	Editional	
月	三輪徳寛ですね	Editional	
明治	三輪徳寛ですね	Editional	
徳	三輪徳寛ですね	Editional	
寛	三輪徳寛ですね	Editional	
大学	三輪徳寛ですね	Editional	
山本	山本忠通ですね	Editional	
忠	山本忠通ですね	Editional	
国際	山本忠通ですね	Editional	
やまもと	山本忠通ですね	Editional	
ただ	山本忠通ですね	Editional	
松木	松木邦裕ですね	Editional	
邦裕	松木邦裕ですね	Editional	
精神	松木邦裕ですね	Editional	
まつ	松木邦裕ですね	Editional	
くに	松木邦裕ですね	Editional	
アジア	アリ・アル・バドワウィですね	Editional	
カップ	アリ・アル・バドワウィですね	Editional	
サッカー	アリ・アル・バドワウィですね	Editional	
主審	アリ・アル・バドワウィですね	Editional	
リスト	アリ・アル・バドワウィですね	Editional	
人事	大信田雅二ですね	Editional	
月	大信田雅二ですね	Editional	
報道局	大信田雅二ですね	Editional	
部長	大信田雅二ですね	Editional	
テレビ東京	大信田雅二ですね	Editional	
精神	狩野力八郎ですね	Editional	
医学	狩野力八郎ですね	Editional	
教授	狩野力八郎ですね	Editional	
医学部	狩野力八郎ですね	Editional	
東海大学	狩野力八郎ですね	Editional	
月	アリス・ドラモンドですね	Editional	
アリス	アリス・ドラモンドですね	Editional	
ドラモンド	アリス・ドラモンドですね	Editional	
出身	アリス・ドラモンドですね	Editional	
アメリカ合衆国	アリス・ドラモンドですね	Editional	
小倉	小倉清ですね	Editional	
清	小倉清ですね	Editional	
精神	小倉清ですね	Editional	
おぐら	小倉清ですね	Editional	
きよし	小倉清ですね	Editional	
植物	ジャック＝ジュリアン・ラビヤルディエールですね	Editional	
フランス	ジャック＝ジュリアン・ラビヤルディエールですね	Editional	
標本	ジャック＝ジュリアン・ラビヤルディエールですね	Editional	
オーストラリア	ジャック＝ジュリアン・ラビヤルディエールですね	Editional	
姓	ジャック＝ジュリアン・ラビヤルディエールですね	Editional	
ワールドカップ	アリ・ブジサイムですね	Editional	
主審	アリ・ブジサイムですね	Editional	
サッカー	アリ・ブジサイムですね	Editional	
大会	アリ・ブジサイムですね	Editional	
カップ	アリ・ブジサイムですね	Editional	
空手	藤田勝太郎ですね	Editional	
藤田	藤田勝太郎ですね	Editional	
武	藤田勝太郎ですね	Editional	
福島	藤田勝太郎ですね	Editional	
勝太郎	藤田勝太郎ですね	Editional	
シンセサイザー	森達彦ですね	Editional	
レコード	森達彦ですね	Editional	
森	森達彦ですね	Editional	
達彦	森達彦ですね	Editional	
プログラマー	森達彦ですね	Editional	
川畑	川畑ですね	Editional	
一つ	川畑ですね	Editional	
日本人	川畑ですね	Editional	
姓	川畑ですね	Editional	
鹿児島	川畑ですね	Editional	
店舗	川畑 (企業)ですね	Editional	
家具	川畑 (企業)ですね	Editional	
平成	川畑 (企業)ですね	Editional	
ホームセンター	川畑 (企業)ですね	Editional	
事業	川畑 (企業)ですね	Editional	
和歌山放送	中川智美ですね	Editional	
中川	中川智美ですね	Editional	
智美	中川智美ですね	Editional	
なか	中川智美ですね	Editional	
月	中川智美ですね	Editional	
丸田	丸田俊彦ですね	Editional	
俊彦	丸田俊彦ですね	Editional	
精神	丸田俊彦ですね	Editional	
としひこ	丸田俊彦ですね	Editional	
月	丸田俊彦ですね	Editional	
岡野	岡野憲一郎ですね	Editional	
憲一郎	岡野憲一郎ですね	Editional	
医学	岡野憲一郎ですね	Editional	
精神	岡野憲一郎ですね	Editional	
けんいち	岡野憲一郎ですね	Editional	
教授	藤山直樹ですね	Editional	
東京大学	藤山直樹ですね	Editional	
医学部	藤山直樹ですね	Editional	
精神	藤山直樹ですね	Editional	
病院	藤山直樹ですね	Editional	
成田	成田善弘ですね	Editional	
善弘	成田善弘ですね	Editional	
精神	成田善弘ですね	Editional	
教授	成田善弘ですね	Editional	
臨床	成田善弘ですね	Editional	
昭和	伊藤哲雄ですね	Editional	
特命	伊藤哲雄ですね	Editional	
伊藤	伊藤哲雄ですね	Editional	
哲雄	伊藤哲雄ですね	Editional	
全権	伊藤哲雄ですね	Editional	
潮来	潮来バイパスですね	Editional	
バイパス	潮来バイパスですね	Editional	
東	潮来バイパスですね	Editional	
関東	潮来バイパスですね	Editional	
自動車	潮来バイパスですね	Editional	
理学	嶋作一大ですね	Editional	
東京大学	嶋作一大ですね	Editional	
天文学	嶋作一大ですね	Editional	
銀河	嶋作一大ですね	Editional	
大学院	嶋作一大ですね	Editional	
松島	松島新ですね	Editional	
ジャーナリスト	松島新ですね	Editional	
ソニー	松島新ですね	Editional	
情報	松島新ですね	Editional	
まつ	松島新ですね	Editional	
紅雲	吉永南央ですね	Editional	
吉永	吉永南央ですね	Editional	
南央	吉永南央ですね	Editional	
小説	吉永南央ですね	Editional	
草	吉永南央ですね	Editional	
岡山	岡山玲子ですね	Editional	
玲子	岡山玲子ですね	Editional	
テレビ東京	岡山玲子ですね	Editional	
アナウンサー	岡山玲子ですね	Editional	
東海	岡山玲子ですね	Editional	
ロンドン	ナタリー・ドーマーですね	Editional	
ナタリー	ナタリー・ドーマーですね	Editional	
月	ナタリー・ドーマーですね	Editional	
イギリス	ナタリー・ドーマーですね	Editional	
女優	ナタリー・ドーマーですね	Editional	
平尾	平尾圭吾ですね	Editional	
圭吾	平尾圭吾ですね	Editional	
大映	平尾圭吾ですね	Editional	
けい	平尾圭吾ですね	Editional	
日本	平尾圭吾ですね	Editional	
月	桂秀馬ですね	Editional	
明治	桂秀馬ですね	Editional	
大学	桂秀馬ですね	Editional	
侍医	桂秀馬ですね	Editional	
外科	桂秀馬ですね	Editional	
ケリー	ケリー・キングですね	Editional	
キング	ケリー・キングですね	Editional	
ギタリスト	ケリー・キングですね	Editional	
ギター	ケリー・キングですね	Editional	
きっかけ	ケリー・キングですね	Editional	
梁	梁鶴善ですね	Editional	
鶴	梁鶴善ですね	Editional	
善	梁鶴善ですね	Editional	
韓国	梁鶴善ですね	Editional	
跳馬	梁鶴善ですね	Editional	
佐	佐宗鈴夫ですね	Editional	
宗	佐宗鈴夫ですね	Editional	
鈴夫	佐宗鈴夫ですね	Editional	
仏文	佐宗鈴夫ですね	Editional	
すず	佐宗鈴夫ですね	Editional	
ギター	ジェフ・ハンネマンですね	Editional	
月	ジェフ・ハンネマンですね	Editional	
ケリー	ジェフ・ハンネマンですね	Editional	
キング	ジェフ・ハンネマンですね	Editional	
ジェフ	ジェフ・ハンネマンですね	Editional	
野方	野方インターチェンジですね	Editional	
インターチェンジ	野方インターチェンジですね	Editional	
がた	野方インターチェンジですね	Editional	
鹿児島	野方インターチェンジですね	Editional	
曽於	野方インターチェンジですね	Editional	
北代	北代堅助ですね	Editional	
堅助	北代堅助ですね	Editional	
堅	北代堅助ですね	Editional	
月	北代堅助ですね	Editional	
土佐	北代堅助ですね	Editional	
脚本	笹木恵水ですね	Editional	
映画	笹木恵水ですね	Editional	
短編	笹木恵水ですね	Editional	
デジタル	笹木恵水ですね	Editional	
作品	笹木恵水ですね	Editional	
植物	カール・ルートヴィヒ・ヴィルデノウですね	Editional	
地理	カール・ルートヴィヒ・ヴィルデノウですね	Editional	
ベルリン	カール・ルートヴィヒ・ヴィルデノウですね	Editional	
学者	カール・ルートヴィヒ・ヴィルデノウですね	Editional	
カール	カール・ルートヴィヒ・ヴィルデノウですね	Editional	
月	セントールの悩みですね	Editional	
形態	セントールの悩みですね	Editional	
作品	セントールの悩みですね	Editional	
姫	セントールの悩みですね	Editional	
悩み	セントールの悩みですね	Editional	
番組	テリー伊藤のフライデースクープ そこまで言うか!ですね	Editional	
月	テリー伊藤のフライデースクープ そこまで言うか!ですね	Editional	
テリー	テリー伊藤のフライデースクープ そこまで言うか!ですね	Editional	
フライデー	テリー伊藤のフライデースクープ そこまで言うか!ですね	Editional	
ばん	テリー伊藤のフライデースクープ そこまで言うか!ですね	Editional	
オーストラリア	スチュアート・チャレンダーですね	Editional	
月	スチュアート・チャレンダーですね	Editional	
音楽	スチュアート・チャレンダーですね	Editional	
交響	スチュアート・チャレンダーですね	Editional	
シドニー	スチュアート・チャレンダーですね	Editional	
勝どき	勝どきビュータワーですね	Editional	
東京	勝どきビュータワーですね	Editional	
事業	勝どきビュータワーですね	Editional	
月	勝どきビュータワーですね	Editional	
中央	勝どきビュータワーですね	Editional	
サム	サム・ヒルですね	Editional	
ヒル	サム・ヒルですね	Editional	
月	サム・ヒルですね	Editional	
オーストラリア	サム・ヒルですね	Editional	
出身	サム・ヒルですね	Editional	
藤牧	藤牧祥吾ですね	Editional	
祥	藤牧祥吾ですね	Editional	
吾	藤牧祥吾ですね	Editional	
ふじ	藤牧祥吾ですね	Editional	
まき	藤牧祥吾ですね	Editional	
岩崎	岩崎城ですね	Editional	
城	岩崎城ですね	Editional	
いわさき	岩崎城ですね	Editional	
日本	岩崎城ですね	Editional	
複数	岩崎城ですね	Editional	
税関	堀米ゆず子ですね	Editional	
堀米	堀米ゆず子ですね	Editional	
バイオリン	堀米ゆず子ですね	Editional	
音楽	堀米ゆず子ですね	Editional	
フランクフルト	堀米ゆず子ですね	Editional	
中村	中村賢治ですね	Editional	
賢治	中村賢治ですね	Editional	
なか	中村賢治ですね	Editional	
むら	中村賢治ですね	Editional	
益田	益田美都道路ですね	Editional	
美都	益田美都道路ですね	Editional	
バイパス	益田美都道路ですね	Editional	
道路	益田美都道路ですね	Editional	
国道	益田美都道路ですね	Editional	
英語	マイ・ディアですね	Editional	
成	荒尾成直ですね	Editional	
荒尾	荒尾成直ですね	Editional	
家老	荒尾成直ですね	Editional	
寛永	荒尾成直ですね	Editional	
藩主	荒尾成直ですね	Editional	
佐	佐渡島志郎ですね	Editional	
渡島	佐渡島志郎ですね	Editional	
志郎	佐渡島志郎ですね	Editional	
外務省	佐渡島志郎ですね	Editional	
特命	佐渡島志郎ですね	Editional	
村井	村井勝ですね	Editional	
勝	村井勝ですね	Editional	
株式会社	村井勝ですね	Editional	
むら	村井勝ですね	Editional	
日本	村井勝ですね	Editional	
長山	長山串ですね	Editional	
串	長山串ですね	Editional	
海	長山串ですね	Editional	
北	長山串ですね	Editional	
地域	長山串ですね	Editional	
マイケル	マイケル・ヴァン・ヴァルケンバーグですね	Editional	
大学	マイケル・ヴァン・ヴァルケンバーグですね	Editional	
都市	マイケル・ヴァン・ヴァルケンバーグですね	Editional	
プロジェクト	マイケル・ヴァン・ヴァルケンバーグですね	Editional	
ニューヨーク	マイケル・ヴァン・ヴァルケンバーグですね	Editional	
花田	花田吉隆ですね	Editional	
吉隆	花田吉隆ですね	Editional	
平成	花田吉隆ですね	Editional	
東ティモール	花田吉隆ですね	Editional	
大使	花田吉隆ですね	Editional	
ラグビー	正智深谷高等学校ですね	Editional	
深谷	正智深谷高等学校ですね	Editional	
システム	正智深谷高等学校ですね	Editional	
全国	正智深谷高等学校ですね	Editional	
智	正智深谷高等学校ですね	Editional	
ナレーション	永井涼ですね	Editional	
永井	永井涼ですね	Editional	
涼	永井涼ですね	Editional	
日本	永井涼ですね	Editional	
レギュラー	永井涼ですね	Editional	
毛利	毛利吉盛ですね	Editional	
月	毛利吉盛ですね	Editional	
藩士	毛利吉盛ですね	Editional	
中岡	毛利吉盛ですね	Editional	
明治	毛利吉盛ですね	Editional	
コンピュータ	アーサー・サミュエルですね	Editional	
サミュエル	アーサー・サミュエルですね	Editional	
世界	アーサー・サミュエルですね	Editional	
関数	アーサー・サミュエルですね	Editional	
チェッカー	アーサー・サミュエルですね	Editional	
ラグビー	中村賢治 (ラグビー選手)ですね	Editional	
選手権	中村賢治 (ラグビー選手)ですね	Editional	
日本	中村賢治 (ラグビー選手)ですね	Editional	
早稲田大学	中村賢治 (ラグビー選手)ですね	Editional	
大学	中村賢治 (ラグビー選手)ですね	Editional	
衣笠	衣笠隆幸ですね	Editional	
隆幸	衣笠隆幸ですね	Editional	
精神	衣笠隆幸ですね	Editional	
きぬがさ	衣笠隆幸ですね	Editional	
日本	衣笠隆幸ですね	Editional	
作品	大沼紀子ですね	Editional	
大沼	大沼紀子ですね	Editional	
紀子	大沼紀子ですね	Editional	
脚本	大沼紀子ですね	Editional	
のりこ	大沼紀子ですね	Editional	
佐藤	佐藤志満ですね	Editional	
志満	佐藤志満ですね	Editional	
歌人	佐藤志満ですね	Editional	
さとう	佐藤志満ですね	Editional	
しま	佐藤志満ですね	Editional	
女子	深野悦子ですね	Editional	
主審	深野悦子ですね	Editional	
ワールドカップ	深野悦子ですね	Editional	
深野	深野悦子ですね	Editional	
悦子	深野悦子ですね	Editional	
岩崎	岩崎徹也ですね	Editional	
徹也	岩崎徹也ですね	Editional	
精神	岩崎徹也ですね	Editional	
いわさき	岩崎徹也ですね	Editional	
てつ	岩崎徹也ですね	Editional	
月	野上真司ですね	Editional	
世界	野上真司ですね	Editional	
フライ	野上真司ですね	Editional	
王者	野上真司ですね	Editional	
好川	野上真司ですね	Editional	
伊藤	伊藤洸ですね	Editional	
洸	伊藤洸ですね	Editional	
精神	伊藤洸ですね	Editional	
いとう	伊藤洸ですね	Editional	
こう	伊藤洸ですね	Editional	
月	エドワード・ムヒカですね	Editional	
傘下	エドワード・ムヒカですね	Editional	
シーズン	エドワード・ムヒカですね	Editional	
マイナー	エドワード・ムヒカですね	Editional	
選手	エドワード・ムヒカですね	Editional	
ゲイ	ルミエール (ゲイショップ)ですね	Editional	
ルミ	ルミエール (ゲイショップ)ですね	Editional	
エール	ルミエール (ゲイショップ)ですね	Editional	
メモワール	ルミエール (ゲイショップ)ですね	Editional	
メーカー	ルミエール (ゲイショップ)ですね	Editional	
安芸	安芸自動車学校ですね	Editional	
自動車	安芸自動車学校ですね	Editional	
高知	安芸自動車学校ですね	Editional	
学校	安芸自動車学校ですね	Editional	
有限	安芸自動車学校ですね	Editional	
家具	堀雄一朗ですね	Editional	
上海	堀雄一朗ですね	Editional	
堀	堀雄一朗ですね	Editional	
雄一朗	堀雄一朗ですね	Editional	
イタリア	堀雄一朗ですね	Editional	
月	白木優子ですね	Editional	
女優	白木優子ですね	Editional	
白木	白木優子ですね	Editional	
優子	白木優子ですね	Editional	
マドンナ	白木優子ですね	Editional	
清	七戸朝清ですね	Editional	
久慈	七戸朝清ですね	Editional	
七戸	七戸朝清ですね	Editional	
系図	七戸朝清ですね	Editional	
朝	七戸朝清ですね	Editional	
月	三浦恵理子ですね	Editional	
女優	三浦恵理子ですね	Editional	
三浦	三浦恵理子ですね	Editional	
恵理子	三浦恵理子ですね	Editional	
みうら	三浦恵理子ですね	Editional	
張	洗張ですね	Editional	
洗	洗張ですね	Editional	
はり	洗張ですね	Editional	
張物	洗張ですね	Editional	
世紀	洗張ですね	Editional	
昭和	葛西康ですね	Editional	
月	葛西康ですね	Editional	
会	葛西康ですね	Editional	
秋田大学	葛西康ですね	Editional	
青森	葛西康ですね	Editional	
望遠鏡	三神泉ですね	Editional	
三神	三神泉ですね	Editional	
泉	三神泉ですね	Editional	
すばる	三神泉ですね	Editional	
みか	三神泉ですね	Editional	
大会	久木直子ですね	Editional	
車いす	久木直子ですね	Editional	
陸上	久木直子ですね	Editional	
久木	久木直子ですね	Editional	
直子	久木直子ですね	Editional	
四足	いとうけんいちですね	Editional	
いとう	いとうけんいちですね	Editional	
会社	いとうけんいちですね	Editional	
けんいち	いとうけんいちですね	Editional	
世界	いとうけんいちですね	Editional	
月	優希美青ですね	Editional	
出身	優希美青ですね	Editional	
青	優希美青ですね	Editional	
優	優希美青ですね	Editional	
希美	優希美青ですね	Editional	
山崎	山崎行雄ですね	Editional	
行雄	山崎行雄ですね	Editional	
株式会社	山崎行雄ですね	Editional	
ゆき	山崎行雄ですね	Editional	
月	山崎行雄ですね	Editional	
月	ジョセフ・アクパラですね	Editional	
シーズン	ジョセフ・アクパラですね	Editional	
ナイジェリア	ジョセフ・アクパラですね	Editional	
リーグ	ジョセフ・アクパラですね	Editional	
ホーム	ジョセフ・アクパラですね	Editional	
南谷	南谷龍ですね	Editional	
龍	南谷龍ですね	Editional	
福井	南谷龍ですね	Editional	
みなみ	南谷龍ですね	Editional	
りゅう	南谷龍ですね	Editional	
伊藤	伊藤昇 (技術者)ですね	Editional	
昇	伊藤昇 (技術者)ですね	Editional	
技術	伊藤昇 (技術者)ですね	Editional	
いとう	伊藤昇 (技術者)ですね	Editional	
のぼる	伊藤昇 (技術者)ですね	Editional	
名和	名和武ですね	Editional	
海軍	名和武ですね	Editional	
技術	名和武ですね	Editional	
部長	名和武ですね	Editional	
電池	名和武ですね	Editional	
藤原	藤原長川ですね	Editional	
宝亀	藤原長川ですね	Editional	
長川	藤原長川ですね	Editional	
相模	藤原長川ですね	Editional	
ふじ	藤原長川ですね	Editional	
王座	ルーカス・マティセーですね	Editional	
月	ルーカス・マティセーですね	Editional	
世界	ルーカス・マティセーですね	Editional	
スーパー	ルーカス・マティセーですね	Editional	
ライト	ルーカス・マティセーですね	Editional	
藤原	藤原河主ですね	Editional	
河	藤原河主ですね	Editional	
豊前	藤原河主ですね	Editional	
朝	藤原河主ですね	Editional	
ふじ	藤原河主ですね	Editional	
役	朝香みぃあですね	Editional	
朝香	朝香みぃあですね	Editional	
声優	朝香みぃあですね	Editional	
ゲーム	朝香みぃあですね	Editional	
小西	朝香みぃあですね	Editional	
選手権	今駒憲二ですね	Editional	
大会	今駒憲二ですね	Editional	
日本	今駒憲二ですね	Editional	
ラグビーフットボール	今駒憲二ですね	Editional	
駒	今駒憲二ですね	Editional	
月	ミッチェル・ボッグスですね	Editional	
マイナー	ミッチェル・ボッグスですね	Editional	
ソックス	ミッチェル・ボッグスですね	Editional	
アメリカ合衆国	ミッチェル・ボッグスですね	Editional	
出身	ミッチェル・ボッグスですね	Editional	
昭和	桑原福保ですね	Editional	
山梨	桑原福保ですね	Editional	
月	桑原福保ですね	Editional	
桑原	桑原福保ですね	Editional	
福	桑原福保ですね	Editional	
市長	遠藤忠 (政治家)ですね	Editional	
遠藤	遠藤忠 (政治家)ですね	Editional	
月	遠藤忠 (政治家)ですね	Editional	
矢板	遠藤忠 (政治家)ですね	Editional	
平成	遠藤忠 (政治家)ですね	Editional	
山本	山本恭子 (画家)ですね	Editional	
恭子	山本恭子 (画家)ですね	Editional	
画家	山本恭子 (画家)ですね	Editional	
日本	山本恭子 (画家)ですね	Editional	
美術	山本恭子 (画家)ですね	Editional	
遠藤	遠藤忠ですね	Editional	
忠	遠藤忠ですね	Editional	
教授	遠藤忠ですね	Editional	
本宮	本宮市立本宮第二中学校ですね	Editional	
中学校	本宮市立本宮第二中学校ですね	Editional	
市立	本宮市立本宮第二中学校ですね	Editional	
りつ	本宮市立本宮第二中学校ですね	Editional	
だい	本宮市立本宮第二中学校ですね	Editional	
松崎	松崎町立松崎小学校ですね	Editional	
小学校	松崎町立松崎小学校ですね	Editional	
町立	松崎町立松崎小学校ですね	Editional	
まつ	松崎町立松崎小学校ですね	Editional	
静岡	松崎町立松崎小学校ですね	Editional	
精神	林直樹ですね	Editional	
医学	林直樹ですね	Editional	
医学部	林直樹ですね	Editional	
教授	林直樹ですね	Editional	
東京	林直樹ですね	Editional	
法学	加藤紘捷ですね	Editional	
日本	加藤紘捷ですね	Editional	
大学	加藤紘捷ですね	Editional	
教授	加藤紘捷ですね	Editional	
加藤	加藤紘捷ですね	Editional	
さくら	小田さくらですね	Editional	
小田	小田さくらですね	Editional	
おだ	小田さくらですね	Editional	
モーニング	小田さくらですね	Editional	
娘	小田さくらですね	Editional	
吉元	吉元ますめですね	Editional	
ます	吉元ますめですね	Editional	
日本	吉元ますめですね	Editional	
漫画	吉元ますめですね	Editional	
新潟	吉元ますめですね	Editional	
丸	和浦丸ですね	Editional	
月	和浦丸ですね	Editional	
船団	和浦丸ですね	Editional	
浦	和浦丸ですね	Editional	
和	和浦丸ですね	Editional	
競輪	増茂るるこですね	Editional	
学校	増茂るるこですね	Editional	
月	増茂るるこですね	Editional	
増茂	増茂るるこですね	Editional	
こ	増茂るるこですね	Editional	
月	パトリック・カーペンティアですね	Editional	
チーム	パトリック・カーペンティアですね	Editional	
シリーズ	パトリック・カーペンティアですね	Editional	
レース	パトリック・カーペンティアですね	Editional	
シーズン	パトリック・カーペンティアですね	Editional	
植物	ハインリヒ・グスタフ・ライヘンバッハですね	Editional	
ラン	ハインリヒ・グスタフ・ライヘンバッハですね	Editional	
資料	ハインリヒ・グスタフ・ライヘンバッハですね	Editional	
ドイツ	ハインリヒ・グスタフ・ライヘンバッハですね	Editional	
学者	ハインリヒ・グスタフ・ライヘンバッハですね	Editional	
竹治	大久保竹治ですね	Editional	
百貨店	大久保竹治ですね	Editional	
飯能	大久保竹治ですね	Editional	
丸木	大久保竹治ですね	Editional	
丸	大久保竹治ですね	Editional	
静岡	麻見和也ですね	Editional	
麻	麻見和也ですね	Editional	
和也	麻見和也ですね	Editional	
ダニー	麻見和也ですね	Editional	
飯田	麻見和也ですね	Editional	
剣	るろうに剣心 -明治剣客浪漫譚- (アニメ)ですね	Editional	
アニメ	るろうに剣心 -明治剣客浪漫譚- (アニメ)ですね	Editional	
月	るろうに剣心 -明治剣客浪漫譚- (アニメ)ですね	Editional	
時雨	るろうに剣心 -明治剣客浪漫譚- (アニメ)ですね	Editional	
原作	るろうに剣心 -明治剣客浪漫譚- (アニメ)ですね	Editional	
月	ライアン・ドンクですね	Editional	
オランダ	ライアン・ドンクですね	Editional	
アムステルダム	ライアン・ドンクですね	Editional	
出身	ライアン・ドンクですね	Editional	
サッカー	ライアン・ドンクですね	Editional	
日本	永尾俊一ですね	Editional	
地域	永尾俊一ですね	Editional	
永尾	永尾俊一ですね	Editional	
俊一	永尾俊一ですね	Editional	
白	永尾俊一ですね	Editional	
原	原良枝ですね	Editional	
良枝	原良枝ですね	Editional	
文化	原良枝ですね	Editional	
講師	原良枝ですね	Editional	
本名	原良枝ですね	Editional	
学部	藤田昌士ですね	Editional	
道徳	藤田昌士ですね	Editional	
東京大学	藤田昌士ですね	Editional	
教授	藤田昌士ですね	Editional	
段階	藤田昌士ですね	Editional	
五十嵐	五十嵐治義ですね	Editional	
治義	五十嵐治義ですね	Editional	
薬学	五十嵐治義ですね	Editional	
奥羽大学	五十嵐治義ですね	Editional	
歯科	五十嵐治義ですね	Editional	
岡部	岡部マイカ工業所ですね	Editional	
製品	岡部マイカ工業所ですね	Editional	
安川電機	岡部マイカ工業所ですね	Editional	
マイ	岡部マイカ工業所ですね	Editional	
工業	岡部マイカ工業所ですね	Editional	
上野	上野真衣ですね	Editional	
真衣	上野真衣ですね	Editional	
月	上野真衣ですね	Editional	
日本	上野真衣ですね	Editional	
ヨガ	上野真衣ですね	Editional	
大栄	大栄拡幅ですね	Editional	
拡幅	大栄拡幅ですね	Editional	
区間	大栄拡幅ですね	Editional	
桜田	大栄拡幅ですね	Editional	
権	大栄拡幅ですね	Editional	
教授	中村通夫ですね	Editional	
中村	中村通夫ですね	Editional	
通夫	中村通夫ですね	Editional	
中央大学	中村通夫ですね	Editional	
なか	中村通夫ですね	Editional	
大矢	大矢梨華子ですね	Editional	
梨	大矢梨華子ですね	Editional	
華子	大矢梨華子ですね	Editional	
アイドル	大矢梨華子ですね	Editional	
かこ	大矢梨華子ですね	Editional	
月	ジョン・ポター (アメリカンフットボール)ですね	Editional	
アメリカンフットボール	ジョン・ポター (アメリカンフットボール)ですね	Editional	
ミシガン	ジョン・ポター (アメリカンフットボール)ですね	Editional	
キックオフ	ジョン・ポター (アメリカンフットボール)ですね	Editional	
ジョン	ジョン・ポター (アメリカンフットボール)ですね	Editional	
学校	殿前康雄ですね	Editional	
東京	殿前康雄ですね	Editional	
都立	殿前康雄ですね	Editional	
殿	殿前康雄ですね	Editional	
校長	殿前康雄ですね	Editional	
経済	リチャード・ゼックハウザーですね	Editional	
リチャード	リチャード・ゼックハウザーですね	Editional	
アメリカ	リチャード・ゼックハウザーですね	Editional	
学者	リチャード・ゼックハウザーですね	Editional	
ハーバード	リチャード・ゼックハウザーですね	Editional	
世界	山口観弘ですね	Editional	
選手	山口観弘ですね	Editional	
平泳ぎ	山口観弘ですね	Editional	
大会	山口観弘ですね	Editional	
山口	山口観弘ですね	Editional	
国文学	福田真久ですね	Editional	
教授	福田真久ですね	Editional	
福田	福田真久ですね	Editional	
真久	福田真久ですね	Editional	
国語	福田真久ですね	Editional	
中泊	中泊町立武田小学校ですね	Editional	
町立	中泊町立武田小学校ですね	Editional	
小学校	中泊町立武田小学校ですね	Editional	
武田	中泊町立武田小学校ですね	Editional	
富野	中泊町立武田小学校ですね	Editional	
すみ	おおすみ (曖昧さ回避)ですね	Editional	
大隅	おおすみ (曖昧さ回避)ですね	Editional	
日本	おおすみ (曖昧さ回避)ですね	Editional	
鹿児島	おおすみ (曖昧さ回避)ですね	Editional	
東部	おおすみ (曖昧さ回避)ですね	Editional	
月	馬場勇気ですね	Editional	
パン	馬場勇気ですね	Editional	
クラス	馬場勇気ですね	Editional	
選手権	馬場勇気ですね	Editional	
フェザー	馬場勇気ですね	Editional	
スコット	スコット・マクドナルド (曖昧さ回避)ですね	Editional	
マクドナルド	スコット・マクドナルド (曖昧さ回避)ですね	Editional	
小説	白鳥士郎ですね	Editional	
出身	白鳥士郎ですね	Editional	
作品	白鳥士郎ですね	Editional	
岐阜	白鳥士郎ですね	Editional	
多治見	白鳥士郎ですね	Editional	
ディズニー	ディズニージュニアですね	Editional	
チャンネル	ディズニージュニアですね	Editional	
月	ディズニージュニアですね	Editional	
番組	ディズニージュニアですね	Editional	
スカ	ディズニージュニアですね	Editional	
奈良	大森久司ですね	Editional	
議員	大森久司ですね	Editional	
参議院	大森久司ですね	Editional	
電気	大森久司ですね	Editional	
大森	大森久司ですね	Editional	
制度	阿部重孝ですね	Editional	
月	阿部重孝ですね	Editional	
阿部	阿部重孝ですね	Editional	
重孝	阿部重孝ですね	Editional	
大学	阿部重孝ですね	Editional	
平田	平田 (三木市)ですね	Editional	
三木	平田 (三木市)ですね	Editional	
大字	平田 (三木市)ですね	Editional	
西側	平田 (三木市)ですね	Editional	
南側	平田 (三木市)ですね	Editional	
櫛笥	櫛笥隆致ですね	Editional	
隆	櫛笥隆致ですね	Editional	
左大臣	櫛笥隆致ですね	Editional	
隆昌	櫛笥隆致ですね	Editional	
四条	櫛笥隆致ですね	Editional	
大学	マリオ・シェトナンですね	Editional	
メキシコ	マリオ・シェトナンですね	Editional	
都市	マリオ・シェトナンですね	Editional	
公園	マリオ・シェトナンですね	Editional	
カリフォルニア	マリオ・シェトナンですね	Editional	
大江	GOLDEN☆BEST 大江千里ですね	Editional	
千里	GOLDEN☆BEST 大江千里ですね	Editional	
ベスト	GOLDEN☆BEST 大江千里ですね	Editional	
ゴールデン	GOLDEN☆BEST 大江千里ですね	Editional	
アルバム	GOLDEN☆BEST 大江千里ですね	Editional	
漫画	津野裕子ですね	Editional	
富山	津野裕子ですね	Editional	
ガロ	津野裕子ですね	Editional	
同人	津野裕子ですね	Editional	
作家	津野裕子ですね	Editional	
ジャン	ジャン5世 (ブルターニュ公)ですね	Editional	
公	ジャン5世 (ブルターニュ公)ですね	Editional	
ブルターニュ	ジャン5世 (ブルターニュ公)ですね	Editional	
フランス	ジャン5世 (ブルターニュ公)ですね	Editional	
イングランド	ジャン5世 (ブルターニュ公)ですね	Editional	
きん	きんちゃんですね	Editional	
固有名詞	きんちゃんですね	Editional	
詞	きんちゃんですね	Editional	
敬称	きんちゃんですね	Editional	
語	きんちゃんですね	Editional	
月	大久保琴ですね	Editional	
大久保	大久保琴ですね	Editional	
女性	大久保琴ですね	Editional	
世界	大久保琴ですね	Editional	
高齢	大久保琴ですね	Editional	
ホー	ホーセンス・フィヨルドですね	Editional	
センス	ホーセンス・フィヨルドですね	Editional	
フィヨルド	ホーセンス・フィヨルドですね	Editional	
湾	ホーセンス・フィヨルドですね	Editional	
湾口	ホーセンス・フィヨルドですね	Editional	
言語	廣谷昌子ですね	Editional	
大学	廣谷昌子ですね	Editional	
科学	廣谷昌子ですね	Editional	
廣	廣谷昌子ですね	Editional	
谷	廣谷昌子ですね	Editional	
非情	おれは非情勤ですね	Editional	
勤	おれは非情勤ですね	Editional	
短編	おれは非情勤ですね	Editional	
学研	おれは非情勤ですね	Editional	
科学	おれは非情勤ですね	Editional	
鉄道	天春文衛ですね	Editional	
天	天春文衛ですね	Editional	
春	天春文衛ですね	Editional	
文衛	天春文衛ですね	Editional	
月	天春文衛ですね	Editional	
久間	飯塚事件ですね	Editional	
事件	飯塚事件ですね	Editional	
月	飯塚事件ですね	Editional	
福岡	飯塚事件ですね	Editional	
女児	飯塚事件ですね	Editional	
平成	長嶺安政ですね	Editional	
昭和	長嶺安政ですね	Editional	
月	長嶺安政ですね	Editional	
日本	長嶺安政ですね	Editional	
長嶺	長嶺安政ですね	Editional	
紀州	塩路嘉一郎ですね	Editional	
明治	塩路嘉一郎ですね	Editional	
嘉一郎	塩路嘉一郎ですね	Editional	
塩路	塩路嘉一郎ですね	Editional	
塾	塩路嘉一郎ですね	Editional	
山形	山形県立村山特別支援学校ですね	Editional	
学校	山形県立村山特別支援学校ですね	Editional	
県立	山形県立村山特別支援学校ですね	Editional	
村山	山形県立村山特別支援学校ですね	Editional	
りつ	山形県立村山特別支援学校ですね	Editional	
北村	北村優希ですね	Editional	
優希	北村優希ですね	Editional	
むら	北村優希ですね	Editional	
月	北村優希ですね	Editional	
日本	北村優希ですね	Editional	
秋田	山内 (秋田市)ですね	Editional	
山内	山内 (秋田市)ですね	Editional	
旭川	山内 (秋田市)ですね	Editional	
月	山内 (秋田市)ですね	Editional	
北東	山内 (秋田市)ですね	Editional	
後藤	後藤福基ですね	Editional	
基	後藤福基ですね	Editional	
福	後藤福基ですね	Editional	
時代	後藤福基ですね	Editional	
土佐	後藤福基ですね	Editional	
義	佐竹義郷ですね	Editional	
佐竹	佐竹義郷ですね	Editional	
山入	佐竹義郷ですね	Editional	
松平	佐竹義郷ですね	Editional	
郷	佐竹義郷ですね	Editional	
義	佐竹祐義ですね	Editional	
祐	佐竹祐義ですね	Editional	
佐竹	佐竹祐義ですね	Editional	
俊	佐竹祐義ですね	Editional	
義人	佐竹祐義ですね	Editional	
佐竹	佐竹義知 (山入佐竹氏)ですね	Editional	
義	佐竹義知 (山入佐竹氏)ですね	Editional	
山入	佐竹義知 (山入佐竹氏)ですね	Editional	
義知	佐竹義知 (山入佐竹氏)ですね	Editional	
弟	佐竹義知 (山入佐竹氏)ですね	Editional	
義	佐竹義藤ですね	Editional	
佐竹	佐竹義藤ですね	Editional	
藤	佐竹義藤ですね	Editional	
山入	佐竹義藤ですね	Editional	
舜	佐竹義藤ですね	Editional	
英文	早川敦子 (英文学者)ですね	Editional	
早川	早川敦子 (英文学者)ですね	Editional	
敦子	早川敦子 (英文学者)ですね	Editional	
学者	早川敦子 (英文学者)ですね	Editional	
津田塾大学	早川敦子 (英文学者)ですね	Editional	
フィギュア	キム・ジンソですね	Editional	
スケート	キム・ジンソですね	Editional	
キム	キム・ジンソですね	Editional	
ジン	キム・ジンソですね	Editional	
ソ	キム・ジンソですね	Editional	
宗	入沢宗寿ですね	Editional	
入沢	入沢宗寿ですね	Editional	
寿	入沢宗寿ですね	Editional	
月	入沢宗寿ですね	Editional	
東京	入沢宗寿ですね	Editional	
劉	劉摯ですね	Editional	
月	劉摯ですね	Editional	
党	劉摯ですね	Editional	
新法	劉摯ですね	Editional	
言	劉摯ですね	Editional	
サック	ライアン・ケリガンですね	Editional	
月	ライアン・ケリガンですね	Editional	
選手	ライアン・ケリガンですね	Editional	
大学	ライアン・ケリガンですね	Editional	
チーム	ライアン・ケリガンですね	Editional	
親	北畠守親ですね	Editional	
守	北畠守親ですね	Editional	
浪岡	北畠守親ですね	Editional	
正平	北畠守親ですね	Editional	
北畠	北畠守親ですね	Editional	
藤井	R&R (藤井フミヤのアルバム)ですね	Editional	
フミヤ	R&R (藤井フミヤのアルバム)ですね	Editional	
アルバム	R&R (藤井フミヤのアルバム)ですね	Editional	
ロックンロール	R&R (藤井フミヤのアルバム)ですね	Editional	
日本	R&R (藤井フミヤのアルバム)ですね	Editional	
大脇	大脇直美ですね	Editional	
直美	大脇直美ですね	Editional	
講師	大脇直美ですね	Editional	
ボー	大脇直美ですね	Editional	
マン	大脇直美ですね	Editional	
心理	アレクサンドル・ネチャーエフですね	Editional	
月	アレクサンドル・ネチャーエフですね	Editional	
ロシア	アレクサンドル・ネチャーエフですね	Editional	
学校	アレクサンドル・ネチャーエフですね	Editional	
アレクサンドル	アレクサンドル・ネチャーエフですね	Editional	
外科	南雲吉則ですね	Editional	
医大	南雲吉則ですね	Editional	
南雲	南雲吉則ですね	Editional	
吉則	南雲吉則ですね	Editional	
乳腺	南雲吉則ですね	Editional	
つよし	川上つよしですね	Editional	
川上	川上つよしですね	Editional	
昭和	川上つよしですね	Editional	
月	川上つよしですね	Editional	
日本	川上つよしですね	Editional	
アルバム	奇妙な果実 (藤井フミヤのアルバム)ですね	Editional	
果実	奇妙な果実 (藤井フミヤのアルバム)ですね	Editional	
藤井	奇妙な果実 (藤井フミヤのアルバム)ですね	Editional	
フミヤ	奇妙な果実 (藤井フミヤのアルバム)ですね	Editional	
前作	奇妙な果実 (藤井フミヤのアルバム)ですね	Editional	
塚田	塚田徹ですね	Editional	
議員	塚田徹ですね	Editional	
衆議院	塚田徹ですね	Editional	
新潟	塚田徹ですね	Editional	
内閣	塚田徹ですね	Editional	
福岡	合馬敬ですね	Editional	
合馬	合馬敬ですね	Editional	
議員	合馬敬ですね	Editional	
自民党	合馬敬ですね	Editional	
参議院	合馬敬ですね	Editional	
月	サム・レキュアですね	Editional	
シティ	サム・レキュアですね	Editional	
プロ	サム・レキュアですね	Editional	
右	サム・レキュアですね	Editional	
レッズ	サム・レキュアですね	Editional	
日本	ジョン・スペンサー・ブルース・エクスプロージョンですね	Editional	
バンド	ジョン・スペンサー・ブルース・エクスプロージョンですね	Editional	
ギター	ジョン・スペンサー・ブルース・エクスプロージョンですね	Editional	
ジョン	ジョン・スペンサー・ブルース・エクスプロージョンですね	Editional	
楽曲	ジョン・スペンサー・ブルース・エクスプロージョンですね	Editional	
イタリア	フランコ・カラッチオーロですね	Editional	
管弦楽	フランコ・カラッチオーロですね	Editional	
ナポリ	フランコ・カラッチオーロですね	Editional	
首席	フランコ・カラッチオーロですね	Editional	
月	フランコ・カラッチオーロですね	Editional	
タオル	丸山タオルですね	Editional	
丸山	丸山タオルですね	Editional	
株式会社	丸山タオルですね	Editional	
まるや	丸山タオルですね	Editional	
愛媛	丸山タオルですね	Editional	
教授	八巻俊雄ですね	Editional	
八巻	八巻俊雄ですね	Editional	
俊雄	八巻俊雄ですね	Editional	
日本	八巻俊雄ですね	Editional	
東京経済大学	八巻俊雄ですね	Editional	
月	戸塚純貴ですね	Editional	
戸塚	戸塚純貴ですね	Editional	
純	戸塚純貴ですね	Editional	
俳優	戸塚純貴ですね	Editional	
盛岡	戸塚純貴ですね	Editional	
月	アーマンド・アレンですね	Editional	
大学	アーマンド・アレンですね	Editional	
チーム	アーマンド・アレンですね	Editional	
ラン	アーマンド・アレンですね	Editional	
トップ	アーマンド・アレンですね	Editional	
山口	山口裕加里ですね	Editional	
裕加里	山口裕加里ですね	Editional	
ひかり	山口裕加里ですね	Editional	
月	山口裕加里ですね	Editional	
ゲスト	山口裕加里ですね	Editional	
郡	シャーバーン郡 (ミネソタ州)ですね	Editional	
人口	シャーバーン郡 (ミネソタ州)ですね	Editional	
国勢調査	シャーバーン郡 (ミネソタ州)ですね	Editional	
マイル	シャーバーン郡 (ミネソタ州)ですね	Editional	
シャー	シャーバーン郡 (ミネソタ州)ですね	Editional	
経済	マイケル・ボスキンですね	Editional	
マイケル	マイケル・ボスキンですね	Editional	
ボス	マイケル・ボスキンですね	Editional	
キン	マイケル・ボスキンですね	Editional	
大統領	マイケル・ボスキンですね	Editional	
人形	加藤暁子ですね	Editional	
劇	加藤暁子ですね	Editional	
演劇	加藤暁子ですね	Editional	
日本	加藤暁子ですね	Editional	
連盟	加藤暁子ですね	Editional	
作品	小田和正の作品一覧ですね	Editional	
小田	小田和正の作品一覧ですね	Editional	
和正	小田和正の作品一覧ですね	Editional	
まさの	小田和正の作品一覧ですね	Editional	
いち	小田和正の作品一覧ですね	Editional	
神社	中村八幡神社 (神戸市)ですね	Editional	
中村	中村八幡神社 (神戸市)ですね	Editional	
八幡	中村八幡神社 (神戸市)ですね	Editional	
神戸	中村八幡神社 (神戸市)ですね	Editional	
なか	中村八幡神社 (神戸市)ですね	Editional	
佐藤	佐藤翼ですね	Editional	
翼	佐藤翼ですね	Editional	
埼玉	佐藤翼ですね	Editional	
さとう	佐藤翼ですね	Editional	
つばさ	佐藤翼ですね	Editional	
月	ボリス・イェシポフですね	Editional	
ボリス	ボリス・イェシポフですね	Editional	
ユリウス	ボリス・イェシポフですね	Editional	
ロシア	ボリス・イェシポフですね	Editional	
ソビエト	ボリス・イェシポフですね	Editional	
陽子	藤岡陽子ですね	Editional	
小説	藤岡陽子ですね	Editional	
藤岡	藤岡陽子ですね	Editional	
京都	藤岡陽子ですね	Editional	
文学	藤岡陽子ですね	Editional	
斎藤	斎藤澪奈子ですね	Editional	
澪	斎藤澪奈子ですね	Editional	
月	斎藤澪奈子ですね	Editional	
タレント	斎藤澪奈子ですね	Editional	
著書	斎藤澪奈子ですね	Editional	
月	後藤正晴ですね	Editional	
後藤	後藤正晴ですね	Editional	
土佐	後藤正晴ですね	Editional	
天保	後藤正晴ですね	Editional	
正晴	後藤正晴ですね	Editional	
議員	田中松月ですね	Editional	
日本	田中松月ですね	Editional	
僧侶	田中松月ですね	Editional	
部落	田中松月ですね	Editional	
衆議院	田中松月ですね	Editional	
茉莉	さんた茉莉ですね	Editional	
まつり	さんた茉莉ですね	Editional	
月	さんた茉莉ですね	Editional	
日本	さんた茉莉ですね	Editional	
女性	さんた茉莉ですね	Editional	
月	小堀勝啓の新栄トークジャンボリーですね	Editional	
番組	小堀勝啓の新栄トークジャンボリーですね	Editional	
トーク	小堀勝啓の新栄トークジャンボリーですね	Editional	
小堀	小堀勝啓の新栄トークジャンボリーですね	Editional	
勝	小堀勝啓の新栄トークジャンボリーですね	Editional	
韓国	竹島問題外交交渉史ですね	Editional	
日本	竹島問題外交交渉史ですね	Editional	
竹島	竹島問題外交交渉史ですね	Editional	
月	竹島問題外交交渉史ですね	Editional	
米国	竹島問題外交交渉史ですね	Editional	
愛	橋爪愛ですね	Editional	
月	橋爪愛ですね	Editional	
モデル	橋爪愛ですね	Editional	
日本	橋爪愛ですね	Editional	
ラン	橋爪愛ですね	Editional	
梶原	梶原平三誉石切ですね	Editional	
太夫	梶原平三誉石切ですね	Editional	
初代	梶原平三誉石切ですね	Editional	
大庭	梶原平三誉石切ですね	Editional	
刀	梶原平三誉石切ですね	Editional	
月	ブライアン・ボグセビッチですね	Editional	
メジャー	ブライアン・ボグセビッチですね	Editional	
マイナー	ブライアン・ボグセビッチですね	Editional	
ブライアン	ブライアン・ボグセビッチですね	Editional	
本塁打	ブライアン・ボグセビッチですね	Editional	
月	上原花恋ですね	Editional	
上原	上原花恋ですね	Editional	
花	上原花恋ですね	Editional	
恋	上原花恋ですね	Editional	
かれん	上原花恋ですね	Editional	
京都	松本雅彦ですね	Editional	
精神	松本雅彦ですね	Editional	
教授	松本雅彦ですね	Editional	
病院	松本雅彦ですね	Editional	
松本	松本雅彦ですね	Editional	
ホーン	トーマス・ホーンですね	Editional	
アメリカ	トーマス・ホーンですね	Editional	
映画	トーマス・ホーンですね	Editional	
オスカー	トーマス・ホーンですね	Editional	
シェル	トーマス・ホーンですね	Editional	
浜田	浜田健一郎ですね	Editional	
健一郎	浜田健一郎ですね	Editional	
委員	浜田健一郎ですね	Editional	
はま	浜田健一郎ですね	Editional	
けんいち	浜田健一郎ですね	Editional	
チリ	ボルハ・ウイドブロですね	Editional	
フランス	ボルハ・ウイドブロですね	Editional	
作品	ボルハ・ウイドブロですね	Editional	
都市	ボルハ・ウイドブロですね	Editional	
サンティアゴ	ボルハ・ウイドブロですね	Editional	
月	アレクサンドル・アルセニエフですね	Editional	
科学	アレクサンドル・アルセニエフですね	Editional	
アカデミー	アレクサンドル・アルセニエフですね	Editional	
ロシア	アレクサンドル・アルセニエフですね	Editional	
共和	アレクサンドル・アルセニエフですね	Editional	
倉田	倉田マユミですね	Editional	
マユミ	倉田マユミですね	Editional	
文学	倉田マユミですね	Editional	
京都	倉田マユミですね	Editional	
映画	倉田マユミですね	Editional	
ブリ	ブリトニー・ジョーンズですね	Editional	
トニー	ブリトニー・ジョーンズですね	Editional	
ジョーンズ	ブリトニー・ジョーンズですね	Editional	
月	ブリトニー・ジョーンズですね	Editional	
カナダ	ブリトニー・ジョーンズですね	Editional	
センター	エリック・ウッドですね	Editional	
大学	エリック・ウッドですね	Editional	
月	エリック・ウッドですね	Editional	
ドラフト	エリック・ウッドですね	Editional	
オフェンス	エリック・ウッドですね	Editional	
アン	ブーヴロン＝アン＝オージュですね	Editional	
フランス	ブーヴロン＝アン＝オージュですね	Editional	
ノルマンディー	ブーヴロン＝アン＝オージュですね	Editional	
地方	ブーヴロン＝アン＝オージュですね	Editional	
公爵	ブーヴロン＝アン＝オージュですね	Editional	
ボーナス	クレアの秘宝伝〜はじまりの扉と太陽の石〜ですね	Editional	
種類	クレアの秘宝伝〜はじまりの扉と太陽の石〜ですね	Editional	
秘宝	クレアの秘宝伝〜はじまりの扉と太陽の石〜ですね	Editional	
ビッグ	クレアの秘宝伝〜はじまりの扉と太陽の石〜ですね	Editional	
クレア	クレアの秘宝伝〜はじまりの扉と太陽の石〜ですね	Editional	
月	アレクサンドル・ドイチュですね	Editional	
天文台	アレクサンドル・ドイチュですね	Editional	
天文学	アレクサンドル・ドイチュですね	Editional	
天文	アレクサンドル・ドイチュですね	Editional	
小惑星	アレクサンドル・ドイチュですね	Editional	
忍	忍ビノエデンですね	Editional	
しの	忍ビノエデンですね	Editional	
中村	忍ビノエデンですね	Editional	
啓	忍ビノエデンですね	Editional	
日本	忍ビノエデンですね	Editional	
月	アンドレ・パトリーですね	Editional	
アンドレ	アンドレ・パトリーですね	Editional	
パ	アンドレ・パトリーですね	Editional	
トリー	アンドレ・パトリーですね	Editional	
小惑星	アンドレ・パトリーですね	Editional	
下北	下北以上 原宿未満ですね	Editional	
原宿	下北以上 原宿未満ですね	Editional	
たいじ	下北以上 原宿未満ですね	Editional	
日本	下北以上 原宿未満ですね	Editional	
歌手	下北以上 原宿未満ですね	Editional	
月	石原武龍ですね	Editional	
石原	石原武龍ですね	Editional	
武	石原武龍ですね	Editional	
脚本	石原武龍ですね	Editional	
龍	石原武龍ですね	Editional	
田	毎田周一ですね	Editional	
学校	毎田周一ですね	Editional	
周一	毎田周一ですね	Editional	
月	毎田周一ですね	Editional	
仏教	毎田周一ですね	Editional	
西川	西川町立西川小学校ですね	Editional	
小学校	西川町立西川小学校ですね	Editional	
町立	西川町立西川小学校ですね	Editional	
ちょう	西川町立西川小学校ですね	Editional	
りつ	西川町立西川小学校ですね	Editional	
バドミントン	水井妃佐子ですね	Editional	
女子	水井妃佐子ですね	Editional	
シングルス	水井妃佐子ですね	Editional	
日本	水井妃佐子ですね	Editional	
大和高田	水井妃佐子ですね	Editional	
レナウン	今井和也ですね	Editional	
ハルビン	今井和也ですね	Editional	
テレビ	今井和也ですね	Editional	
東京	今井和也ですね	Editional	
美術	今井和也ですね	Editional	
月	宮井えりなですね	Editional	
宮井	宮井えりなですね	Editional	
えり	宮井えりなですね	Editional	
女優	宮井えりなですね	Editional	
みや	宮井えりなですね	Editional	
家老	荒尾成昭ですね	Editional	
荒尾	荒尾成昭ですね	Editional	
享	荒尾成昭ですね	Editional	
成昭	荒尾成昭ですね	Editional	
成	荒尾成昭ですね	Editional	
水越	水越健一ですね	Editional	
健一	水越健一ですね	Editional	
日本	水越健一ですね	Editional	
山尾	水越健一ですね	Editional	
敦史	水越健一ですね	Editional	
月	市橋直歩ですね	Editional	
モデル	市橋直歩ですね	Editional	
市橋	市橋直歩ですね	Editional	
直	市橋直歩ですね	Editional	
歩	市橋直歩ですね	Editional	
経済	ローラ・タイソンですね	Editional	
ローラ	ローラ・タイソンですね	Editional	
タイソン	ローラ・タイソンですね	Editional	
委員	ローラ・タイソンですね	Editional	
最低	ローラ・タイソンですね	Editional	
月	玉木正英ですね	Editional	
神道	玉木正英ですね	Editional	
玉木	玉木正英ですね	Editional	
正英	玉木正英ですね	Editional	
たまき	玉木正英ですね	Editional	
神社	豊福阿蘇神社ですね	Editional	
阿蘇	豊福阿蘇神社ですね	Editional	
豊福	豊福阿蘇神社ですね	Editional	
郷社	豊福阿蘇神社ですね	Editional	
八幡	豊福阿蘇神社ですね	Editional	
ゴール	欠端瑛子ですね	Editional	
ボール	欠端瑛子ですね	Editional	
欠	欠端瑛子ですね	Editional	
選手	欠端瑛子ですね	Editional	
瑛子	欠端瑛子ですね	Editional	
動物	アンドリュー・スミス (動物学者)ですね	Editional	
軍医	アンドリュー・スミス (動物学者)ですね	Editional	
南アフリカ	アンドリュー・スミス (動物学者)ですね	Editional	
スミス	アンドリュー・スミス (動物学者)ですね	Editional	
学者	アンドリュー・スミス (動物学者)ですね	Editional	
震	朝倉震陵ですね	Editional	
徳山	朝倉震陵ですね	Editional	
父	朝倉震陵ですね	Editional	
朝倉	朝倉震陵ですね	Editional	
陵	朝倉震陵ですね	Editional	
岩佐	岩佐ですね	Editional	
月	朝倉等泉ですね	Editional	
泉	朝倉等泉ですね	Editional	
朝倉	朝倉等泉ですね	Editional	
等	朝倉等泉ですね	Editional	
明和	朝倉等泉ですね	Editional	
月	朝倉等月ですね	Editional	
朝倉	朝倉等月ですね	Editional	
等	朝倉等月ですね	Editional	
宝	朝倉等月ですね	Editional	
徳山	朝倉等月ですね	Editional	
ソマリア	ハッサン・シェイク・モハムドですね	Editional	
大統領	ハッサン・シェイク・モハムドですね	Editional	
月	ハッサン・シェイク・モハムドですね	Editional	
大学	ハッサン・シェイク・モハムドですね	Editional	
国際	ハッサン・シェイク・モハムドですね	Editional	
谷本	なまえ (谷本賢一郎の曲)ですね	Editional	
賢一郎	なまえ (谷本賢一郎の曲)ですね	Editional	
楽曲	なまえ (谷本賢一郎の曲)ですね	Editional	
シングル	なまえ (谷本賢一郎の曲)ですね	Editional	
月	なまえ (谷本賢一郎の曲)ですね	Editional	
谷	谷東ですね	Editional	
東	谷東ですね	Editional	
あづま	谷東ですね	Editional	
月	谷東ですね	Editional	
兵庫	谷東ですね	Editional	
竹内	竹内章ですね	Editional	
章	竹内章ですね	Editional	
アナウンサー	竹内章ですね	Editional	
たけ	竹内章ですね	Editional	
月	竹内章ですね	Editional	
原	原秀二ですね	Editional	
秀二	原秀二ですね	Editional	
月	原秀二ですね	Editional	
石川テレビ放送	原秀二ですね	Editional	
アナウンサー	原秀二ですね	Editional	
ジャン	ノジャンですね	Editional	
フランス語	ノジャンですね	Editional	
地名	ノジャンですね	Editional	
姓	ノジャンですね	Editional	
ガ	ノジャンですね	Editional	
アリ	アリアンロッド2E・リプレイ・キャプテンREDですね	Editional	
アン	アリアンロッド2E・リプレイ・キャプテンREDですね	Editional	
ロッド	アリアンロッド2E・リプレイ・キャプテンREDですね	Editional	
島	アリアンロッド2E・リプレイ・キャプテンREDですね	Editional	
ゲーム	アリアンロッド2E・リプレイ・キャプテンREDですね	Editional	
荒尾	荒尾成昌ですね	Editional	
成	荒尾成昌ですね	Editional	
寺	荒尾成昌ですね	Editional	
米子	荒尾成昌ですね	Editional	
享	荒尾成昌ですね	Editional	
ドッド	チャールズ・ドッドですね	Editional	
大学	チャールズ・ドッドですね	Editional	
チャールズ	チャールズ・ドッドですね	Editional	
月	チャールズ・ドッドですね	Editional	
学者	チャールズ・ドッドですね	Editional	
番組	西田隆一ですね	Editional	
映像	西田隆一ですね	Editional	
音声	西田隆一ですね	Editional	
作家	西田隆一ですね	Editional	
テレビ	西田隆一ですね	Editional	
麻田	麻田直養ですね	Editional	
直	麻田直養ですね	Editional	
養	麻田直養ですね	Editional	
土佐	麻田直養ですね	Editional	
さだ	麻田直養ですね	Editional	
月	ドリーナ姫童話―クイーン・ヴィクトリア冒険譚ですね	Editional	
プリンセス	ドリーナ姫童話―クイーン・ヴィクトリア冒険譚ですね	Editional	
姫	ドリーナ姫童話―クイーン・ヴィクトリア冒険譚ですね	Editional	
南	ドリーナ姫童話―クイーン・ヴィクトリア冒険譚ですね	Editional	
茶	ドリーナ姫童話―クイーン・ヴィクトリア冒険譚ですね	Editional	
月	藤井サチですね	Editional	
モデル	藤井サチですね	Editional	
藤井	藤井サチですね	Editional	
父	藤井サチですね	Editional	
出身	藤井サチですね	Editional	
並木	並木浩一ですね	Editional	
浩一	並木浩一ですね	Editional	
なみ	並木浩一ですね	Editional	
いち	並木浩一ですね	Editional	
教授	並木浩一 (神学者)ですね	Editional	
国際基督教大学	並木浩一 (神学者)ですね	Editional	
並木	並木浩一 (神学者)ですね	Editional	
浩一	並木浩一 (神学者)ですね	Editional	
神学	並木浩一 (神学者)ですね	Editional	
演劇	大内厚雄ですね	Editional	
集団	大内厚雄ですね	Editional	
キャラメル	大内厚雄ですね	Editional	
ボックス	大内厚雄ですね	Editional	
大内	大内厚雄ですね	Editional	
古河	古河地方航空機乗員養成所ですね	Editional	
茨城	古河地方航空機乗員養成所ですね	Editional	
航空機	古河地方航空機乗員養成所ですね	Editional	
乗員	古河地方航空機乗員養成所ですね	Editional	
航空局	古河地方航空機乗員養成所ですね	Editional	
玉木	START (玉木宏のアルバム)ですね	Editional	
アルバム	START (玉木宏のアルバム)ですね	Editional	
宏	START (玉木宏のアルバム)ですね	Editional	
絆	START (玉木宏のアルバム)ですね	Editional	
月	START (玉木宏のアルバム)ですね	Editional	
教授	鈴木佳秀ですね	Editional	
大学院	鈴木佳秀ですね	Editional	
課程	鈴木佳秀ですね	Editional	
博士	鈴木佳秀ですね	Editional	
鈴木	鈴木佳秀ですね	Editional	
航空	香取航空基地ですね	Editional	
基地	香取航空基地ですね	Editional	
香取	香取航空基地ですね	Editional	
匝瑳	香取航空基地ですね	Editional	
千葉	香取航空基地ですね	Editional	
伯	フィリップ2世 (シャウムブルク＝リッペ伯)ですね	Editional	
月	フィリップ2世 (シャウムブルク＝リッペ伯)ですね	Editional	
フィリップ	フィリップ2世 (シャウムブルク＝リッペ伯)ですね	Editional	
間	フィリップ2世 (シャウムブルク＝リッペ伯)ですね	Editional	
ヴァイ	フィリップ2世 (シャウムブルク＝リッペ伯)ですね	Editional	
劇団	大森美紀子ですね	Editional	
大森	大森美紀子ですね	Editional	
美紀子	大森美紀子ですね	Editional	
ぶた	大森美紀子ですね	Editional	
アート	大森美紀子ですね	Editional	
中村	中村恵子 (女優)ですね	Editional	
恵子	中村恵子 (女優)ですね	Editional	
女優	中村恵子 (女優)ですね	Editional	
演劇	中村恵子 (女優)ですね	Editional	
集団	中村恵子 (女優)ですね	Editional	
ひろみ	伊藤ひろみですね	Editional	
伊藤	伊藤ひろみですね	Editional	
成井	伊藤ひろみですね	Editional	
豊	伊藤ひろみですね	Editional	
いとう	伊藤ひろみですね	Editional	
レース	前田淳 (レーサー)ですね	Editional	
マン	前田淳 (レーサー)ですね	Editional	
月	前田淳 (レーサー)ですね	Editional	
日本人	前田淳 (レーサー)ですね	Editional	
前田	前田淳 (レーサー)ですね	Editional	
月	菅野良一ですね	Editional	
菅野	菅野良一ですね	Editional	
良一	菅野良一ですね	Editional	
愛媛大学	菅野良一ですね	Editional	
す	菅野良一ですね	Editional	
ジャック	ジャック・シモンですね	Editional	
シモン	ジャック・シモンですね	Editional	
写真	ジャック・シモンですね	Editional	
作品	ジャック・シモンですね	Editional	
フランス	ジャック・シモンですね	Editional	
石原	石原善暢ですね	Editional	
善	石原善暢ですね	Editional	
暢	石原善暢ですね	Editional	
劇団	石原善暢ですね	Editional	
しのぶ	石原善暢ですね	Editional	
東	東多江子ですね	Editional	
多江子	東多江子ですね	Editional	
脚本	東多江子ですね	Editional	
ひがし	東多江子ですね	Editional	
日本	東多江子ですね	Editional	
栗林	栗林輝夫ですね	Editional	
輝夫	栗林輝夫ですね	Editional	
関西学院大学	栗林輝夫ですね	Editional	
教授	栗林輝夫ですね	Editional	
助教授	栗林輝夫ですね	Editional	
月	船本弘毅ですね	Editional	
関西学院大学	船本弘毅ですね	Editional	
神学	船本弘毅ですね	Editional	
大学院	船本弘毅ですね	Editional	
大学	船本弘毅ですね	Editional	
競輪	中川大祐ですね	Editional	
中川	中川大祐ですね	Editional	
選手	中川大祐ですね	Editional	
乗用車	中川大祐ですね	Editional	
月	中川大祐ですね	Editional	
月	カルロス・エルナンデス・バルベルデですね	Editional	
ゴール	カルロス・エルナンデス・バルベルデですね	Editional	
シーズン	カルロス・エルナンデス・バルベルデですね	Editional	
リーグ	カルロス・エルナンデス・バルベルデですね	Editional	
メルボルン	カルロス・エルナンデス・バルベルデですね	Editional	
テレビ	ルーシー・ヘイルですね	Editional	
ドラマ	ルーシー・ヘイルですね	Editional	
月	ルーシー・ヘイルですね	Editional	
シリーズ	ルーシー・ヘイルですね	Editional	
ルーシー	ルーシー・ヘイルですね	Editional	
左近	左近淑ですね	Editional	
淑	左近淑ですね	Editional	
月	左近淑ですね	Editional	
日本	左近淑ですね	Editional	
聖書	左近淑ですね	Editional	
神学	荒井章三ですね	Editional	
教授	荒井章三ですね	Editional	
荒井	荒井章三ですね	Editional	
章三	荒井章三ですね	Editional	
神戸	荒井章三ですね	Editional	
玉木	Times... (玉木宏のアルバム)ですね	Editional	
アルバム	Times... (玉木宏のアルバム)ですね	Editional	
宏	Times... (玉木宏のアルバム)ですね	Editional	
タイムズ	Times... (玉木宏のアルバム)ですね	Editional	
月	Times... (玉木宏のアルバム)ですね	Editional	
アルバム	RIPPLE (玉木宏のアルバム)ですね	Editional	
玉木	RIPPLE (玉木宏のアルバム)ですね	Editional	
宏	RIPPLE (玉木宏のアルバム)ですね	Editional	
月	RIPPLE (玉木宏のアルバム)ですね	Editional	
初	RIPPLE (玉木宏のアルバム)ですね	Editional	
阿南	阿南中継局 (徳島県)ですね	Editional	
徳島	阿南中継局 (徳島県)ですね	Editional	
美波	阿南中継局 (徳島県)ですね	Editional	
あな	阿南中継局 (徳島県)ですね	Editional	
テレビジョン	阿南中継局 (徳島県)ですね	Editional	
大学	並木浩一 (評論家)ですね	Editional	
芸術	並木浩一 (評論家)ですね	Editional	
横浜	並木浩一 (評論家)ですね	Editional	
教授	並木浩一 (評論家)ですね	Editional	
並木	並木浩一 (評論家)ですね	Editional	
園長	秋田稔ですね	Editional	
秋田	秋田稔ですね	Editional	
稔	秋田稔ですね	Editional	
恵	秋田稔ですね	Editional	
泉	秋田稔ですね	Editional	
阿南	阿南内原中継局ですね	Editional	
徳島	阿南内原中継局ですね	Editional	
内原	阿南内原中継局ですね	Editional	
地上	阿南内原中継局ですね	Editional	
デジタル	阿南内原中継局ですね	Editional	
月	吾妻兼治郎ですね	Editional	
山形	吾妻兼治郎ですね	Editional	
吾妻	吾妻兼治郎ですね	Editional	
イタリア	吾妻兼治郎ですね	Editional	
ミラノ	吾妻兼治郎ですね	Editional	
植物	ホセ・モシーニョですね	Editional	
メキシコ	ホセ・モシーニョですね	Editional	
スペイン	ホセ・モシーニョですね	Editional	
学者	ホセ・モシーニョですね	Editional	
マドリード	ホセ・モシーニョですね	Editional	
神学	森田雄三郎ですね	Editional	
教授	森田雄三郎ですね	Editional	
月	森田雄三郎ですね	Editional	
日本	森田雄三郎ですね	Editional	
森田	森田雄三郎ですね	Editional	
ブルース	ブルース・コーデルですね	Editional	
ゲーム	ブルース・コーデルですね	Editional	
アドベンチャー	ブルース・コーデルですね	Editional	
デザイナー	ブルース・コーデルですね	Editional	
ソース	ブルース・コーデルですね	Editional	
トンネル	金山トンネルですね	Editional	
金山	金山トンネルですね	Editional	
区間	金山トンネルですね	Editional	
坂出	金山トンネルですね	Editional	
国道	金山トンネルですね	Editional	
神学	越川弘英ですね	Editional	
同志社大学	越川弘英ですね	Editional	
越川	越川弘英ですね	Editional	
弘	越川弘英ですね	Editional	
英	越川弘英ですね	Editional	
日本	佐藤繁彦ですね	Editional	
大正	佐藤繁彦ですね	Editional	
神学	佐藤繁彦ですね	Editional	
教会	佐藤繁彦ですね	Editional	
東京	佐藤繁彦ですね	Editional	
菅野	菅野儀作ですね	Editional	
儀	菅野儀作ですね	Editional	
月	菅野儀作ですね	Editional	
議員	菅野儀作ですね	Editional	
千葉	菅野儀作ですね	Editional	
岸	岸明日香ですね	Editional	
明日香	岸明日香ですね	Editional	
月	岸明日香ですね	Editional	
グラビア	岸明日香ですね	Editional	
オスカー	岸明日香ですね	Editional	
月	七森中♪ふぇすてぃばるですね	Editional	
七森	七森中♪ふぇすてぃばるですね	Editional	
ゆり	七森中♪ふぇすてぃばるですね	Editional	
ライブ	七森中♪ふぇすてぃばるですね	Editional	
部	七森中♪ふぇすてぃばるですね	Editional	
岸本	岸本裕紀子ですね	Editional	
裕紀子	岸本裕紀子ですね	Editional	
大学	岸本裕紀子ですね	Editional	
ニューヨーク	岸本裕紀子ですね	Editional	
ゆきこ	岸本裕紀子ですね	Editional	
本山	本山茂良ですね	Editional	
土佐	本山茂良ですね	Editional	
長宗我部	本山茂良ですね	Editional	
茂良	本山茂良ですね	Editional	
時代	本山茂良ですね	Editional	
芝田	芝田 (大阪市)ですね	Editional	
大阪	芝田 (大阪市)ですね	Editional	
北	芝田 (大阪市)ですね	Editional	
世帯	芝田 (大阪市)ですね	Editional	
中津	芝田 (大阪市)ですね	Editional	
月	ナカイの窓ですね	Editional	
番組	ナカイの窓ですね	Editional	
窓	ナカイの窓ですね	Editional	
心理	ナカイの窓ですね	Editional	
テーマ	ナカイの窓ですね	Editional	
栃内	栃内忠男ですね	Editional	
忠男	栃内忠男ですね	Editional	
美術	栃内忠男ですね	Editional	
協会	栃内忠男ですね	Editional	
会員	栃内忠男ですね	Editional	
月	カメレオですね	Editional	
バンド	カメレオですね	Editional	
カメ	カメレオですね	Editional	
レオ	カメレオですね	Editional	
メンバー	カメレオですね	Editional	
クレーター	ハーシェル (火星のクレーター)ですね	Editional	
ハー	ハーシェル (火星のクレーター)ですね	Editional	
シェル	ハーシェル (火星のクレーター)ですね	Editional	
火星	ハーシェル (火星のクレーター)ですね	Editional	
世紀	ハーシェル (火星のクレーター)ですね	Editional	
龍	鴨龍端ですね	Editional	
鴨	鴨龍端ですね	Editional	
海岸	鴨龍端ですね	Editional	
岬	鴨龍端ですね	Editional	
朝鮮民主主義人民共和国	鴨龍端ですね	Editional	
臣	大中臣子老ですね	Editional	
大中	大中臣子老ですね	Editional	
宝亀	大中臣子老ですね	Editional	
延	大中臣子老ですね	Editional	
朝臣	大中臣子老ですね	Editional	
成	荒尾成煕ですね	Editional	
荒尾	荒尾成煕ですね	Editional	
家老	荒尾成煕ですね	Editional	
米子	荒尾成煕ですね	Editional	
宝	荒尾成煕ですね	Editional	
サンディエゴ	ケイト・セッションズですね	Editional	
公園	ケイト・セッションズですね	Editional	
カリフォルニア	ケイト・セッションズですね	Editional	
園芸	ケイト・セッションズですね	Editional	
パシフィック	ケイト・セッションズですね	Editional	
清洲	清洲城武将隊桜華組ですね	Editional	
武将	清洲城武将隊桜華組ですね	Editional	
月	清洲城武将隊桜華組ですね	Editional	
イベント	清洲城武将隊桜華組ですね	Editional	
雷	清洲城武将隊桜華組ですね	Editional	
クレーター	ハーシェル (ミマスのクレーター)ですね	Editional	
ミマス	ハーシェル (ミマスのクレーター)ですね	Editional	
ハー	ハーシェル (ミマスのクレーター)ですね	Editional	
シェル	ハーシェル (ミマスのクレーター)ですね	Editional	
衛星	ハーシェル (ミマスのクレーター)ですね	Editional	
ハー	ハーシェル (クレーター)ですね	Editional	
シェル	ハーシェル (クレーター)ですね	Editional	
クレーター	ハーシェル (クレーター)ですね	Editional	
クイズ	小山鎮男ですね	Editional	
昭和	小山鎮男ですね	Editional	
小山	小山鎮男ですね	Editional	
囲碁	小山鎮男ですね	Editional	
棋士	小山鎮男ですね	Editional	
山本	山本伊三郎ですね	Editional	
伊三郎	山本伊三郎ですね	Editional	
月	山本伊三郎ですね	Editional	
学校	山本伊三郎ですね	Editional	
やまもと	山本伊三郎ですね	Editional	
繁子	松平繁子ですね	Editional	
脚本	松平繁子ですね	Editional	
佐藤	松平繁子ですね	Editional	
松平	松平繁子ですね	Editional	
まつ	松平繁子ですね	Editional	
社長	マーガレット・ローシュですね	Editional	
番組	マーガレット・ローシュですね	Editional	
月	マーガレット・ローシュですね	Editional	
サバ	マーガレット・ローシュですね	Editional	
マーガレット	マーガレット・ローシュですね	Editional	
中村	中村鎮ですね	Editional	
構造	中村鎮ですね	Editional	
工業	中村鎮ですね	Editional	
日本	中村鎮ですね	Editional	
鉄筋コンクリート	中村鎮ですね	Editional	
団体	ブライアン・バトンですね	Editional	
月	ブライアン・バトンですね	Editional	
ブライアン	ブライアン・バトンですね	Editional	
プロレスラー	ブライアン・バトンですね	Editional	
カリフォルニア	ブライアン・バトンですね	Editional	
東京	あきとですね	Editional	
あきと	あきとですね	Editional	
月	あきとですね	Editional	
日本	あきとですね	Editional	
タレント	あきとですね	Editional	
竹本	竹本洋介ですね	Editional	
洋介	竹本洋介ですね	Editional	
たけ	竹本洋介ですね	Editional	
月	竹本洋介ですね	Editional	
日本	竹本洋介ですね	Editional	
鉱業	ホージュンですね	Editional	
株式会社	ホージュンですね	Editional	
豊	ホージュンですね	Editional	
群馬	ホージュンですね	Editional	
安中	ホージュンですね	Editional	
今帰仁	今帰仁朝敷ですね	Editional	
月	今帰仁朝敷ですね	Editional	
敷	今帰仁朝敷ですね	Editional	
王子	今帰仁朝敷ですね	Editional	
朝	今帰仁朝敷ですね	Editional	
捕手	チャールズ・ジョンソン (野球)ですね	Editional	
ジョンソン	チャールズ・ジョンソン (野球)ですね	Editional	
野球	チャールズ・ジョンソン (野球)ですね	Editional	
月	チャールズ・ジョンソン (野球)ですね	Editional	
アメリカ合衆国	チャールズ・ジョンソン (野球)ですね	Editional	
アフマド	アフマド・シャー (ムガル皇帝)ですね	Editional	
シャー	アフマド・シャー (ムガル皇帝)ですね	Editional	
月	アフマド・シャー (ムガル皇帝)ですね	Editional	
デリー	アフマド・シャー (ムガル皇帝)ですね	Editional	
皇帝	アフマド・シャー (ムガル皇帝)ですね	Editional	
香川	大浦留市ですね	Editional	
オリンピック	大浦留市ですね	Editional	
大浦	大浦留市ですね	Editional	
留	大浦留市ですね	Editional	
日本	大浦留市ですね	Editional	
南	南壮一郎ですね	Editional	
スポーツ	南壮一郎ですね	Editional	
株式会社	南壮一郎ですね	Editional	
日本	南壮一郎ですね	Editional	
世界	南壮一郎ですね	Editional	
君主	アラー・ウッディーン・シカンダル・シャーですね	Editional	
アラー	アラー・ウッディーン・シカンダル・シャーですね	Editional	
生年	アラー・ウッディーン・シカンダル・シャーですね	Editional	
不詳	アラー・ウッディーン・シカンダル・シャーですね	Editional	
息子	アラー・ウッディーン・シカンダル・シャーですね	Editional	
北海道	柏倉早智子ですね	Editional	
学校	柏倉早智子ですね	Editional	
柏倉	柏倉早智子ですね	Editional	
早智子	柏倉早智子ですね	Editional	
日本	柏倉早智子ですね	Editional	
宇土	西岡神宮ですね	Editional	
西岡	西岡神宮ですね	Editional	
神宮	西岡神宮ですね	Editional	
熊本	西岡神宮ですね	Editional	
大神	西岡神宮ですね	Editional	
月	サウード・アル＝ファイサルですね	Editional	
大臣	サウード・アル＝ファイサルですね	Editional	
サウジアラビア	サウード・アル＝ファイサルですね	Editional	
国王	サウード・アル＝ファイサルですね	Editional	
外務	サウード・アル＝ファイサルですね	Editional	
月	西内文夫ですね	Editional	
丸亀	西内文夫ですね	Editional	
大会	西内文夫ですね	Editional	
西内	西内文夫ですね	Editional	
文夫	西内文夫ですね	Editional	
神崎	神崎ひさあきですね	Editional	
ひさ	神崎ひさあきですね	Editional	
オン	神崎ひさあきですね	Editional	
アルバム	神崎ひさあきですね	Editional	
アーティスト	神崎ひさあきですね	Editional	
マッカーサー	ジーン・マッカーサーですね	Editional	
月	ジーン・マッカーサーですね	Editional	
フィリピン	ジーン・マッカーサーですね	Editional	
マニラ	ジーン・マッカーサーですね	Editional	
コレヒドール	ジーン・マッカーサーですね	Editional	
番組	藤井健太郎 (TVプロデューサー)ですね	Editional	
プロデューサー	藤井健太郎 (TVプロデューサー)ですね	Editional	
テレビ	藤井健太郎 (TVプロデューサー)ですね	Editional	
藤井	藤井健太郎 (TVプロデューサー)ですね	Editional	
健太郎	藤井健太郎 (TVプロデューサー)ですね	Editional	
藤井	藤井健太郎ですね	Editional	
健太郎	藤井健太郎ですね	Editional	
ふじい	藤井健太郎ですね	Editional	
郡	クレイ郡 (ミネソタ州)ですね	Editional	
月	クレイ郡 (ミネソタ州)ですね	Editional	
クレイ	クレイ郡 (ミネソタ州)ですね	Editional	
アメリカ合衆国	クレイ郡 (ミネソタ州)ですね	Editional	
人口	クレイ郡 (ミネソタ州)ですね	Editional	
郡	ベッカー郡 (ミネソタ州)ですね	Editional	
ベッカー	ベッカー郡 (ミネソタ州)ですね	Editional	
月	ベッカー郡 (ミネソタ州)ですね	Editional	
ミネソタ	ベッカー郡 (ミネソタ州)ですね	Editional	
人口	ベッカー郡 (ミネソタ州)ですね	Editional	
ラグビー	李陽 (ラグビー選手)ですね	Editional	
中国	李陽 (ラグビー選手)ですね	Editional	
李	李陽 (ラグビー選手)ですね	Editional	
陽	李陽 (ラグビー選手)ですね	Editional	
選手	李陽 (ラグビー選手)ですね	Editional	
場所	北勝旺俊紀ですね	Editional	
月	北勝旺俊紀ですね	Editional	
八角	北勝旺俊紀ですね	Editional	
相撲	北勝旺俊紀ですね	Editional	
部屋	北勝旺俊紀ですね	Editional	
明治	本山白雲ですね	Editional	
銅像	本山白雲ですね	Editional	
白雲	本山白雲ですね	Editional	
美術	本山白雲ですね	Editional	
宿毛	本山白雲ですね	Editional	
直江	直江慶ですね	Editional	
慶	直江慶ですね	Editional	
イギリス	直江慶ですね	Editional	
けい	直江慶ですね	Editional	
月	直江慶ですね	Editional	
小川	小川真理子ですね	Editional	
真理子	小川真理子ですね	Editional	
明治大学	小川真理子ですね	Editional	
文学	小川真理子ですね	Editional	
佐佐木	小川真理子ですね	Editional	
愛香	忍パラサイトですね	Editional	
忍者	忍パラサイトですね	Editional	
忍	忍パラサイトですね	Editional	
漫画	忍パラサイトですね	Editional	
月	忍パラサイトですね	Editional	
アルバム	THE LEGEND (大江千里のアルバム)ですね	Editional	
大江千里	THE LEGEND (大江千里のアルバム)ですね	Editional	
大江	THE LEGEND (大江千里のアルバム)ですね	Editional	
千里	THE LEGEND (大江千里のアルバム)ですね	Editional	
ベスト	THE LEGEND (大江千里のアルバム)ですね	Editional	
王	遊☆戯☆王デュエルモンスターズ5 エキスパート1ですね	Editional	
エキスパート	遊☆戯☆王デュエルモンスターズ5 エキスパート1ですね	Editional	
カード	遊☆戯☆王デュエルモンスターズ5 エキスパート1ですね	Editional	
月	遊☆戯☆王デュエルモンスターズ5 エキスパート1ですね	Editional	
ソフト	遊☆戯☆王デュエルモンスターズ5 エキスパート1ですね	Editional	
演劇	阿部丈二ですね	Editional	
キャラメル	阿部丈二ですね	Editional	
ボックス	阿部丈二ですね	Editional	
阿部	阿部丈二ですね	Editional	
丈二	阿部丈二ですね	Editional	
渋沢	渋沢一葉ですね	Editional	
一葉	渋沢一葉ですね	Editional	
いよ	渋沢一葉ですね	Editional	
月	渋沢一葉ですね	Editional	
日本	渋沢一葉ですね	Editional	
篠田	篠田剛ですね	Editional	
剛	篠田剛ですね	Editional	
演劇	篠田剛ですね	Editional	
集団	篠田剛ですね	Editional	
キャラメル	篠田剛ですね	Editional	
バドミントン	中西洋介ですね	Editional	
大会	中西洋介ですね	Editional	
日本	中西洋介ですね	Editional	
選手権	中西洋介ですね	Editional	
香川	中西洋介ですね	Editional	
音楽	アラン・チャンですね	Editional	
チャン	アラン・チャンですね	Editional	
マイケル	アラン・チャンですね	Editional	
アラン	アラン・チャンですね	Editional	
ピアニスト	アラン・チャンですね	Editional	
演劇	前田綾ですね	Editional	
前田	前田綾ですね	Editional	
綾	前田綾ですね	Editional	
集団	前田綾ですね	Editional	
キャラメル	前田綾ですね	Editional	
タール	ジンタールですね	Editional	
ジン	ジンタールですね	Editional	
マイン	ジンタールですね	Editional	
町	ジンタールですね	Editional	
北	ジンタールですね	Editional	
歯科	北村一郎 (歯科医)ですね	Editional	
大学	北村一郎 (歯科医)ですね	Editional	
教室	北村一郎 (歯科医)ですね	Editional	
北村	北村一郎 (歯科医)ですね	Editional	
昭和	北村一郎 (歯科医)ですね	Editional	
境港	境港市立余子小学校ですね	Editional	
小学校	境港市立余子小学校ですね	Editional	
市立	境港市立余子小学校ですね	Editional	
余子	境港市立余子小学校ですね	Editional	
さかい	境港市立余子小学校ですね	Editional	
岡	岡内美喜子ですね	Editional	
美喜子	岡内美喜子ですね	Editional	
月	岡内美喜子ですね	Editional	
演劇	岡内美喜子ですね	Editional	
集団	岡内美喜子ですね	Editional	
成	荒尾成尚ですね	Editional	
家老	荒尾成尚ですね	Editional	
寛政	荒尾成尚ですね	Editional	
荒尾	荒尾成尚ですね	Editional	
米子	荒尾成尚ですね	Editional	
祭	祭囃子〜ゲームトリビュートですね	Editional	
囃子	祭囃子〜ゲームトリビュートですね	Editional	
ゲーム	祭囃子〜ゲームトリビュートですね	Editional	
月	祭囃子〜ゲームトリビュートですね	Editional	
コンピュータ	祭囃子〜ゲームトリビュートですね	Editional	
短歌	横山未来子ですね	Editional	
横山	横山未来子ですね	Editional	
未来	横山未来子ですね	Editional	
月	横山未来子ですね	Editional	
花	横山未来子ですね	Editional	
演劇	多田直人ですね	Editional	
多田	多田直人ですね	Editional	
直人	多田直人ですね	Editional	
月	多田直人ですね	Editional	
集団	多田直人ですね	Editional	
青森	青森ワッツですね	Editional	
チーム	青森ワッツですね	Editional	
シーズン	青森ワッツですね	Editional	
月	青森ワッツですね	Editional	
選手	青森ワッツですね	Editional	
藤岡	藤岡大橋ですね	Editional	
栃木	藤岡大橋ですね	Editional	
大橋	藤岡大橋ですね	Editional	
橋	藤岡大橋ですね	Editional	
上流	藤岡大橋ですね	Editional	
みき	市川みきですね	Editional	
市川	市川みきですね	Editional	
いち	市川みきですね	Editional	
月	市川みきですね	Editional	
日本	市川みきですね	Editional	
ルイス	ミン・ルイスですね	Editional	
ミン	ミン・ルイスですね	Editional	
庭園	ミン・ルイスですね	Editional	
ガーデン	ミン・ルイスですね	Editional	
建物	ミン・ルイスですね	Editional	
植物	アンドレ・トワンですね	Editional	
パリ	アンドレ・トワンですね	Editional	
フランス	アンドレ・トワンですね	Editional	
アンドレ	アンドレ・トワンですね	Editional	
学者	アンドレ・トワンですね	Editional	
歌集	大滝和子ですね	Editional	
和子	大滝和子ですね	Editional	
大滝	大滝和子ですね	Editional	
歌人	大滝和子ですね	Editional	
短歌	大滝和子ですね	Editional	
衣装	ヘレン・ローズですね	Editional	
ヘレン	ヘレン・ローズですね	Editional	
ローズ	ヘレン・ローズですね	Editional	
月	ヘレン・ローズですね	Editional	
衣裳	ヘレン・ローズですね	Editional	
吹奏楽	石田修一ですね	Editional	
大会	石田修一ですね	Editional	
日本	石田修一ですね	Editional	
音楽	石田修一ですね	Editional	
学校	石田修一ですね	Editional	
オーストラリア	ピーター・レヴィですね	Editional	
協会	ピーター・レヴィですね	Editional	
ピーター	ピーター・レヴィですね	Editional	
シドニー	ピーター・レヴィですね	Editional	
出身	ピーター・レヴィですね	Editional	
畑中	畑中智行ですね	Editional	
智行	畑中智行ですね	Editional	
月	畑中智行ですね	Editional	
演劇	畑中智行ですね	Editional	
集団	畑中智行ですね	Editional	
部門	ドナルド・ミッキーですね	Editional	
ミッキー	ドナルド・ミッキーですね	Editional	
暗号	ドナルド・ミッキーですね	Editional	
大学	ドナルド・ミッキーですね	Editional	
月	ドナルド・ミッキーですね	Editional	
マイ	マイ・フレンド・メモリーですね	Editional	
フレンド	マイ・フレンド・メモリーですね	Editional	
メモリー	マイ・フレンド・メモリーですね	Editional	
原題	マイ・フレンド・メモリーですね	Editional	
映画	マイ・フレンド・メモリーですね	Editional	
寺	永正寺 (江南市)ですね	Editional	
永	永正寺 (江南市)ですね	Editional	
正	永正寺 (江南市)ですね	Editional	
江南	永正寺 (江南市)ですね	Editional	
杉山	永正寺 (江南市)ですね	Editional	
日和佐	日和佐中継局ですね	Editional	
ラジオ	日和佐中継局ですね	Editional	
徳島	日和佐中継局ですね	Editional	
美波	日和佐中継局ですね	Editional	
テレビ	日和佐中継局ですね	Editional	
渋谷	太田あや子ですね	Editional	
太田	太田あや子ですね	Editional	
あや子	太田あや子ですね	Editional	
学校	太田あや子ですね	Editional	
あやこ	太田あや子ですね	Editional	
映画	オスカー・シーズンですね	Editional	
アカデミー	オスカー・シーズンですね	Editional	
オスカー	オスカー・シーズンですね	Editional	
シーズン	オスカー・シーズンですね	Editional	
スタジオ	オスカー・シーズンですね	Editional	
連隊	飯田連隊区ですね	Editional	
区域	飯田連隊区ですね	Editional	
陸軍	飯田連隊区ですね	Editional	
岐阜	飯田連隊区ですね	Editional	
飯田	飯田連隊区ですね	Editional	
連隊	熊谷連隊区ですね	Editional	
陸軍	熊谷連隊区ですね	Editional	
月	熊谷連隊区ですね	Editional	
熊谷	熊谷連隊区ですね	Editional	
大正	熊谷連隊区ですね	Editional	
連隊	若松連隊区ですね	Editional	
陸軍	若松連隊区ですね	Editional	
若松	若松連隊区ですね	Editional	
月	若松連隊区ですね	Editional	
明治	若松連隊区ですね	Editional	
連隊	村松連隊区ですね	Editional	
陸軍	村松連隊区ですね	Editional	
村松	村松連隊区ですね	Editional	
月	村松連隊区ですね	Editional	
明治	村松連隊区ですね	Editional	
月	春乃美月ですね	Editional	
青	春乃美月ですね	Editional	
ギター	春乃美月ですね	Editional	
春乃	春乃美月ですね	Editional	
美月	春乃美月ですね	Editional	
連隊	桑名連隊区ですね	Editional	
区域	桑名連隊区ですね	Editional	
陸軍	桑名連隊区ですね	Editional	
大正	桑名連隊区ですね	Editional	
月	桑名連隊区ですね	Editional	
月	河北尚広ですね	Editional	
日本	河北尚広ですね	Editional	
陸上	河北尚広ですね	Editional	
ハードル	河北尚広ですね	Editional	
香川	河北尚広ですね	Editional	
ドク	ドク (曖昧さ回避)ですね	Editional	
京都	小川佳世子ですね	Editional	
小川	小川佳世子ですね	Editional	
佳世子	小川佳世子ですね	Editional	
歌人	小川佳世子ですね	Editional	
大学	小川佳世子ですね	Editional	
美容	岡本静香ですね	Editional	
静香	岡本静香ですね	Editional	
岡本	岡本静香ですね	Editional	
月	岡本静香ですね	Editional	
ライター	岡本静香ですね	Editional	
薬学	安田一郎 (薬学者)ですね	Editional	
東京	安田一郎 (薬学者)ですね	Editional	
東京薬科大学	安田一郎 (薬学者)ですね	Editional	
教授	安田一郎 (薬学者)ですね	Editional	
衛生	安田一郎 (薬学者)ですね	Editional	
連隊	篠山連隊区ですね	Editional	
陸軍	篠山連隊区ですね	Editional	
区域	篠山連隊区ですね	Editional	
大阪	篠山連隊区ですね	Editional	
月	篠山連隊区ですね	Editional	
皆様	金子大樹ですね	Editional	
金子	金子大樹ですね	Editional	
大樹	金子大樹ですね	Editional	
日本	金子大樹ですね	Editional	
横浜	金子大樹ですね	Editional	
明治	岩切門二ですね	Editional	
月	岩切門二ですね	Editional	
宮崎	岩切門二ですね	Editional	
門	岩切門二ですね	Editional	
鹿児島	岩切門二ですね	Editional	
熊	岡熊嶽ですね	Editional	
嶽	岡熊嶽ですね	Editional	
岡	岡熊嶽ですね	Editional	
天保	岡熊嶽ですね	Editional	
月	岡熊嶽ですね	Editional	
連隊	八代連隊区ですね	Editional	
区域	八代連隊区ですね	Editional	
陸軍	八代連隊区ですね	Editional	
熊本	八代連隊区ですね	Editional	
鹿児島	八代連隊区ですね	Editional	
新人	柳川強ですね	Editional	
柳川	柳川強ですね	Editional	
強	柳川強ですね	Editional	
日本	柳川強ですね	Editional	
協会	柳川強ですね	Editional	
連隊	高瀬連隊区ですね	Editional	
陸軍	高瀬連隊区ですね	Editional	
高瀬	高瀬連隊区ですね	Editional	
月	高瀬連隊区ですね	Editional	
明治	高瀬連隊区ですね	Editional	
漫画	松尾龍之介ですね	Editional	
松尾	松尾龍之介ですね	Editional	
龍之介	松尾龍之介ですね	Editional	
まつ	松尾龍之介ですね	Editional	
りゅう	松尾龍之介ですね	Editional	
大西	大西颯季ですね	Editional	
アイドル	大西颯季ですね	Editional	
月	大西颯季ですね	Editional	
女優	大西颯季ですね	Editional	
モデル	大西颯季ですね	Editional	
高橋	高橋幹夫ですね	Editional	
幹夫	高橋幹夫ですね	Editional	
たかはし	高橋幹夫ですね	Editional	
みき	高橋幹夫ですね	Editional	
関場	関場不二彦ですね	Editional	
北海道	関場不二彦ですね	Editional	
病院	関場不二彦ですね	Editional	
札幌	関場不二彦ですね	Editional	
院長	関場不二彦ですね	Editional	
ヨーヨー	ヨーヨー日本王者一覧ですね	Editional	
日本	ヨーヨー日本王者一覧ですね	Editional	
王者	ヨーヨー日本王者一覧ですね	Editional	
大会	ヨーヨー日本王者一覧ですね	Editional	
部門	ヨーヨー日本王者一覧ですね	Editional	
弘	佐伯永継ですね	Editional	
仁	佐伯永継ですね	Editional	
継	佐伯永継ですね	Editional	
左	佐伯永継ですね	Editional	
佐伯	佐伯永継ですね	Editional	
アルミニウム	ポール・エルーですね	Editional	
月	ポール・エルーですね	Editional	
フランス	ポール・エルーですね	Editional	
工場	ポール・エルーですね	Editional	
化学	ポール・エルーですね	Editional	
月	木内崇雅ですね	Editional	
木内	木内崇雅ですね	Editional	
崇	木内崇雅ですね	Editional	
雅	木内崇雅ですね	Editional	
トーナメント	木内崇雅ですね	Editional	
島	国島ですね	Editional	
岸壁	国島ですね	Editional	
国島	国島ですね	Editional	
北	国島ですね	Editional	
周囲	国島ですね	Editional	
ギリシャ	タッチ・オブ・スパイスですね	Editional	
スパイス	タッチ・オブ・スパイスですね	Editional	
タッチ	タッチ・オブ・スパイスですね	Editional	
オブ	タッチ・オブ・スパイスですね	Editional	
映画	タッチ・オブ・スパイスですね	Editional	
フライ	フライシャーですね	Editional	
シャー	フライシャーですね	Editional	
ドイツ	フライシャーですね	Editional	
肉屋	フライシャーですね	Editional	
業者	フライシャーですね	Editional	
岩崎	タッチ (岩崎良美の曲)ですね	Editional	
タッチ	タッチ (岩崎良美の曲)ですね	Editional	
良美	タッチ (岩崎良美の曲)ですね	Editional	
月	タッチ (岩崎良美の曲)ですね	Editional	
シングル	タッチ (岩崎良美の曲)ですね	Editional	
月	棚木恒寿ですね	Editional	
短歌	棚木恒寿ですね	Editional	
棚木	棚木恒寿ですね	Editional	
恒寿	棚木恒寿ですね	Editional	
歌人	棚木恒寿ですね	Editional	
シリング	テイラー・シリングですね	Editional	
テイラー	テイラー・シリングですね	Editional	
月	テイラー・シリングですね	Editional	
ドラマ	テイラー・シリングですね	Editional	
ウェイ	テイラー・シリングですね	Editional	
奈津子	オレ達全員奈津子の子ですね	Editional	
全員	オレ達全員奈津子の子ですね	Editional	
子	オレ達全員奈津子の子ですね	Editional	
月	オレ達全員奈津子の子ですね	Editional	
娘	オレ達全員奈津子の子ですね	Editional	
風	立川迅助シリーズですね	Editional	
竜馬	立川迅助シリーズですね	Editional	
立川	立川迅助シリーズですね	Editional	
シリーズ	立川迅助シリーズですね	Editional	
新選	立川迅助シリーズですね	Editional	
清水	清水信治ですね	Editional	
信治	清水信治ですね	Editional	
しみず	清水信治ですね	Editional	
日本	清水信治ですね	Editional	
アコーディオン	清水信治ですね	Editional	
高橋	高橋幹夫 (評論家)ですね	Editional	
幹夫	高橋幹夫 (評論家)ですね	Editional	
たかはし	高橋幹夫 (評論家)ですね	Editional	
みき	高橋幹夫 (評論家)ですね	Editional	
日本	高橋幹夫 (評論家)ですね	Editional	
ベスト	洪ミン杓ですね	Editional	
リーグ	洪ミン杓ですね	Editional	
韓国	洪ミン杓ですね	Editional	
囲碁	洪ミン杓ですね	Editional	
洪	洪ミン杓ですね	Editional	
北川	北川謙二ですね	Editional	
謙二	北川謙二ですね	Editional	
プロデューサー	北川謙二ですね	Editional	
映像	北川謙二ですね	Editional	
昭和	北川謙二ですね	Editional	
音楽	佐久間聡一ですね	Editional	
コンサートマスター	佐久間聡一ですね	Editional	
交響	佐久間聡一ですね	Editional	
楽団	佐久間聡一ですね	Editional	
桐朋	佐久間聡一ですね	Editional	
元年	蕭昭粲ですね	Editional	
粲	蕭昭粲ですね	Editional	
永	蕭昭粲ですね	Editional	
建	蕭昭粲ですね	Editional	
武	蕭昭粲ですね	Editional	
加賀谷	加賀谷寛ですね	Editional	
寛	加賀谷寛ですね	Editional	
アジア	加賀谷寛ですね	Editional	
宗教	加賀谷寛ですね	Editional	
大阪外国語大学	加賀谷寛ですね	Editional	
桂	桂平治ですね	Editional	
平治	桂平治ですね	Editional	
名跡	桂平治ですね	Editional	
文治	桂平治ですね	Editional	
落語	桂平治ですね	Editional	
映画	田林憲治ですね	Editional	
東京	田林憲治ですね	Editional	
株式会社	田林憲治ですね	Editional	
電通	田林憲治ですね	Editional	
田林	田林憲治ですね	Editional	
月	ボーイング A160 ハミングバードですね	Editional	
ボーイング	ボーイング A160 ハミングバードですね	Editional	
フロンティア	ボーイング A160 ハミングバードですね	Editional	
システムズ	ボーイング A160 ハミングバードですね	Editional	
国防	ボーイング A160 ハミングバードですね	Editional	
連隊	高田連隊区ですね	Editional	
月	高田連隊区ですね	Editional	
陸軍	高田連隊区ですね	Editional	
明治	高田連隊区ですね	Editional	
管区	高田連隊区ですね	Editional	
教授	佐藤一郎 (中国文学者)ですね	Editional	
中国	佐藤一郎 (中国文学者)ですね	Editional	
文学	佐藤一郎 (中国文学者)ですね	Editional	
慶應義塾	佐藤一郎 (中国文学者)ですね	Editional	
大学	佐藤一郎 (中国文学者)ですね	Editional	
弁護士	坂和章平ですね	Editional	
映画	坂和章平ですね	Editional	
坂和	坂和章平ですね	Editional	
章平	坂和章平ですね	Editional	
日本	坂和章平ですね	Editional	
教授	内山知也ですね	Editional	
筑波大学	内山知也ですね	Editional	
内山	内山知也ですね	Editional	
知也	内山知也ですね	Editional	
月	内山知也ですね	Editional	
蔵人	源惟正ですね	Editional	
公卿	源惟正ですね	Editional	
参議	源惟正ですね	Editional	
天	源惟正ですね	Editional	
源	源惟正ですね	Editional	
シングル	リトル・バード (アニー・レノックスの曲)ですね	Editional	
リトル	リトル・バード (アニー・レノックスの曲)ですね	Editional	
バード	リトル・バード (アニー・レノックスの曲)ですね	Editional	
曲	リトル・バード (アニー・レノックスの曲)ですね	Editional	
ビデオ	リトル・バード (アニー・レノックスの曲)ですね	Editional	
櫻井	櫻井保幸ですね	Editional	
保幸	櫻井保幸ですね	Editional	
ゆき	櫻井保幸ですね	Editional	
月	櫻井保幸ですね	Editional	
日本	櫻井保幸ですね	Editional	
金峨	古市金峨ですね	Editional	
古市	古市金峨ですね	Editional	
月	古市金峨ですね	Editional	
画家	古市金峨ですね	Editional	
いち	古市金峨ですね	Editional	
月	大竹秀典ですね	Editional	
スーパー	大竹秀典ですね	Editional	
バンタム	大竹秀典ですね	Editional	
王座	大竹秀典ですね	Editional	
大竹	大竹秀典ですね	Editional	
温井	温井摩耶ですね	Editional	
摩耶	温井摩耶ですね	Editional	
月	温井摩耶ですね	Editional	
演劇	温井摩耶ですね	Editional	
集団	温井摩耶ですね	Editional	
写真	真継不二夫ですね	Editional	
真継	真継不二夫ですね	Editional	
不二夫	真継不二夫ですね	Editional	
月	真継不二夫ですね	Editional	
つぎ	真継不二夫ですね	Editional	
筒井	筒井俊作ですね	Editional	
俊作	筒井俊作ですね	Editional	
演劇	筒井俊作ですね	Editional	
集団	筒井俊作ですね	Editional	
キャラメル	筒井俊作ですね	Editional	
貴美子	実川貴美子ですね	Editional	
月	実川貴美子ですね	Editional	
演劇	実川貴美子ですね	Editional	
実川	実川貴美子ですね	Editional	
千葉	実川貴美子ですね	Editional	
短歌	本多稜ですね	Editional	
本多	本多稜ですね	Editional	
稜	本多稜ですね	Editional	
歌人	本多稜ですね	Editional	
蒼	本多稜ですね	Editional	
月	左東広之ですね	Editional	
劇団	左東広之ですね	Editional	
左	左東広之ですね	Editional	
東	左東広之ですね	Editional	
広之	左東広之ですね	Editional	
義	蕭宝義ですね	Editional	
宝	蕭宝義ですね	Editional	
元年	蕭宝義ですね	Editional	
揚	蕭宝義ですね	Editional	
南	蕭宝義ですね	Editional	
真中	真中朋久ですね	Editional	
朋	真中朋久ですね	Editional	
久	真中朋久ですね	Editional	
歌人	真中朋久ですね	Editional	
選者	真中朋久ですね	Editional	
本田	本田一弘ですね	Editional	
一弘	本田一弘ですね	Editional	
歌人	本田一弘ですね	Editional	
協会	本田一弘ですね	Editional	
会員	本田一弘ですね	Editional	
埼玉	谷川創平ですね	Editional	
映画	谷川創平ですね	Editional	
芸術	谷川創平ですね	Editional	
作品	谷川創平ですね	Editional	
谷川	谷川創平ですね	Editional	
小学校	越谷市立宮本小学校ですね	Editional	
社会	越谷市立宮本小学校ですね	Editional	
越谷	越谷市立宮本小学校ですね	Editional	
宮本	越谷市立宮本小学校ですね	Editional	
埼玉	越谷市立宮本小学校ですね	Editional	
宮城	宮城純子ですね	Editional	
純子	宮城純子ですね	Editional	
月	宮城純子ですね	Editional	
東京音楽大学	宮城純子ですね	Editional	
講師	宮城純子ですね	Editional	
大公	カール・アウグスト・フォン・ザクセン＝ヴァイマル＝アイゼナハ (1912-1988)ですね	Editional	
ザクセン	カール・アウグスト・フォン・ザクセン＝ヴァイマル＝アイゼナハ (1912-1988)ですね	Editional	
月	カール・アウグスト・フォン・ザクセン＝ヴァイマル＝アイゼナハ (1912-1988)ですね	Editional	
妻	カール・アウグスト・フォン・ザクセン＝ヴァイマル＝アイゼナハ (1912-1988)ですね	Editional	
ヴァイ	カール・アウグスト・フォン・ザクセン＝ヴァイマル＝アイゼナハ (1912-1988)ですね	Editional	
賀茂	長洲荘ですね	Editional	
荘	長洲荘ですね	Editional	
長洲	長洲荘ですね	Editional	
御厨	長洲荘ですね	Editional	
東大寺	長洲荘ですね	Editional	
ライブ	吉田拓郎ライブ コンサート・イン・つま恋'75ですね	Editional	
吉田	吉田拓郎ライブ コンサート・イン・つま恋'75ですね	Editional	
拓郎	吉田拓郎ライブ コンサート・イン・つま恋'75ですね	Editional	
コンサート	吉田拓郎ライブ コンサート・イン・つま恋'75ですね	Editional	
イン	吉田拓郎ライブ コンサート・イン・つま恋'75ですね	Editional	
バイパス	大内白鳥バイパスですね	Editional	
東	大内白鳥バイパスですね	Editional	
大内	大内白鳥バイパスですね	Editional	
香川	大内白鳥バイパスですね	Editional	
国道	大内白鳥バイパスですね	Editional	
演劇	渡邊安理ですね	Editional	
キャラメル	渡邊安理ですね	Editional	
ボックス	渡邊安理ですね	Editional	
渡邊	渡邊安理ですね	Editional	
安	渡邊安理ですね	Editional	
歌人	加藤英彦ですね	Editional	
短歌	加藤英彦ですね	Editional	
日本	加藤英彦ですね	Editional	
会員	加藤英彦ですね	Editional	
加藤	加藤英彦ですね	Editional	
原田	原田種成ですね	Editional	
種	原田種成ですね	Editional	
成	原田種成ですね	Editional	
ポルトガル	ミゲル・デ・ポルトゥガルですね	Editional	
王国	ミゲル・デ・ポルトゥガルですね	Editional	
王族	ミゲル・デ・ポルトゥガルですね	Editional	
教授	原田種成 (漢文学者)ですね	Editional	
原田	原田種成 (漢文学者)ですね	Editional	
種	原田種成 (漢文学者)ですね	Editional	
成	原田種成 (漢文学者)ですね	Editional	
漢文	原田種成 (漢文学者)ですね	Editional	
大公	ミヒャエル・ベネディクト・フォン・ザクセン＝ヴァイマル＝アイゼナハですね	Editional	
ミヒャエル	ミヒャエル・ベネディクト・フォン・ザクセン＝ヴァイマル＝アイゼナハですね	Editional	
月	ミヒャエル・ベネディクト・フォン・ザクセン＝ヴァイマル＝アイゼナハですね	Editional	
ザクセン	ミヒャエル・ベネディクト・フォン・ザクセン＝ヴァイマル＝アイゼナハですね	Editional	
ヴァイ	ミヒャエル・ベネディクト・フォン・ザクセン＝ヴァイマル＝アイゼナハですね	Editional	
貞	蕭宝貞ですね	Editional	
しょう	蕭宝貞ですね	Editional	
生年	蕭宝貞ですね	Editional	
不詳	蕭宝貞ですね	Editional	
南朝	蕭宝貞ですね	Editional	
理学部	飯山敏道ですね	Editional	
フランス	飯山敏道ですね	Editional	
岩石	飯山敏道ですね	Editional	
教授	飯山敏道ですね	Editional	
鉱物	飯山敏道ですね	Editional	
中条	中条文書ですね	Editional	
文書	中条文書ですね	Editional	
越後	中条文書ですね	Editional	
所領	中条文書ですね	Editional	
武士	中条文書ですね	Editional	
大町	大町 (水戸市)ですね	Editional	
水戸	大町 (水戸市)ですね	Editional	
通り	大町 (水戸市)ですね	Editional	
まち	大町 (水戸市)ですね	Editional	
茨城	大町 (水戸市)ですね	Editional	
始	沙汰始ですね	Editional	
室町	沙汰始ですね	Editional	
幕府	沙汰始ですね	Editional	
将軍	沙汰始ですね	Editional	
管領	沙汰始ですね	Editional	
書	飯島太千雄ですね	Editional	
飯島	飯島太千雄ですね	Editional	
太	飯島太千雄ですね	Editional	
雄	飯島太千雄ですね	Editional	
書家	飯島太千雄ですね	Editional	
リア	リア・カイザーですね	Editional	
月	リア・カイザーですね	Editional	
アメリカ合衆国	リア・カイザーですね	Editional	
女性	リア・カイザーですね	Editional	
フィギュア	リア・カイザーですね	Editional	
大正大学	藤井正雄 (仏教学者)ですね	Editional	
宗教	藤井正雄 (仏教学者)ですね	Editional	
教授	藤井正雄 (仏教学者)ですね	Editional	
藤井	藤井正雄 (仏教学者)ですね	Editional	
正雄	藤井正雄 (仏教学者)ですね	Editional	
心理	ミハイル・ヤロシェフスキーですね	Editional	
大学	ミハイル・ヤロシェフスキーですね	Editional	
ソビエト	ミハイル・ヤロシェフスキーですね	Editional	
月	ミハイル・ヤロシェフスキーですね	Editional	
連邦	ミハイル・ヤロシェフスキーですね	Editional	
福山	清水康弘ですね	Editional	
トランペット	清水康弘ですね	Editional	
音楽	清水康弘ですね	Editional	
ウクレレ	清水康弘ですね	Editional	
広島	清水康弘ですね	Editional	
日本	高橋卓巳ですね	Editional	
大会	高橋卓巳ですね	Editional	
選手権	高橋卓巳ですね	Editional	
棒高跳	高橋卓巳ですね	Editional	
陸上	高橋卓巳ですね	Editional	
書道	石飛博光ですね	Editional	
日展	石飛博光ですね	Editional	
理事	石飛博光ですね	Editional	
石飛	石飛博光ですね	Editional	
博光	石飛博光ですね	Editional	
松島	松島彜ですね	Editional	
月	松島彜ですね	Editional	
ピアノ	松島彜ですね	Editional	
音楽	松島彜ですね	Editional	
まつ	松島彜ですね	Editional	
心理	ミハイル・バーソフですね	Editional	
方法	ミハイル・バーソフですね	Editional	
月	ミハイル・バーソフですね	Editional	
児童	ミハイル・バーソフですね	Editional	
人格	ミハイル・バーソフですね	Editional	
渡辺	渡辺恵伶奈ですね	Editional	
恵	渡辺恵伶奈ですね	Editional	
伶奈	渡辺恵伶奈ですね	Editional	
アイドル	渡辺恵伶奈ですね	Editional	
わ	渡辺恵伶奈ですね	Editional	
松田	松田モトキですね	Editional	
モト	松田モトキですね	Editional	
まつ	松田モトキですね	Editional	
月	松田モトキですね	Editional	
日本	松田モトキですね	Editional	
荒尾	荒尾成緒ですね	Editional	
成	荒尾成緒ですね	Editional	
米子	荒尾成緒ですね	Editional	
文政	荒尾成緒ですね	Editional	
鳥取	荒尾成緒ですね	Editional	
夏目	夏目あおいですね	Editional	
あおい	夏目あおいですね	Editional	
アイドル	夏目あおいですね	Editional	
なつ	夏目あおいですね	Editional	
月	夏目あおいですね	Editional	
スペイン	カルロス・ウゴ・デ・ボルボン＝パルマですね	Editional	
党	カルロス・ウゴ・デ・ボルボン＝パルマですね	Editional	
カルロス	カルロス・ウゴ・デ・ボルボン＝パルマですね	Editional	
月	カルロス・ウゴ・デ・ボルボン＝パルマですね	Editional	
ウゴ	カルロス・ウゴ・デ・ボルボン＝パルマですね	Editional	
ナレーション	倉科カナの未来ナレーション紀行ですね	Editional	
番組	倉科カナの未来ナレーション紀行ですね	Editional	
倉科	倉科カナの未来ナレーション紀行ですね	Editional	
カナ	倉科カナの未来ナレーション紀行ですね	Editional	
紀行	倉科カナの未来ナレーション紀行ですね	Editional	
大会	山田恵子ですね	Editional	
高校	山田恵子ですね	Editional	
日本	山田恵子ですね	Editional	
陸上	山田恵子ですね	Editional	
アジア	山田恵子ですね	Editional	
任天堂	加納誠 (任天堂)ですね	Editional	
ゲーム	加納誠 (任天堂)ですね	Editional	
加納	加納誠 (任天堂)ですね	Editional	
誠	加納誠 (任天堂)ですね	Editional	
まこと	加納誠 (任天堂)ですね	Editional	
フィラデルフィア	ビリー・ポールですね	Editional	
ポール	ビリー・ポールですね	Editional	
ソウル	ビリー・ポールですね	Editional	
音楽	ビリー・ポールですね	Editional	
シングル	ビリー・ポールですね	Editional	
大中	大中臣継麻呂ですね	Editional	
臣	大中臣継麻呂ですね	Editional	
麻	大中臣継麻呂ですね	Editional	
呂	大中臣継麻呂ですね	Editional	
守	大中臣継麻呂ですね	Editional	
民	石瑛ですね	Editional	
石	石瑛ですね	Editional	
月	石瑛ですね	Editional	
瑛	石瑛ですね	Editional	
湖北	石瑛ですね	Editional	
映画	ジョイス・ジェイムソンですね	Editional	
役	ジョイス・ジェイムソンですね	Editional	
月	ジョイス・ジェイムソンですね	Editional	
作品	ジョイス・ジェイムソンですね	Editional	
テレビ	ジョイス・ジェイムソンですね	Editional	
オリンピック	アナ・フェルナンデスですね	Editional	
金メダル	アナ・フェルナンデスですね	Editional	
アナ	アナ・フェルナンデスですね	Editional	
フェルナンデス	アナ・フェルナンデスですね	Editional	
女性	アナ・フェルナンデスですね	Editional	
月	三雲四郎ですね	Editional	
委員	三雲四郎ですね	Editional	
三雲	三雲四郎ですね	Editional	
産業経済新聞社	三雲四郎ですね	Editional	
孝江	三雲四郎ですね	Editional	
ロス	マレー・ロスバードですね	Editional	
バード	マレー・ロスバードですね	Editional	
政府	マレー・ロスバードですね	Editional	
主義	マレー・ロスバードですね	Editional	
経済	マレー・ロスバードですね	Editional	
井上	井上修ですね	Editional	
修	井上修ですね	Editional	
いのうえ	井上修ですね	Editional	
アル	アルケミスト (ACIDMANの曲)ですね	Editional	
ケミスト	アルケミスト (ACIDMANの曲)ですね	Editional	
シングル	アルケミスト (ACIDMANの曲)ですね	Editional	
セルフ	アルケミスト (ACIDMANの曲)ですね	Editional	
曲	アルケミスト (ACIDMANの曲)ですね	Editional	
伊丹	伊丹三樹彦ですね	Editional	
俳句	伊丹三樹彦ですね	Editional	
青	伊丹三樹彦ですね	Editional	
文化	伊丹三樹彦ですね	Editional	
玄	伊丹三樹彦ですね	Editional	
みこ	浜田えみこですね	Editional	
浜田	浜田えみこですね	Editional	
月	浜田えみこですね	Editional	
日本	浜田えみこですね	Editional	
タレント	浜田えみこですね	Editional	
オランダ	カルロス・ハビエル・デ・ボルボン＝パルマですね	Editional	
カルロス	カルロス・ハビエル・デ・ボルボン＝パルマですね	Editional	
公	カルロス・ハビエル・デ・ボルボン＝パルマですね	Editional	
月	カルロス・ハビエル・デ・ボルボン＝パルマですね	Editional	
女王	カルロス・ハビエル・デ・ボルボン＝パルマですね	Editional	
月	ジョー・ダッサンですね	Editional	
ジョー	ジョー・ダッサンですね	Editional	
フランス	ジョー・ダッサンですね	Editional	
歌	ジョー・ダッサンですね	Editional	
父親	ジョー・ダッサンですね	Editional	
天平	阿倍毛人ですね	Editional	
宝	阿倍毛人ですね	Editional	
月	阿倍毛人ですね	Editional	
阿倍	阿倍毛人ですね	Editional	
字	阿倍毛人ですね	Editional	
月	ジャン＝バティスト・シャルル・ブーヴェ・ド・ロジエですね	Editional	
フランス	ジャン＝バティスト・シャルル・ブーヴェ・ド・ロジエですね	Editional	
南方	ジャン＝バティスト・シャルル・ブーヴェ・ド・ロジエですね	Editional	
大陸	ジャン＝バティスト・シャルル・ブーヴェ・ド・ロジエですね	Editional	
ジャン	ジャン＝バティスト・シャルル・ブーヴェ・ド・ロジエですね	Editional	
ラジオ	佐武宇綺の宇宙を綺麗にするラジオですね	Editional	
佐武	佐武宇綺の宇宙を綺麗にするラジオですね	Editional	
宇宙	佐武宇綺の宇宙を綺麗にするラジオですね	Editional	
日本	佐武宇綺の宇宙を綺麗にするラジオですね	Editional	
たけ	佐武宇綺の宇宙を綺麗にするラジオですね	Editional	
教授	佐藤博信ですね	Editional	
佐藤	佐藤博信ですね	Editional	
博信	佐藤博信ですね	Editional	
千葉大学	佐藤博信ですね	Editional	
早稲田大学	佐藤博信ですね	Editional	
石川	石川邦夫ですね	Editional	
邦夫	石川邦夫ですね	Editional	
工学	石川邦夫ですね	Editional	
歯学	石川邦夫ですね	Editional	
九州大学	石川邦夫ですね	Editional	
ハンガリー	ハンガリーの聖マルガリタですね	Editional	
月	ハンガリーの聖マルガリタですね	Editional	
聖	ハンガリーの聖マルガリタですね	Editional	
カトリック	ハンガリーの聖マルガリタですね	Editional	
王女	ハンガリーの聖マルガリタですね	Editional	
宇宙	山野正登ですね	Editional	
昭和	山野正登ですね	Editional	
技術	山野正登ですね	Editional	
日本	山野正登ですね	Editional	
宇宙開発事業団	山野正登ですね	Editional	
県	エル・パライソ県ですね	Editional	
エル	エル・パライソ県ですね	Editional	
ニカラグア	エル・パライソ県ですね	Editional	
国境	エル・パライソ県ですね	Editional	
ホンジュラス	エル・パライソ県ですね	Editional	
東京医科歯科大学	嶋田昌彦ですね	Editional	
大学院	嶋田昌彦ですね	Editional	
歯学	嶋田昌彦ですね	Editional	
教授	嶋田昌彦ですね	Editional	
口腔	嶋田昌彦ですね	Editional	
ラグビー	張志強 (ラグビー選手)ですね	Editional	
選手	張志強 (ラグビー選手)ですね	Editional	
中国	張志強 (ラグビー選手)ですね	Editional	
張	張志強 (ラグビー選手)ですね	Editional	
志	張志強 (ラグビー選手)ですね	Editional	
ゴア	グランヴィル・ルーソン＝ゴア (初代グランヴィル伯爵)ですね	Editional	
伯爵	グランヴィル・ルーソン＝ゴア (初代グランヴィル伯爵)ですね	Editional	
初代	グランヴィル・ルーソン＝ゴア (初代グランヴィル伯爵)ですね	Editional	
大使	グランヴィル・ルーソン＝ゴア (初代グランヴィル伯爵)ですね	Editional	
月	グランヴィル・ルーソン＝ゴア (初代グランヴィル伯爵)ですね	Editional	
ゴア	グランヴィル・ルーソン＝ゴアですね	Editional	
月	村瀬紗英ですね	Editional	
チーム	村瀬紗英ですね	Editional	
メンバー	村瀬紗英ですね	Editional	
アイドル	村瀬紗英ですね	Editional	
オーディション	村瀬紗英ですね	Editional	
渥美	渥美ですね	Editional	
あつみ	渥美ですね	Editional	
岐阜	若狭和朋ですね	Editional	
若狭	若狭和朋ですね	Editional	
教師	若狭和朋ですね	Editional	
講師	若狭和朋ですね	Editional	
和	若狭和朋ですね	Editional	
作品	柴嶺タカシですね	Editional	
漫画	柴嶺タカシですね	Editional	
ゲーム	柴嶺タカシですね	Editional	
柴	柴嶺タカシですね	Editional	
嶺	柴嶺タカシですね	Editional	
延喜	源昇ですね	Editional	
源	源昇ですね	Editional	
公卿	源昇ですね	Editional	
大納言	源昇ですね	Editional	
左	源昇ですね	Editional	
荒尾	荒尾直就ですね	Editional	
鳥取	荒尾直就ですね	Editional	
倉吉	荒尾直就ですね	Editional	
直	荒尾直就ですね	Editional	
家老	荒尾直就ですね	Editional	
名義	高野祐衣ですね	Editional	
高野	高野祐衣ですね	Editional	
祐	高野祐衣ですね	Editional	
衣	高野祐衣ですね	Editional	
アイドル	高野祐衣ですね	Editional	
番組	アラン・メルヴィンですね	Editional	
テレビ	アラン・メルヴィンですね	Editional	
月	アラン・メルヴィンですね	Editional	
作品	アラン・メルヴィンですね	Editional	
オール	アラン・メルヴィンですね	Editional	
番組	ジミー・キンメルですね	Editional	
月	ジミー・キンメルですね	Editional	
俳優	ジミー・キンメルですね	Editional	
テレビ	ジミー・キンメルですね	Editional	
ジミー	ジミー・キンメルですね	Editional	
カジュアル	ジョンストン (ファッションブランド)ですね	Editional	
ジョンストン	ジョンストン (ファッションブランド)ですね	Editional	
ブランド	ジョンストン (ファッションブランド)ですね	Editional	
商品	ジョンストン (ファッションブランド)ですね	Editional	
ファッション	ジョンストン (ファッションブランド)ですね	Editional	
大井	大井朝行ですね	Editional	
信濃	大井朝行ですね	Editional	
朝	大井朝行ですね	Editional	
庄	大井朝行ですね	Editional	
小笠原	大井朝行ですね	Editional	
捕手	トム・パグノッツィですね	Editional	
ゴールド	トム・パグノッツィですね	Editional	
グラブ	トム・パグノッツィですね	Editional	
月	トム・パグノッツィですね	Editional	
出身	トム・パグノッツィですね	Editional	
郡	ダグラス郡 (ウィスコンシン州)ですね	Editional	
ダグラス	ダグラス郡 (ウィスコンシン州)ですね	Editional	
アメリカ合衆国	ダグラス郡 (ウィスコンシン州)ですね	Editional	
人口	ダグラス郡 (ウィスコンシン州)ですね	Editional	
国勢調査	ダグラス郡 (ウィスコンシン州)ですね	Editional	
佐伯	佐伯鈴伎麻呂ですね	Editional	
姓	佐伯鈴伎麻呂ですね	Editional	
外	佐伯鈴伎麻呂ですね	Editional	
鈴	佐伯鈴伎麻呂ですね	Editional	
呂	佐伯鈴伎麻呂ですね	Editional	
アジア	木川泰弘ですね	Editional	
木川	木川泰弘ですね	Editional	
泰弘	木川泰弘ですね	Editional	
日本	木川泰弘ですね	Editional	
陸上	木川泰弘ですね	Editional	
荒尾	荒尾成裕ですね	Editional	
成	荒尾成裕ですね	Editional	
米子	荒尾成裕ですね	Editional	
裕	荒尾成裕ですね	Editional	
明治	荒尾成裕ですね	Editional	
数学	礒村吉徳ですね	Editional	
算法	礒村吉徳ですね	Editional	
吉徳	礒村吉徳ですね	Editional	
礒村	礒村吉徳ですね	Editional	
月	礒村吉徳ですね	Editional	
学長	住吉廣行ですね	Editional	
松本	住吉廣行ですね	Editional	
大学	住吉廣行ですね	Editional	
住吉	住吉廣行ですね	Editional	
物理	住吉廣行ですね	Editional	
美成	山崎美成ですね	Editional	
江戸	山崎美成ですね	Editional	
山崎	山崎美成ですね	Editional	
月	山崎美成ですね	Editional	
随筆	山崎美成ですね	Editional	
渓	新渓郡ですね	Editional	
県	新渓郡ですね	Editional	
黄海	新渓郡ですね	Editional	
行政	新渓郡ですね	Editional	
沙	新渓郡ですね	Editional	
賞金	森田理香子ですね	Editional	
ツアー	森田理香子ですね	Editional	
女王	森田理香子ですね	Editional	
月	森田理香子ですね	Editional	
プロ	森田理香子ですね	Editional	
南風	眞南風按司 (蘭室)ですね	Editional	
豊	眞南風按司 (蘭室)ですね	Editional	
夫人	眞南風按司 (蘭室)ですね	Editional	
呉	眞南風按司 (蘭室)ですね	Editional	
親方	眞南風按司 (蘭室)ですね	Editional	
月	常子内親王ですね	Editional	
近衛	常子内親王ですね	Editional	
基	常子内親王ですね	Editional	
寛文	常子内親王ですね	Editional	
常子	常子内親王ですね	Editional	
張	張志強ですね	Editional	
志	張志強ですね	Editional	
ちょう	張志強ですね	Editional	
小説	安住洋子ですね	Editional	
安住	安住洋子ですね	Editional	
洋子	安住洋子ですね	Editional	
しずり	安住洋子ですね	Editional	
雪	安住洋子ですね	Editional	
佐藤	佐藤正俊ですね	Editional	
昭和	佐藤正俊ですね	Editional	
月	佐藤正俊ですね	Editional	
県知事	佐藤正俊ですね	Editional	
名古屋	佐藤正俊ですね	Editional	
カード	遊☆戯☆王デュエルモンスターズ6 エキスパート2ですね	Editional	
王	遊☆戯☆王デュエルモンスターズ6 エキスパート2ですね	Editional	
種類	遊☆戯☆王デュエルモンスターズ6 エキスパート2ですね	Editional	
エキスパート	遊☆戯☆王デュエルモンスターズ6 エキスパート2ですね	Editional	
ソフト	遊☆戯☆王デュエルモンスターズ6 エキスパート2ですね	Editional	
シリーズ	矢沢みつみですね	Editional	
矢沢	矢沢みつみですね	Editional	
みつ	矢沢みつみですね	Editional	
女子	矢沢みつみですね	Editional	
小学校	矢沢みつみですね	Editional	
月	二美仁ですね	Editional	
宮崎	二美仁ですね	Editional	
篤志	二美仁ですね	Editional	
委員	二美仁ですね	Editional	
仁	二美仁ですね	Editional	
笠井	笠井城ですね	Editional	
城	笠井城ですね	Editional	
御殿山	笠井城ですね	Editional	
稲荷	笠井城ですね	Editional	
明治	笠井城ですね	Editional	
大会	中島義信ですね	Editional	
社会	中島義信ですね	Editional	
ラグビー	中島義信ですね	Editional	
近鉄	中島義信ですね	Editional	
全国	中島義信ですね	Editional	
住吉	住吉廣行 (絵師)ですね	Editional	
廣	住吉廣行 (絵師)ですね	Editional	
廣行	住吉廣行 (絵師)ですね	Editional	
絵師	住吉廣行 (絵師)ですね	Editional	
守	住吉廣行 (絵師)ですね	Editional	
知	今村知商ですね	Editional	
数学	今村知商ですね	Editional	
亥	今村知商ですね	Editional	
弟子	今村知商ですね	Editional	
竪	今村知商ですね	Editional	
式部	式部太郎ですね	Editional	
太郎	式部太郎ですね	Editional	
しき	式部太郎ですね	Editional	
日本	式部太郎ですね	Editional	
佐賀	式部太郎ですね	Editional	
大王	登茂山ですね	Editional	
茂山	登茂山ですね	Editional	
登	登茂山ですね	Editional	
志摩	登茂山ですね	Editional	
昭和	登茂山ですね	Editional	
深尾	深尾重世ですね	Editional	
月	深尾重世ですね	Editional	
文化	深尾重世ですね	Editional	
重	深尾重世ですね	Editional	
土佐	深尾重世ですね	Editional	
深尾	深尾重教ですね	Editional	
教	深尾重教ですね	Editional	
月	深尾重教ですね	Editional	
家督	深尾重教ですね	Editional	
砲術	深尾重教ですね	Editional	
千恵	小林千恵 (女優)ですね	Editional	
月	小林千恵 (女優)ですね	Editional	
キャラメル	小林千恵 (女優)ですね	Editional	
ボックス	小林千恵 (女優)ですね	Editional	
小林	小林千恵 (女優)ですね	Editional	
小林	小林が可愛すぎてツライっ!!ですね	Editional	
愛	小林が可愛すぎてツライっ!!ですね	Editional	
学校	小林が可愛すぎてツライっ!!ですね	Editional	
池	小林が可愛すぎてツライっ!!ですね	Editional	
山田	小林が可愛すぎてツライっ!!ですね	Editional	
多田	小多田直樹ですね	Editional	
直樹	小多田直樹ですね	Editional	
演劇	小多田直樹ですね	Editional	
集団	小多田直樹ですね	Editional	
キャラメル	小多田直樹ですね	Editional	
郵便	塩沢郵便局ですね	Editional	
塩沢	塩沢郵便局ですね	Editional	
新潟	塩沢郵便局ですね	Editional	
南魚沼	塩沢郵便局ですね	Editional	
民営	塩沢郵便局ですね	Editional	
郵便	野上郵便局ですね	Editional	
野上	野上郵便局ですね	Editional	
センター	野上郵便局ですね	Editional	
和歌山	野上郵便局ですね	Editional	
海草	野上郵便局ですね	Editional	
脚本	金オゼッラ賞ですね	Editional	
金	金オゼッラ賞ですね	Editional	
国際	金オゼッラ賞ですね	Editional	
映画	金オゼッラ賞ですね	Editional	
部門	金オゼッラ賞ですね	Editional	
音楽	ジャン＝ポール・プナンですね	Editional	
ジャン	ジャン＝ポール・プナンですね	Editional	
コンサート	ジャン＝ポール・プナンですね	Editional	
ポール	ジャン＝ポール・プナンですね	Editional	
管弦楽	ジャン＝ポール・プナンですね	Editional	
時代	ペリー荻野ですね	Editional	
ペリー	ペリー荻野ですね	Editional	
劇	ペリー荻野ですね	Editional	
荻野	ペリー荻野ですね	Editional	
作家	ペリー荻野ですね	Editional	
加藤	加藤文三ですね	Editional	
文三	加藤文三ですね	Editional	
歴史	加藤文三ですね	Editional	
東京	加藤文三ですね	Editional	
社会	加藤文三ですね	Editional	
教授	川嶋將生ですね	Editional	
立命館大学	川嶋將生ですね	Editional	
川嶋	川嶋將生ですね	Editional	
日本	川嶋將生ですね	Editional	
中世	川嶋將生ですね	Editional	
重	深尾重愛ですね	Editional	
深尾	深尾重愛ですね	Editional	
土佐	深尾重愛ですね	Editional	
家督	深尾重愛ですね	Editional	
明治	深尾重愛ですね	Editional	
尾道	森岡久元ですね	Editional	
文学	森岡久元ですね	Editional	
小説	森岡久元ですね	Editional	
姫路	森岡久元ですね	Editional	
文芸	森岡久元ですね	Editional	
音楽	坪口昌恭ですね	Editional	
ジャズ	坪口昌恭ですね	Editional	
坪口	坪口昌恭ですね	Editional	
菊地	坪口昌恭ですね	Editional	
成	坪口昌恭ですね	Editional	
映画	安里麻里ですね	Editional	
安里	安里麻里ですね	Editional	
麻里	安里麻里ですね	Editional	
少女	安里麻里ですね	Editional	
まり	安里麻里ですね	Editional	
少年	村松励ですね	Editional	
心理	村松励ですね	Editional	
犯罪	村松励ですね	Editional	
裁判所	村松励ですね	Editional	
警察	村松励ですね	Editional	
ノンフィクション	富坂聰ですね	Editional	
中国	富坂聰ですね	Editional	
北京	富坂聰ですね	Editional	
富	富坂聰ですね	Editional	
坂	富坂聰ですね	Editional	
郡上	郡上一揆 (映画)ですね	Editional	
農民	郡上一揆 (映画)ですね	Editional	
定次郎	郡上一揆 (映画)ですね	Editional	
一揆	郡上一揆 (映画)ですね	Editional	
映画	郡上一揆 (映画)ですね	Editional	
フィリピン	オリバー・サンダーズですね	Editional	
ラグビー	オリバー・サンダーズですね	Editional	
リーグ	オリバー・サンダーズですね	Editional	
オリバー	オリバー・サンダーズですね	Editional	
イングランド	オリバー・サンダーズですね	Editional	
氷室	WARRIORS (氷室京介の曲)ですね	Editional	
京介	WARRIORS (氷室京介の曲)ですね	Editional	
曲	WARRIORS (氷室京介の曲)ですね	Editional	
月	WARRIORS (氷室京介の曲)ですね	Editional	
シングル	WARRIORS (氷室京介の曲)ですね	Editional	
映画	岡田将生ですね	Editional	
ドラマ	岡田将生ですね	Editional	
テレビ	岡田将生ですね	Editional	
岡田	岡田将生ですね	Editional	
将	岡田将生ですね	Editional	
アルバム	RUN&RUN (川添智久のアルバム)ですね	Editional	
川添	RUN&RUN (川添智久のアルバム)ですね	Editional	
智久	RUN&RUN (川添智久のアルバム)ですね	Editional	
ラン	RUN&RUN (川添智久のアルバム)ですね	Editional	
サウンド	RUN&RUN (川添智久のアルバム)ですね	Editional	
月	北川謙二 (曲)ですね	Editional	
北川	北川謙二 (曲)ですね	Editional	
シングル	北川謙二 (曲)ですね	Editional	
謙二	北川謙二 (曲)ですね	Editional	
前作	北川謙二 (曲)ですね	Editional	
月	大中臣淵魚ですね	Editional	
仁	大中臣淵魚ですね	Editional	
臣	大中臣淵魚ですね	Editional	
神祇	大中臣淵魚ですね	Editional	
弘	大中臣淵魚ですね	Editional	
躰	大橋正芳ですね	Editional	
大会	大橋正芳ですね	Editional	
選手権	大橋正芳ですね	Editional	
選手	大橋正芳ですね	Editional	
個人	大橋正芳ですね	Editional	
藤原	藤原氏範ですね	Editional	
和	藤原氏範ですね	Editional	
氏範	藤原氏範ですね	Editional	
遠江	藤原氏範ですね	Editional	
権守	藤原氏範ですね	Editional	
藤原	藤原常永ですね	Editional	
朝	藤原常永ですね	Editional	
守	藤原常永ですね	Editional	
天	藤原常永ですね	Editional	
貞	藤原常永ですね	Editional	
笠原	笠原雄太ですね	Editional	
雄太	笠原雄太ですね	Editional	
月	笠原雄太ですね	Editional	
ラグビー	笠原雄太ですね	Editional	
夏	笠原雄太ですね	Editional	
小説	麗羅 (小説家)ですね	Editional	
日本	麗羅 (小説家)ですね	Editional	
韓国	麗羅 (小説家)ですね	Editional	
作家	麗羅 (小説家)ですね	Editional	
協会	麗羅 (小説家)ですね	Editional	
月	佐瀬昌三ですね	Editional	
法政大学	佐瀬昌三ですね	Editional	
昭和	佐瀬昌三ですね	Editional	
法学	佐瀬昌三ですね	Editional	
衆議院	佐瀬昌三ですね	Editional	
数学	村松茂清ですね	Editional	
村松	村松茂清ですね	Editional	
小数	村松茂清ですね	Editional	
茂	村松茂清ですね	Editional	
和算	村松茂清ですね	Editional	
株式会社	松本洋ですね	Editional	
取締役	松本洋ですね	Editional	
社長	松本洋ですね	Editional	
日本	松本洋ですね	Editional	
会社	松本洋ですね	Editional	
女子	川島はるなですね	Editional	
サッカー	川島はるなですね	Editional	
アカデミー	川島はるなですね	Editional	
チーム	川島はるなですね	Editional	
川島	川島はるなですね	Editional	
演劇	鍛治本大樹ですね	Editional	
集団	鍛治本大樹ですね	Editional	
キャラメル	鍛治本大樹ですね	Editional	
ボックス	鍛治本大樹ですね	Editional	
鍛治	鍛治本大樹ですね	Editional	
バイエルン	フランツ・ヨーゼフ・イン・バイエルンですね	Editional	
息子	フランツ・ヨーゼフ・イン・バイエルンですね	Editional	
フランツ	フランツ・ヨーゼフ・イン・バイエルンですね	Editional	
月	フランツ・ヨーゼフ・イン・バイエルンですね	Editional	
ミュンヘン	フランツ・ヨーゼフ・イン・バイエルンですね	Editional	
石ノ森	石ノ森萬画館ですね	Editional	
萬	石ノ森萬画館ですね	Editional	
石巻	石ノ森萬画館ですね	Editional	
月	石ノ森萬画館ですね	Editional	
キャラクター	石ノ森萬画館ですね	Editional	
岩手	金野靜一ですね	Editional	
県立	金野靜一ですね	Editional	
金野	金野靜一ですね	Editional	
靜	金野靜一ですね	Editional	
歴史	金野靜一ですね	Editional	
月	ジョー・カザーダですね	Editional	
ライター	ジョー・カザーダですね	Editional	
アーティスト	ジョー・カザーダですね	Editional	
コミック	ジョー・カザーダですね	Editional	
シリーズ	ジョー・カザーダですね	Editional	
佐藤	佐藤優樹ですね	Editional	
優樹	佐藤優樹ですね	Editional	
さとう	佐藤優樹ですね	Editional	
まさき	佐藤優樹ですね	Editional	
湯山	湯山学ですね	Editional	
学	湯山学ですね	Editional	
日本	湯山学ですね	Editional	
ゆ	湯山学ですね	Editional	
歴史	湯山学ですね	Editional	
小説	ケイト・キングズバリーですね	Editional	
イギリス	ケイト・キングズバリーですね	Editional	
作家	ケイト・キングズバリーですね	Editional	
名義	ケイト・キングズバリーですね	Editional	
ロマンス	ケイト・キングズバリーですね	Editional	
映画	ケイト・ショートランドですね	Editional	
オーストラリア	ケイト・ショートランドですね	Editional	
ケイト	ケイト・ショートランドですね	Editional	
ショート	ケイト・ショートランドですね	Editional	
ランド	ケイト・ショートランドですね	Editional	
作品	由谷一郎ですね	Editional	
由	由谷一郎ですね	Editional	
谷	由谷一郎ですね	Editional	
一郎	由谷一郎ですね	Editional	
歌集	由谷一郎ですね	Editional	
月	佐藤達次郎ですね	Editional	
明治	佐藤達次郎ですね	Editional	
大学	佐藤達次郎ですね	Editional	
順	佐藤達次郎ですね	Editional	
医学	佐藤達次郎ですね	Editional	
田中	田中淳一ですね	Editional	
淳一	田中淳一ですね	Editional	
月	田中淳一ですね	Editional	
パウロ	田中淳一ですね	Editional	
リーグ	田中淳一ですね	Editional	
フェニックス	フェニックス・マリーですね	Editional	
マリー	フェニックス・マリーですね	Editional	
ポルノ	フェニックス・マリーですね	Editional	
女優	フェニックス・マリーですね	Editional	
アメリカ合衆国	フェニックス・マリーですね	Editional	
エアロ	エアロゾンデですね	Editional	
ゾンデ	エアロゾンデですね	Editional	
筆跡	鈴木則子ですね	Editional	
人間	鈴木則子ですね	Editional	
心理	鈴木則子ですね	Editional	
学院	鈴木則子ですね	Editional	
日本	鈴木則子ですね	Editional	
エアロ	エアロゾンデ (航空機)ですね	Editional	
ゾンデ	エアロゾンデ (航空機)ですね	Editional	
気象	エアロゾンデ (航空機)ですね	Editional	
月	エアロゾンデ (航空機)ですね	Editional	
航空機	エアロゾンデ (航空機)ですね	Editional	
フリー	徳田耕太郎ですね	Editional	
スタイル	徳田耕太郎ですね	Editional	
フットボール	徳田耕太郎ですね	Editional	
日本	徳田耕太郎ですね	Editional	
徳田	徳田耕太郎ですね	Editional	
天平	坂上犬養ですね	Editional	
宝	坂上犬養ですね	Editional	
坂上	坂上犬養ですね	Editional	
大和	坂上犬養ですね	Editional	
聖	坂上犬養ですね	Editional	
淳	山崎淳ですね	Editional	
山崎	山崎淳ですね	Editional	
峯	山崎淳ですね	Editional	
崎	山崎淳ですね	Editional	
じゅん	山崎淳ですね	Editional	
マヤ	マヤ ― 天の心、地の心 ―ですね	Editional	
現代	マヤ ― 天の心、地の心 ―ですね	Editional	
心	マヤ ― 天の心、地の心 ―ですね	Editional	
グローバリゼーション	マヤ ― 天の心、地の心 ―ですね	Editional	
古代	マヤ ― 天の心、地の心 ―ですね	Editional	
和	坂上鷹主ですね	Editional	
坂上	坂上鷹主ですね	Editional	
鷹	坂上鷹主ですね	Editional	
官位	坂上鷹主ですね	Editional	
但馬	坂上鷹主ですね	Editional	
事件	矢作事件ですね	Editional	
朝鮮	矢作事件ですね	Editional	
業者	矢作事件ですね	Editional	
矢作	矢作事件ですね	Editional	
日本人	矢作事件ですね	Editional	
鳥取	西尾愛治ですね	Editional	
西尾	西尾愛治ですね	Editional	
愛治	西尾愛治ですね	Editional	
月	西尾愛治ですね	Editional	
知事	西尾愛治ですね	Editional	
坂上	坂上峯雄ですね	Editional	
峯雄	坂上峯雄ですね	Editional	
上野	坂上峯雄ですね	Editional	
朝	坂上峯雄ですね	Editional	
侍従	坂上峯雄ですね	Editional	
月	重富吉之助ですね	Editional	
福岡	重富吉之助ですね	Editional	
行政	重富吉之助ですね	Editional	
重富	重富吉之助ですね	Editional	
吉之助	重富吉之助ですね	Editional	
昭和	河村望ですね	Editional	
教授	河村望ですね	Editional	
河村	河村望ですね	Editional	
平成	河村望ですね	Editional	
望	河村望ですね	Editional	
ラグビー	矢部達三ですね	Editional	
矢部	矢部達三ですね	Editional	
大学	矢部達三ですね	Editional	
早稲田	矢部達三ですね	Editional	
ラグビーフットボール	矢部達三ですね	Editional	
議員	堂森芳夫ですね	Editional	
衆議院	堂森芳夫ですね	Editional	
昭和	堂森芳夫ですね	Editional	
月	堂森芳夫ですね	Editional	
参議院	堂森芳夫ですね	Editional	
月	佐々木憂流迦ですね	Editional	
修	佐々木憂流迦ですね	Editional	
斗	佐々木憂流迦ですね	Editional	
負け	佐々木憂流迦ですね	Editional	
決勝	佐々木憂流迦ですね	Editional	
松本	松本剛史ですね	Editional	
剛史	松本剛史ですね	Editional	
まつ	松本剛史ですね	Editional	
もと	松本剛史ですね	Editional	
日本	松本剛史ですね	Editional	
打率	マリオ・メンドーサですね	Editional	
月	マリオ・メンドーサですね	Editional	
選手	マリオ・メンドーサですね	Editional	
遊撃手	マリオ・メンドーサですね	Editional	
右	マリオ・メンドーサですね	Editional	
月	千葉泰久ですね	Editional	
取締役	千葉泰久ですね	Editional	
平成	千葉泰久ですね	Editional	
宇部	千葉泰久ですね	Editional	
日本	千葉泰久ですね	Editional	
真辺	真辺正精ですね	Editional	
月	真辺正精ですね	Editional	
正	真辺正精ですね	Editional	
精	真辺正精ですね	Editional	
嘉	真辺正精ですね	Editional	
数学	福田理軒ですね	Editional	
日本	福田理軒ですね	Editional	
理	福田理軒ですね	Editional	
福田	福田理軒ですね	Editional	
軒	福田理軒ですね	Editional	
住宅	ヘンリー・ライトですね	Editional	
ライト	ヘンリー・ライトですね	Editional	
公園	ヘンリー・ライトですね	Editional	
都市	ヘンリー・ライトですね	Editional	
歴史	ヘンリー・ライトですね	Editional	
ラン	ジョン・L・ウィリアムズですね	Editional	
月	ジョン・L・ウィリアムズですね	Editional	
フロリダ	ジョン・L・ウィリアムズですね	Editional	
選手	ジョン・L・ウィリアムズですね	Editional	
プロ	ジョン・L・ウィリアムズですね	Editional	
塚田	塚田幸三ですね	Editional	
幸三	塚田幸三ですね	Editional	
海外	塚田幸三ですね	Editional	
選書	塚田幸三ですね	Editional	
ぞう	塚田幸三ですね	Editional	
ペア	アンドリュー・スペロフですね	Editional	
スケート	アンドリュー・スペロフですね	Editional	
全米	アンドリュー・スペロフですね	Editional	
アンドリュー	アンドリュー・スペロフですね	Editional	
月	アンドリュー・スペロフですね	Editional	
大学	長沼秀世ですね	Editional	
社会	長沼秀世ですね	Editional	
長沼	長沼秀世ですね	Editional	
秀世	長沼秀世ですね	Editional	
経済	長沼秀世ですね	Editional	
社会	河村只雄ですね	Editional	
河村	河村只雄ですね	Editional	
只雄	河村只雄ですね	Editional	
学者	河村只雄ですね	Editional	
神学	河村只雄ですね	Editional	
亀井	亀井忠雄ですね	Editional	
忠雄	亀井忠雄ですね	Editional	
ただお	亀井忠雄ですね	Editional	
月	亀井忠雄ですね	Editional	
能楽	亀井忠雄ですね	Editional	
英語	寺島隆吉ですね	Editional	
教養	寺島隆吉ですね	Editional	
岐阜大学	寺島隆吉ですね	Editional	
教授	寺島隆吉ですね	Editional	
石川	寺島隆吉ですね	Editional	
トライアル	野本佳章ですね	Editional	
野本	野本佳章ですね	Editional	
月	野本佳章ですね	Editional	
バイク	野本佳章ですね	Editional	
佳	野本佳章ですね	Editional	
ホメオパシー	由井寅子ですね	Editional	
体	由井寅子ですね	Editional	
症状	由井寅子ですね	Editional	
日本	由井寅子ですね	Editional	
医療	由井寅子ですね	Editional	
月	コリン・マクマヌスですね	Editional	
パートナー	コリン・マクマヌスですね	Editional	
コリン	コリン・マクマヌスですね	Editional	
アメリカ合衆国	コリン・マクマヌスですね	Editional	
出身	コリン・マクマヌスですね	Editional	
田中	田中源助ですね	Editional	
源	田中源助ですね	Editional	
助	田中源助ですね	Editional	
げん	田中源助ですね	Editional	
歌舞伎	田中源助ですね	Editional	
田中	田中佐太郎ですね	Editional	
囃子方	田中佐太郎ですね	Editional	
佐太郎	田中佐太郎ですね	Editional	
歌舞伎	田中佐太郎ですね	Editional	
傳	田中佐太郎ですね	Editional	
がん	トーマス・マンクーゾですね	Editional	
研究所	トーマス・マンクーゾですね	Editional	
原子力	トーマス・マンクーゾですね	Editional	
トーマス	トーマス・マンクーゾですね	Editional	
月	トーマス・マンクーゾですね	Editional	
台湾	陳毅維ですね	Editional	
陳	陳毅維ですね	Editional	
毅	陳毅維ですね	Editional	
プロ	陳毅維ですね	Editional	
力足	陳毅維ですね	Editional	
植物	ニルス・アンデションですね	Editional	
スウェーデン	ニルス・アンデションですね	Editional	
世界	ニルス・アンデションですね	Editional	
大学	ニルス・アンデションですね	Editional	
ニルス	ニルス・アンデションですね	Editional	
守	源進ですね	Editional	
源	源進ですね	Editional	
進	源進ですね	Editional	
三河	源進ですね	Editional	
任	源進ですね	Editional	
歌劇	ハンス・ミュラー＝クライですね	Editional	
首席	ハンス・ミュラー＝クライですね	Editional	
ハンス	ハンス・ミュラー＝クライですね	Editional	
ミュラー	ハンス・ミュラー＝クライですね	Editional	
月	ハンス・ミュラー＝クライですね	Editional	
郡	テイラー郡 (ウィスコンシン州)ですね	Editional	
テイラー	テイラー郡 (ウィスコンシン州)ですね	Editional	
氷河	テイラー郡 (ウィスコンシン州)ですね	Editional	
州	テイラー郡 (ウィスコンシン州)ですね	Editional	
鉄道	テイラー郡 (ウィスコンシン州)ですね	Editional	
郡	リンカーン郡 (ウィスコンシン州)ですね	Editional	
人口	リンカーン郡 (ウィスコンシン州)ですね	Editional	
国勢調査	リンカーン郡 (ウィスコンシン州)ですね	Editional	
マイル	リンカーン郡 (ウィスコンシン州)ですね	Editional	
リンカーン	リンカーン郡 (ウィスコンシン州)ですね	Editional	
君嶋	君嶋祐子ですね	Editional	
祐子	君嶋祐子ですね	Editional	
日本	君嶋祐子ですね	Editional	
学会	君嶋祐子ですね	Editional	
ゆうこ	君嶋祐子ですね	Editional	
原子力	更田豊志ですね	Editional	
田	更田豊志ですね	Editional	
豊志	更田豊志ですね	Editional	
月	更田豊志ですね	Editional	
日本	更田豊志ですね	Editional	
月	チャールズ・ノウルズですね	Editional	
イギリス	チャールズ・ノウルズですね	Editional	
スペイン	チャールズ・ノウルズですね	Editional	
砦	チャールズ・ノウルズですね	Editional	
海軍	チャールズ・ノウルズですね	Editional	
月	フランソワ・メニケッティですね	Editional	
音楽	フランソワ・メニケッティですね	Editional	
作品	フランソワ・メニケッティですね	Editional	
フランソワ	フランソワ・メニケッティですね	Editional	
フランス	フランソワ・メニケッティですね	Editional	
麻子	いつもポケットにショパンですね	Editional	
音楽	いつもポケットにショパンですね	Editional	
季	いつもポケットにショパンですね	Editional	
晋	いつもポケットにショパンですね	Editional	
ピアノ	いつもポケットにショパンですね	Editional	
藤原	藤原範永ですね	Editional	
歌合	藤原範永ですね	Editional	
範	藤原範永ですね	Editional	
歌人	藤原範永ですね	Editional	
永	藤原範永ですね	Editional	
寛	長谷川寛ですね	Editional	
数学	長谷川寛ですね	Editional	
弟子	長谷川寛ですね	Editional	
長谷川	長谷川寛ですね	Editional	
算法	長谷川寛ですね	Editional	
軽井沢	ミカド珈琲商会ですね	Editional	
日本橋	ミカド珈琲商会ですね	Editional	
コーヒー	ミカド珈琲商会ですね	Editional	
旧道	ミカド珈琲商会ですね	Editional	
豆	ミカド珈琲商会ですね	Editional	
信濃	信濃奇勝録ですね	Editional	
巻	信濃奇勝録ですね	Editional	
奇勝	信濃奇勝録ですね	Editional	
井出	信濃奇勝録ですね	Editional	
佐久	信濃奇勝録ですね	Editional	
明治	萩原三圭ですね	Editional	
圭	萩原三圭ですね	Editional	
月	萩原三圭ですね	Editional	
豊	萩原三圭ですね	Editional	
医学	萩原三圭ですね	Editional	
中間子	谷川安孝ですね	Editional	
月	谷川安孝ですね	Editional	
物理	谷川安孝ですね	Editional	
学者	谷川安孝ですね	Editional	
粒子	谷川安孝ですね	Editional	
頼	岡田頼母ですね	Editional	
母	岡田頼母ですね	Editional	
天保	岡田頼母ですね	Editional	
松平	岡田頼母ですね	Editional	
岡田	岡田頼母ですね	Editional	
地震	島崎邦彦ですね	Editional	
委員	島崎邦彦ですね	Editional	
会長	島崎邦彦ですね	Editional	
日本	島崎邦彦ですね	Editional	
邦彦	島崎邦彦ですね	Editional	
旋律	弦楽四重奏曲 (矢代秋雄)ですね	Editional	
部分	弦楽四重奏曲 (矢代秋雄)ですね	Editional	
ヴァイオリン	弦楽四重奏曲 (矢代秋雄)ですね	Editional	
作品	弦楽四重奏曲 (矢代秋雄)ですね	Editional	
楽章	弦楽四重奏曲 (矢代秋雄)ですね	Editional	
教授	栃内新ですね	Editional	
栃内	栃内新ですね	Editional	
月	栃内新ですね	Editional	
生物	栃内新ですね	Editional	
北海道大学	栃内新ですね	Editional	
委員	中村佳代子ですね	Editional	
日本	中村佳代子ですね	Editional	
中村	中村佳代子ですね	Editional	
佳代子	中村佳代子ですね	Editional	
大学	中村佳代子ですね	Editional	
鋼材	吉弘鋼材ですね	Editional	
吉	吉弘鋼材ですね	Editional	
弘	吉弘鋼材ですね	Editional	
吉弘	吉弘鋼材ですね	Editional	
株式会社	吉弘鋼材ですね	Editional	
伊澤	伊澤長俊ですね	Editional	
長俊	伊澤長俊ですね	Editional	
わ	伊澤長俊ですね	Editional	
月	伊澤長俊ですね	Editional	
日本	伊澤長俊ですね	Editional	
月	河野正美ですね	Editional	
福岡	河野正美ですね	Editional	
日本	河野正美ですね	Editional	
衆議院	河野正美ですね	Editional	
河野	河野正美ですね	Editional	
学校	司学館高等学校ですね	Editional	
司	司学館高等学校ですね	Editional	
学	司学館高等学校ですね	Editional	
がく	司学館高等学校ですね	Editional	
滋賀	司学館高等学校ですね	Editional	
ハンガリー	カール・メレスですね	Editional	
ウィーン	カール・メレスですね	Editional	
音楽	カール・メレスですね	Editional	
カール	カール・メレスですね	Editional	
月	カール・メレスですね	Editional	
アンディ	アンディ・ウィリアムス・ショーですね	Editional	
テレビ	アンディ・ウィリアムス・ショーですね	Editional	
番組	アンディ・ウィリアムス・ショーですね	Editional	
アメリカ	アンディ・ウィリアムス・ショーですね	Editional	
ウィリアム	アンディ・ウィリアムス・ショーですね	Editional	
日本	横井久ですね	Editional	
ラグビー	横井久ですね	Editional	
横井	横井久ですね	Editional	
早大	横井久ですね	Editional	
大学	横井久ですね	Editional	
安弘	安弘見神社ですね	Editional	
見神	安弘見神社ですね	Editional	
岐阜	安弘見神社ですね	Editional	
中津川	安弘見神社ですね	Editional	
蛭川	安弘見神社ですね	Editional	
駒形	駒形どぜうですね	Editional	
江戸	駒形どぜうですね	Editional	
鍋	駒形どぜうですね	Editional	
台東	駒形どぜうですね	Editional	
店舗	駒形どぜうですね	Editional	
ゲイリー	F・ゲイリー・グレイですね	Editional	
グレイ	F・ゲイリー・グレイですね	Editional	
月	F・ゲイリー・グレイですね	Editional	
アメリカ合衆国	F・ゲイリー・グレイですね	Editional	
ミュージック	F・ゲイリー・グレイですね	Editional	
春	ミッキーとダッフィーのスプリングヴォヤッジですね	Editional	
ミッキー	ミッキーとダッフィーのスプリングヴォヤッジですね	Editional	
東京	ミッキーとダッフィーのスプリングヴォヤッジですね	Editional	
イベント	ミッキーとダッフィーのスプリングヴォヤッジですね	Editional	
世界	ミッキーとダッフィーのスプリングヴォヤッジですね	Editional	
医学	美馬達哉ですね	Editional	
脳	美馬達哉ですね	Editional	
美馬	美馬達哉ですね	Editional	
達哉	美馬達哉ですね	Editional	
教授	美馬達哉ですね	Editional	
映画	ベン・ザイトリンですね	Editional	
ニューヨーク	ベン・ザイトリンですね	Editional	
大学	ベン・ザイトリンですね	Editional	
コート	ベン・ザイトリンですね	Editional	
月	ベン・ザイトリンですね	Editional	
音楽	ヘンリー・ホルストですね	Editional	
王立	ヘンリー・ホルストですね	Editional	
教授	ヘンリー・ホルストですね	Editional	
ヘンリー	ヘンリー・ホルストですね	Editional	
ホルスト	ヘンリー・ホルストですね	Editional	
社会	石田秀輝ですね	Editional	
地球	石田秀輝ですね	Editional	
環境	石田秀輝ですね	Editional	
テクノロジー	石田秀輝ですね	Editional	
暮らし	石田秀輝ですね	Editional	
土方	土方弘克ですね	Editional	
弘	土方弘克ですね	Editional	
克	土方弘克ですね	Editional	
ひじ	土方弘克ですね	Editional	
日本	土方弘克ですね	Editional	
幼稚園	本郷幼稚園ですね	Editional	
本郷	本郷幼稚園ですね	Editional	
ほん	本郷幼稚園ですね	Editional	
日本	本郷幼稚園ですね	Editional	
月	久冨慶子ですね	Editional	
アナウンサー	久冨慶子ですね	Editional	
テレビ朝日	久冨慶子ですね	Editional	
横浜	久冨慶子ですね	Editional	
青山	久冨慶子ですね	Editional	
ランプ	尾倉ランプですね	Editional	
尾倉	尾倉ランプですね	Editional	
おぐら	尾倉ランプですね	Editional	
福岡	尾倉ランプですね	Editional	
北九州	尾倉ランプですね	Editional	
短期大学	高橋淳子ですね	Editional	
高橋	高橋淳子ですね	Editional	
淳子	高橋淳子ですね	Editional	
福祉	高橋淳子ですね	Editional	
学校	高橋淳子ですね	Editional	
オーケストラ	ルイ・ド・フロマンですね	Editional	
音楽	ルイ・ド・フロマンですね	Editional	
月	ルイ・ド・フロマンですね	Editional	
フランス	ルイ・ド・フロマンですね	Editional	
カンヌ	ルイ・ド・フロマンですね	Editional	
リチウム	水島公一ですね	Editional	
水島	水島公一ですね	Editional	
公一	水島公一ですね	Editional	
イオン	水島公一ですね	Editional	
電池	水島公一ですね	Editional	
岩本	岩本ですね	Editional	
いわもと	岩本ですね	Editional	
パリ	ルイ・フレスティエですね	Editional	
音楽	ルイ・フレスティエですね	Editional	
月	ルイ・フレスティエですね	Editional	
チェロ	ルイ・フレスティエですね	Editional	
交響	ルイ・フレスティエですね	Editional	
バンクス	バンクスですね	Editional	
杜	杜甫草堂博物館ですね	Editional	
甫	杜甫草堂博物館ですね	Editional	
草堂	杜甫草堂博物館ですね	Editional	
博物館	杜甫草堂博物館ですね	Editional	
渓	杜甫草堂博物館ですね	Editional	
美	美映子ですね	Editional	
映子	美映子ですね	Editional	
南	美映子ですね	Editional	
こうせつ	美映子ですね	Editional	
月	美映子ですね	Editional	
秋田	鈴木安孝ですね	Editional	
議員	鈴木安孝ですね	Editional	
昭和	鈴木安孝ですね	Editional	
市長	鈴木安孝ですね	Editional	
鈴木	鈴木安孝ですね	Editional	
沖縄	黒岩恒ですね	Editional	
黒岩	黒岩恒ですね	Editional	
尖閣諸島	黒岩恒ですね	Editional	
恒	黒岩恒ですね	Editional	
月	黒岩恒ですね	Editional	
日本	西澤之助ですね	Editional	
女子	西澤之助ですね	Editional	
女学校	西澤之助ですね	Editional	
西	西澤之助ですね	Editional	
国光	西澤之助ですね	Editional	
競輪	稲村好将ですね	Editional	
学校	稲村好将ですね	Editional	
稲村	稲村好将ですね	Editional	
月	稲村好将ですね	Editional	
群馬	稲村好将ですね	Editional	
東京	山辺知行ですね	Editional	
山辺	山辺知行ですね	Editional	
知行	山辺知行ですね	Editional	
月	山辺知行ですね	Editional	
染織	山辺知行ですね	Editional	
競輪	太田耕二ですね	Editional	
月	太田耕二ですね	Editional	
太田	太田耕二ですね	Editional	
学校	太田耕二ですね	Editional	
選手	太田耕二ですね	Editional	
西沢	西沢笛畝ですね	Editional	
月	西沢笛畝ですね	Editional	
笛畝	西沢笛畝ですね	Editional	
大正	西沢笛畝ですね	Editional	
時代	西沢笛畝ですね	Editional	
京都	田畑喜八ですね	Editional	
日本	田畑喜八ですね	Editional	
月	田畑喜八ですね	Editional	
田畑	田畑喜八ですね	Editional	
喜八	田畑喜八ですね	Editional	
競輪	北村哲郎 (競輪選手)ですね	Editional	
月	北村哲郎 (競輪選手)ですね	Editional	
選手	北村哲郎 (競輪選手)ですね	Editional	
北村	北村哲郎 (競輪選手)ですね	Editional	
熊本	北村哲郎 (競輪選手)ですね	Editional	
浪曲	国友忠ですね	Editional	
国友	国友忠ですね	Editional	
忠	国友忠ですね	Editional	
月	国友忠ですね	Editional	
東京	国友忠ですね	Editional	
篠原	篠原さとしですね	Editional	
さとし	篠原さとしですね	Editional	
しの	篠原さとしですね	Editional	
月	篠原さとしですね	Editional	
日本	篠原さとしですね	Editional	
文庫	オパール・ダンですね	Editional	
オパール	オパール・ダンですね	Editional	
ダン	オパール・ダンですね	Editional	
イギリス	オパール・ダンですね	Editional	
日本	オパール・ダンですね	Editional	
教授	古川晴男ですね	Editional	
古川	古川晴男ですね	Editional	
晴男	古川晴男ですね	Editional	
昆虫	古川晴男ですね	Editional	
東京学芸大学	古川晴男ですね	Editional	
連隊	福山連隊区ですね	Editional	
月	福山連隊区ですね	Editional	
区域	福山連隊区ですね	Editional	
福山	福山連隊区ですね	Editional	
広島	福山連隊区ですね	Editional	
中山	中山周平ですね	Editional	
周平	中山周平ですね	Editional	
東京	中山周平ですね	Editional	
小学校	中山周平ですね	Editional	
なか	中山周平ですね	Editional	
教授	早島大祐ですね	Editional	
文学部	早島大祐ですね	Editional	
文学	早島大祐ですね	Editional	
早島	早島大祐ですね	Editional	
祐	早島大祐ですね	Editional	
競輪	坂上忠克ですね	Editional	
学校	坂上忠克ですね	Editional	
大会	坂上忠克ですね	Editional	
坂上	坂上忠克ですね	Editional	
月	坂上忠克ですね	Editional	
教授	野口弥吉ですね	Editional	
東京	野口弥吉ですね	Editional	
野口	野口弥吉ですね	Editional	
弥吉	野口弥吉ですね	Editional	
月	野口弥吉ですね	Editional	
月	山口連隊区ですね	Editional	
連隊	山口連隊区ですね	Editional	
山口	山口連隊区ですね	Editional	
管区	山口連隊区ですね	Editional	
明治	山口連隊区ですね	Editional	
宮古	宮古民謡ですね	Editional	
歌	宮古民謡ですね	Editional	
民謡	宮古民謡ですね	Editional	
神歌	宮古民謡ですね	Editional	
言葉	宮古民謡ですね	Editional	
月	石崎ひゅーいですね	Editional	
石崎	石崎ひゅーいですね	Editional	
映画	石崎ひゅーいですね	Editional	
楽曲	石崎ひゅーいですね	Editional	
母親	石崎ひゅーいですね	Editional	
荒	荒俣宏の博物探検史ですね	Editional	
博物	荒俣宏の博物探検史ですね	Editional	
年表	荒俣宏の博物探検史ですね	Editional	
珍	荒俣宏の博物探検史ですね	Editional	
平凡社	荒俣宏の博物探検史ですね	Editional	
妻	島津泰子ですね	Editional	
島津	島津泰子ですね	Editional	
長男	島津泰子ですね	Editional	
泰子	島津泰子ですね	Editional	
月	島津泰子ですね	Editional	
東京	後藤・安田記念東京都市研究所ですね	Editional	
市政	後藤・安田記念東京都市研究所ですね	Editional	
安田	後藤・安田記念東京都市研究所ですね	Editional	
後藤	後藤・安田記念東京都市研究所ですね	Editional	
都市	後藤・安田記念東京都市研究所ですね	Editional	
月	牧村英雄ですね	Editional	
牧村	牧村英雄ですね	Editional	
英雄	牧村英雄ですね	Editional	
まき	牧村英雄ですね	Editional	
むら	牧村英雄ですね	Editional	
日本	千葉源蔵ですね	Editional	
千葉	千葉源蔵ですね	Editional	
源蔵	千葉源蔵ですね	Editional	
月	千葉源蔵ですね	Editional	
雑誌	千葉源蔵ですね	Editional	
バレエ	ナタリア・ベスメルトノワですね	Editional	
ボリショイ	ナタリア・ベスメルトノワですね	Editional	
ジュリエット	ナタリア・ベスメルトノワですね	Editional	
月	ナタリア・ベスメルトノワですね	Editional	
バレリーナ	ナタリア・ベスメルトノワですね	Editional	
名越	名越善正ですね	Editional	
善正	名越善正ですね	Editional	
時代	名越善正ですね	Editional	
ぜん	名越善正ですね	Editional	
元和	名越善正ですね	Editional	
山田	山田勇助ですね	Editional	
月	山田勇助ですね	Editional	
水雷	山田勇助ですね	Editional	
千鳥	山田勇助ですね	Editional	
暁	山田勇助ですね	Editional	
神戸	神戸淳吉ですね	Editional	
淳	神戸淳吉ですね	Editional	
吉	神戸淳吉ですね	Editional	
日本	神戸淳吉ですね	Editional	
作家	神戸淳吉ですね	Editional	
日本	中山紀子ですね	Editional	
大会	中山紀子ですね	Editional	
女子	中山紀子ですね	Editional	
シングルス	中山紀子ですね	Editional	
バドミントン	中山紀子ですね	Editional	
アルフレッド	アル・ピアンタドーシですね	Editional	
音楽	アル・ピアンタドーシですね	Editional	
月	アル・ピアンタドーシですね	Editional	
ピアニスト	アル・ピアンタドーシですね	Editional	
カリフォルニア	アル・ピアンタドーシですね	Editional	
昭和	佐藤清一郎 (医師)ですね	Editional	
大学	佐藤清一郎 (医師)ですね	Editional	
佐藤	佐藤清一郎 (医師)ですね	Editional	
外科	佐藤清一郎 (医師)ですね	Editional	
医学	佐藤清一郎 (医師)ですね	Editional	
槇原	四つ葉のクローバー (槇原敬之の曲)ですね	Editional	
クローバー	四つ葉のクローバー (槇原敬之の曲)ですね	Editional	
シングル	四つ葉のクローバー (槇原敬之の曲)ですね	Editional	
ドラマ	四つ葉のクローバー (槇原敬之の曲)ですね	Editional	
主題歌	四つ葉のクローバー (槇原敬之の曲)ですね	Editional	
加賀	加賀市立橋立中学校ですね	Editional	
中学校	加賀市立橋立中学校ですね	Editional	
市立	加賀市立橋立中学校ですね	Editional	
橋立	加賀市立橋立中学校ですね	Editional	
りつ	加賀市立橋立中学校ですね	Editional	
加賀	加賀市立東和中学校ですね	Editional	
中学校	加賀市立東和中学校ですね	Editional	
市立	加賀市立東和中学校ですね	Editional	
東和	加賀市立東和中学校ですね	Editional	
りつ	加賀市立東和中学校ですね	Editional	
加賀	加賀市立片山津中学校ですね	Editional	
中学校	加賀市立片山津中学校ですね	Editional	
市立	加賀市立片山津中学校ですね	Editional	
片山津	加賀市立片山津中学校ですね	Editional	
りつ	加賀市立片山津中学校ですね	Editional	
小松	小松市立御幸中学校ですね	Editional	
中学校	小松市立御幸中学校ですね	Editional	
市立	小松市立御幸中学校ですね	Editional	
御幸	小松市立御幸中学校ですね	Editional	
りつ	小松市立御幸中学校ですね	Editional	
月	バディ・ブラッドフォードですね	Editional	
シーズン	バディ・ブラッドフォードですね	Editional	
野球	バディ・ブラッドフォードですね	Editional	
バディ	バディ・ブラッドフォードですね	Editional	
プロ	バディ・ブラッドフォードですね	Editional	
ジョン	ジョン・J・カヴェラーズですね	Editional	
カナダ	ジョン・J・カヴェラーズですね	Editional	
衛星	ジョン・J・カヴェラーズですね	Editional	
大学	ジョン・J・カヴェラーズですね	Editional	
天体	ジョン・J・カヴェラーズですね	Editional	
佐藤	佐藤俊夫 (実業家)ですね	Editional	
俊夫	佐藤俊夫 (実業家)ですね	Editional	
実業	佐藤俊夫 (実業家)ですね	Editional	
月	佐藤俊夫 (実業家)ですね	Editional	
さとう	佐藤俊夫 (実業家)ですね	Editional	
カナダ	ジミー・ヴァン・オストランドですね	Editional	
月	ジミー・ヴァン・オストランドですね	Editional	
野球	ジミー・ヴァン・オストランドですね	Editional	
リーグ	ジミー・ヴァン・オストランドですね	Editional	
ワールドカップ	ジミー・ヴァン・オストランドですね	Editional	
淵	深き淵より (ジェフスキー)ですね	Editional	
ジェフ	深き淵より (ジェフスキー)ですね	Editional	
スキー	深き淵より (ジェフスキー)ですね	Editional	
ピアニスト	深き淵より (ジェフスキー)ですね	Editional	
フレデリック	深き淵より (ジェフスキー)ですね	Editional	
石川	石川光男ですね	Editional	
光男	石川光男ですね	Editional	
月	石川光男ですね	Editional	
みつお	石川光男ですね	Editional	
日本	石川光男ですね	Editional	
図司	図司安正ですね	Editional	
安正	図司安正ですね	Editional	
月	図司安正ですね	Editional	
すま	図司安正ですね	Editional	
明治	図司安正ですね	Editional	
ラジオ	進音ですね	Editional	
進	進音ですね	Editional	
音	進音ですね	Editional	
月	進音ですね	Editional	
日生	進音ですね	Editional	
月	笑点デラックスですね	Editional	
笑	笑点デラックスですね	Editional	
デラックス	笑点デラックスですね	Editional	
番組	笑点デラックスですね	Editional	
オープニング	笑点デラックスですね	Editional	
月	佐藤和樹ですね	Editional	
選手	佐藤和樹ですね	Editional	
佐藤	佐藤和樹ですね	Editional	
和樹	佐藤和樹ですね	Editional	
名古屋	佐藤和樹ですね	Editional	
競輪	柴崎俊光ですね	Editional	
学校	柴崎俊光ですね	Editional	
柴崎	柴崎俊光ですね	Editional	
俊光	柴崎俊光ですね	Editional	
月	柴崎俊光ですね	Editional	
月	山内孝ですね	Editional	
会長	山内孝ですね	Editional	
山内	山内孝ですね	Editional	
孝	山内孝ですね	Editional	
マツダ	山内孝ですね	Editional	
競輪	大井健司ですね	Editional	
大井	大井健司ですね	Editional	
月	大井健司ですね	Editional	
選手	大井健司ですね	Editional	
学校	大井健司ですね	Editional	
萩原	萩原静安ですね	Editional	
静	萩原静安ですね	Editional	
江戸	萩原静安ですね	Editional	
斎	萩原静安ですね	Editional	
山梨	萩原静安ですね	Editional	
浦項	迎日湾ですね	Editional	
迎	迎日湾ですね	Editional	
工業	迎日湾ですね	Editional	
烏	迎日湾ですね	Editional	
日	迎日湾ですね	Editional	
月	フランコ・アウトリですね	Editional	
交響	フランコ・アウトリですね	Editional	
楽団	フランコ・アウトリですね	Editional	
ニューヨーク	フランコ・アウトリですね	Editional	
イタリア	フランコ・アウトリですね	Editional	
宇佐美	宇佐美佑果ですね	Editional	
佑	宇佐美佑果ですね	Editional	
果	宇佐美佑果ですね	Editional	
うさ	宇佐美佑果ですね	Editional	
月	宇佐美佑果ですね	Editional	
相互	フェルミ相互作用ですね	Editional	
カレント	フェルミ相互作用ですね	Editional	
理論	フェルミ相互作用ですね	Editional	
ベクトル	フェルミ相互作用ですね	Editional	
粒子	フェルミ相互作用ですね	Editional	
オイラー	オイラー＝ハイゼンベルク・ラグランジアンですね	Editional	
光子	オイラー＝ハイゼンベルク・ラグランジアンですね	Editional	
理論	オイラー＝ハイゼンベルク・ラグランジアンですね	Editional	
量子	オイラー＝ハイゼンベルク・ラグランジアンですね	Editional	
電磁場	オイラー＝ハイゼンベルク・ラグランジアンですね	Editional	
ゲーム	岡田智ですね	Editional	
ボーイ	岡田智ですね	Editional	
任天堂	岡田智ですね	Editional	
技術	岡田智ですね	Editional	
ハードウェア	岡田智ですね	Editional	
テイラー	テイラー郡ですね	Editional	
郡	テイラー郡ですね	Editional	
英語	テイラー郡ですね	Editional	
アメリカ合衆国	テイラー郡ですね	Editional	
名称	テイラー郡ですね	Editional	
丸	日昌丸ですね	Editional	
日本	日昌丸ですね	Editional	
船団	日昌丸ですね	Editional	
日	日昌丸ですね	Editional	
昌	日昌丸ですね	Editional	
ダン	ダン郡ですね	Editional	
郡	ダン郡ですね	Editional	
月	エリザベス・ギリースですね	Editional	
エリザベス	エリザベス・ギリースですね	Editional	
アメリカ合衆国	エリザベス・ギリースですね	Editional	
女優	エリザベス・ギリースですね	Editional	
テレビ	エリザベス・ギリースですね	Editional	
昭和	川崎俊一ですね	Editional	
京都	川崎俊一ですね	Editional	
月	川崎俊一ですね	Editional	
大正	川崎俊一ですね	Editional	
帝国	川崎俊一ですね	Editional	
俳優	坪野鎌之ですね	Editional	
映画	坪野鎌之ですね	Editional	
坪野	坪野鎌之ですね	Editional	
鎌	坪野鎌之ですね	Editional	
三船	坪野鎌之ですね	Editional	
脚本	秋田佐知子ですね	Editional	
秋田	秋田佐知子ですね	Editional	
佐知子	秋田佐知子ですね	Editional	
月	秋田佐知子ですね	Editional	
日本	秋田佐知子ですね	Editional	
日本	高瀬伝ですね	Editional	
鉄道	高瀬伝ですね	Editional	
衆議院	高瀬伝ですね	Editional	
議員	高瀬伝ですね	Editional	
高瀬	高瀬伝ですね	Editional	
九条	九条恵子ですね	Editional	
恵子	九条恵子ですね	Editional	
道	九条恵子ですね	Editional	
婦人	九条恵子ですね	Editional	
月	九条恵子ですね	Editional	
昭和	九条日浄ですね	Editional	
浄	九条日浄ですね	Editional	
月	九条日浄ですね	Editional	
村雲	九条日浄ですね	Editional	
九条	九条日浄ですね	Editional	
くじら	大島くじらですね	Editional	
大島	大島くじらですね	Editional	
日本	大島くじらですね	Editional	
女子	大島くじらですね	Editional	
プロレスラー	大島くじらですね	Editional	
治子	島津治子ですね	Editional	
島津	島津治子ですね	Editional	
月	島津治子ですね	Editional	
女学校	島津治子ですね	Editional	
昭和	島津治子ですね	Editional	
島津	島津季子ですね	Editional	
忠弘	島津季子ですね	Editional	
季子	島津季子ですね	Editional	
月	島津季子ですね	Editional	
妻	島津季子ですね	Editional	
番組	田辺晋太郎 あなたへバトンタッチですね	Editional	
田辺	田辺晋太郎 あなたへバトンタッチですね	Editional	
文化放送	田辺晋太郎 あなたへバトンタッチですね	Editional	
晋	田辺晋太郎 あなたへバトンタッチですね	Editional	
太郎	田辺晋太郎 あなたへバトンタッチですね	Editional	
アリス	アリス・アバーナシーですね	Editional	
能力	アリス・アバーナシーですね	Editional	
ジル	アリス・アバーナシーですね	Editional	
戦い	アリス・アバーナシーですね	Editional	
部隊	アリス・アバーナシーですね	Editional	
近衛	近衛千代子ですね	Editional	
千代子	近衛千代子ですね	Editional	
昭和	近衛千代子ですね	Editional	
文麿	近衛千代子ですね	Editional	
月	近衛千代子ですね	Editional	
郡	オークレア郡 (ウィスコンシン州)ですね	Editional	
ウィスコンシン	オークレア郡 (ウィスコンシン州)ですね	Editional	
人口	オークレア郡 (ウィスコンシン州)ですね	Editional	
議員	オークレア郡 (ウィスコンシン州)ですね	Editional	
国勢調査	オークレア郡 (ウィスコンシン州)ですね	Editional	
森本	森本晴香ですね	Editional	
晴香	森本晴香ですね	Editional	
はるか	森本晴香ですね	Editional	
月	森本晴香ですね	Editional	
南海放送	森本晴香ですね	Editional	
人口	ダン郡 (ウィスコンシン州)ですね	Editional	
ダン	ダン郡 (ウィスコンシン州)ですね	Editional	
郡	ダン郡 (ウィスコンシン州)ですね	Editional	
国勢調査	ダン郡 (ウィスコンシン州)ですね	Editional	
都市	ダン郡 (ウィスコンシン州)ですね	Editional	
大津	大津慶吾ですね	Editional	
吾	大津慶吾ですね	Editional	
月	大津慶吾ですね	Editional	
慶	大津慶吾ですね	Editional	
けい	大津慶吾ですね	Editional	
ピアニスト	三石精一ですね	Editional	
三石	三石精一ですね	Editional	
精一	三石精一ですね	Editional	
東京	三石精一ですね	Editional	
大学	三石精一ですね	Editional	
阿賀野川	松ヶ崎掘割ですね	Editional	
松ヶ崎	松ヶ崎掘割ですね	Editional	
掘割	松ヶ崎掘割ですね	Editional	
新田	松ヶ崎掘割ですね	Editional	
堰	松ヶ崎掘割ですね	Editional	
やすこ	辻やすこですね	Editional	
女優	辻やすこですね	Editional	
辻	辻やすこですね	Editional	
モデル	辻やすこですね	Editional	
昭和	辻やすこですね	Editional	
場所	蒼天龍政光ですね	Editional	
月	蒼天龍政光ですね	Editional	
相撲	蒼天龍政光ですね	Editional	
豊橋	蒼天龍政光ですね	Editional	
部屋	蒼天龍政光ですね	Editional	
東京	安藤和久ですね	Editional	
安藤	安藤和久ですね	Editional	
和久	安藤和久ですね	Editional	
支社	安藤和久ですね	Editional	
ひさ	安藤和久ですね	Editional	
コスモス	馬場コスモス畑ですね	Editional	
馬場	馬場コスモス畑ですね	Editional	
畑	馬場コスモス畑ですね	Editional	
たけ	馬場コスモス畑ですね	Editional	
兵庫	馬場コスモス畑ですね	Editional	
酒向	酒向真理ですね	Editional	
オックスフォード大学	酒向真理ですね	Editional	
教授	酒向真理ですね	Editional	
大学	酒向真理ですね	Editional	
真理	酒向真理ですね	Editional	
越谷	越谷市立桜井南小学校ですね	Editional	
南	越谷市立桜井南小学校ですね	Editional	
小学校	越谷市立桜井南小学校ですね	Editional	
学校	越谷市立桜井南小学校ですね	Editional	
市立	越谷市立桜井南小学校ですね	Editional	
国頭	国頭正弥ですね	Editional	
正弥	国頭正弥ですね	Editional	
琉球	国頭正弥ですね	Editional	
家久	国頭正弥ですね	Editional	
陣	国頭正弥ですね	Editional	
イギリス	ジョゼフ・ブルッサールですね	Editional	
月	ジョゼフ・ブルッサールですね	Editional	
戦い	ジョゼフ・ブルッサールですね	Editional	
フランス	ジョゼフ・ブルッサールですね	Editional	
砦	ジョゼフ・ブルッサールですね	Editional	
作品	吉岡正人ですね	Editional	
吉岡	吉岡正人ですね	Editional	
正人	吉岡正人ですね	Editional	
女性	吉岡正人ですね	Editional	
昭和	吉岡正人ですね	Editional	
山下	山下友弘ですね	Editional	
友弘	山下友弘ですね	Editional	
脚本	山下友弘ですね	Editional	
作品	山下友弘ですね	Editional	
教師	山下友弘ですね	Editional	
ミカ	ミカエラですね	Editional	
エラ	ミカエラですね	Editional	
ミ	ミカエラですね	Editional	
ヨーロッパ	ミカエラですね	Editional	
女性	ミカエラですね	Editional	
オペル	児玉英雄ですね	Editional	
児玉	児玉英雄ですね	Editional	
カー	児玉英雄ですね	Editional	
デザイナー	児玉英雄ですね	Editional	
英雄	児玉英雄ですね	Editional	
金	金氏 (奥州)ですね	Editional	
気仙	金氏 (奥州)ですね	Editional	
豪族	金氏 (奥州)ですね	Editional	
安倍	金氏 (奥州)ですね	Editional	
平安	金氏 (奥州)ですね	Editional	
小野	小野ハルカですね	Editional	
ハル	小野ハルカですね	Editional	
漫画	小野ハルカですね	Editional	
おの	小野ハルカですね	Editional	
はるか	小野ハルカですね	Editional	
月	安彦考真ですね	Editional	
サッカー	安彦考真ですね	Editional	
学校	安彦考真ですね	Editional	
神奈川	安彦考真ですね	Editional	
選手	安彦考真ですね	Editional	
俵	俵浩三ですね	Editional	
浩三	俵浩三ですね	Editional	
わら	俵浩三ですね	Editional	
ひろみ	俵浩三ですね	Editional	
月	俵浩三ですね	Editional	
競輪	藤原憲征ですね	Editional	
平成	藤原憲征ですね	Editional	
学校	藤原憲征ですね	Editional	
藤原	藤原憲征ですね	Editional	
大会	藤原憲征ですね	Editional	
鷲崎	鷲崎健の王様は退屈じゃ!ですね	Editional	
健	鷲崎健の王様は退屈じゃ!ですね	Editional	
王様	鷲崎健の王様は退屈じゃ!ですね	Editional	
ラジオ	鷲崎健の王様は退屈じゃ!ですね	Editional	
月	鷲崎健の王様は退屈じゃ!ですね	Editional	
深谷	深谷理紗ですね	Editional	
理紗	深谷理紗ですね	Editional	
アイドル	深谷理紗ですね	Editional	
りさ	深谷理紗ですね	Editional	
月	深谷理紗ですね	Editional	
成都	成都地下鉄2号線ですね	Editional	
成	成都地下鉄2号線ですね	Editional	
月	成都地下鉄2号線ですね	Editional	
茶店	成都地下鉄2号線ですね	Editional	
客	成都地下鉄2号線ですね	Editional	
高森	高森惟直ですね	Editional	
阿蘇	高森惟直ですね	Editional	
惟直	高森惟直ですね	Editional	
時代	高森惟直ですね	Editional	
島津	高森惟直ですね	Editional	
カート	カート・ファーンリーですね	Editional	
車いす	カート・ファーンリーですね	Editional	
月	カート・ファーンリーですね	Editional	
オーストラリア	カート・ファーンリーですね	Editional	
陸上	カート・ファーンリーですね	Editional	
月	ジョン・バイロンですね	Editional	
イギリス	ジョン・バイロンですね	Editional	
諸島	ジョン・バイロンですね	Editional	
ジョン	ジョン・バイロンですね	Editional	
海軍	ジョン・バイロンですね	Editional	
笠原	笠原邦暁ですね	Editional	
脚本	笠原邦暁ですね	Editional	
邦	笠原邦暁ですね	Editional	
暁	笠原邦暁ですね	Editional	
かさ	笠原邦暁ですね	Editional	
番組	堀江政生のほりナビ!!ですね	Editional	
月	堀江政生のほりナビ!!ですね	Editional	
堀江	堀江政生のほりナビ!!ですね	Editional	
ラジオ	堀江政生のほりナビ!!ですね	Editional	
ほり	堀江政生のほりナビ!!ですね	Editional	
芸術	村木ひろのですね	Editional	
日本	村木ひろのですね	Editional	
東京	村木ひろのですね	Editional	
ピアノ	村木ひろのですね	Editional	
村木	村木ひろのですね	Editional	
銅	銅金英一ですね	Editional	
金	銅金英一ですね	Editional	
英一	銅金英一ですね	Editional	
えい	銅金英一ですね	Editional	
いち	銅金英一ですね	Editional	
バスケットボール	井上愛 (バスケットボール)ですね	Editional	
大会	井上愛 (バスケットボール)ですね	Editional	
学校	井上愛 (バスケットボール)ですね	Editional	
高松	井上愛 (バスケットボール)ですね	Editional	
全国	井上愛 (バスケットボール)ですね	Editional	
検車	森之宮検車場ですね	Editional	
車両	森之宮検車場ですね	Editional	
森之宮	森之宮検車場ですね	Editional	
大阪	森之宮検車場ですね	Editional	
部門	森之宮検車場ですね	Editional	
入間川	入間川清藏ですね	Editional	
部屋	入間川清藏ですね	Editional	
清	入間川清藏ですね	Editional	
藏	入間川清藏ですね	Editional	
月	入間川清藏ですね	Editional	
アマチュア	ロバート・マロキンですね	Editional	
月	ロバート・マロキンですね	Editional	
オリンピック	ロバート・マロキンですね	Editional	
ロバート	ロバート・マロキンですね	Editional	
プロ	ロバート・マロキンですね	Editional	
教授	佐藤七郎ですね	Editional	
生物	佐藤七郎ですね	Editional	
佐藤	佐藤七郎ですね	Editional	
七郎	佐藤七郎ですね	Editional	
東京大学	佐藤七郎ですね	Editional	
南洋	鈴木経勲ですね	Editional	
諸島	鈴木経勲ですね	Editional	
マーシャル	鈴木経勲ですね	Editional	
鈴木	鈴木経勲ですね	Editional	
実記	鈴木経勲ですね	Editional	
山下	山下与志一ですね	Editional	
与志	山下与志一ですね	Editional	
月	山下与志一ですね	Editional	
日本	山下与志一ですね	Editional	
やました	山下与志一ですね	Editional	
王座	ルーカス・コネチですね	Editional	
月	ルーカス・コネチですね	Editional	
王者	ルーカス・コネチですね	Editional	
世界	ルーカス・コネチですね	Editional	
チェコ	ルーカス・コネチですね	Editional	
モデル	華恵ですね	Editional	
エッセイ	華恵ですね	Editional	
華	華恵ですね	Editional	
恵	華恵ですね	Editional	
日本	華恵ですね	Editional	
郡	ジャクソン郡 (ウィスコンシン州)ですね	Editional	
人口	ジャクソン郡 (ウィスコンシン州)ですね	Editional	
ジャクソン	ジャクソン郡 (ウィスコンシン州)ですね	Editional	
国勢調査	ジャクソン郡 (ウィスコンシン州)ですね	Editional	
マイル	ジャクソン郡 (ウィスコンシン州)ですね	Editional	
月	ジェームス・カークランドですね	Editional	
初回	ジェームス・カークランドですね	Editional	
カークランド	ジェームス・カークランドですね	Editional	
刑務所	ジェームス・カークランドですね	Editional	
負け	ジェームス・カークランドですね	Editional	
水戸	村上吉子ですね	Editional	
左近	村上吉子ですね	Editional	
光圀	村上吉子ですね	Editional	
泰	村上吉子ですね	Editional	
姫	村上吉子ですね	Editional	
生物	中村禎里ですね	Editional	
教授	中村禎里ですね	Editional	
日本	中村禎里ですね	Editional	
科学	中村禎里ですね	Editional	
中村	中村禎里ですね	Editional	
環境	森本英香ですね	Editional	
月	森本英香ですね	Editional	
環境省	森本英香ですね	Editional	
官房	森本英香ですね	Editional	
内閣	森本英香ですね	Editional	
弘	安倍寛麻呂ですね	Editional	
仁	安倍寛麻呂ですね	Editional	
参議	安倍寛麻呂ですね	Editional	
安倍	安倍寛麻呂ですね	Editional	
寛	安倍寛麻呂ですね	Editional	
クリス	クリス・ジャックですね	Editional	
ジャック	クリス・ジャックですね	Editional	
音楽	エリック・リボムですね	Editional	
日本	エリック・リボムですね	Editional	
チャート	エリック・リボムですね	Editional	
シンセサイザー	エリック・リボムですね	Editional	
エリック	エリック・リボムですね	Editional	
古内	古内義明ですね	Editional	
義明	古内義明ですね	Editional	
スポーツ	古内義明ですね	Editional	
月	古内義明ですね	Editional	
日本	古内義明ですね	Editional	
剣道	紙本栄一ですね	Editional	
昭和	紙本栄一ですね	Editional	
居合	紙本栄一ですね	Editional	
山口	紙本栄一ですね	Editional	
中学校	紙本栄一ですね	Editional	
薬学	五十里彰ですね	Editional	
日本	五十里彰ですね	Editional	
薬学部	五十里彰ですね	Editional	
教授	五十里彰ですね	Editional	
学会	五十里彰ですね	Editional	
科学	渡辺政隆ですね	Editional	
教授	渡辺政隆ですね	Editional	
技術	渡辺政隆ですね	Editional	
客員	渡辺政隆ですね	Editional	
コミュニケーション	渡辺政隆ですね	Editional	
ドイツ	ハンス・ランゲですね	Editional	
交響	ハンス・ランゲですね	Editional	
楽団	ハンス・ランゲですね	Editional	
月	ハンス・ランゲですね	Editional	
イスタンブール	ハンス・ランゲですね	Editional	
高野	高野宗雄ですね	Editional	
宗雄	高野宗雄ですね	Editional	
月	高野宗雄ですね	Editional	
理事	高野宗雄ですね	Editional	
たか	高野宗雄ですね	Editional	
菅原	菅原佳子ですね	Editional	
佳子	菅原佳子ですね	Editional	
す	菅原佳子ですね	Editional	
日本	菅原佳子ですね	Editional	
女優	菅原佳子ですね	Editional	
連隊	小倉連隊区ですね	Editional	
月	小倉連隊区ですね	Editional	
福岡	小倉連隊区ですね	Editional	
区域	小倉連隊区ですね	Editional	
小倉	小倉連隊区ですね	Editional	
委員	金子晃ですね	Editional	
座長	金子晃ですね	Editional	
金子	金子晃ですね	Editional	
晃	金子晃ですね	Editional	
日本	金子晃ですね	Editional	
俊子	久我俊子ですね	Editional	
久我	久我俊子ですね	Editional	
東福門院	久我俊子ですね	Editional	
月	久我俊子ですね	Editional	
慶安	久我俊子ですね	Editional	
月	伊藤修子ですね	Editional	
劇団	伊藤修子ですね	Editional	
拙者	伊藤修子ですね	Editional	
ムニエル	伊藤修子ですね	Editional	
舞台	伊藤修子ですね	Editional	
社会	大槻哲也ですね	Editional	
保険	大槻哲也ですね	Editional	
労務	大槻哲也ですね	Editional	
大槻	大槻哲也ですね	Editional	
月	大槻哲也ですね	Editional	
ピアノ	ステファン・ヘラーですね	Editional	
音楽	ステファン・ヘラーですね	Editional	
ブダペスト	ステファン・ヘラーですね	Editional	
協奏曲	ステファン・ヘラーですね	Editional	
パリ	ステファン・ヘラーですね	Editional	
月	アントワーヌ＝ジョゼフ・サンテールですね	Editional	
パリ	アントワーヌ＝ジョゼフ・サンテールですね	Editional	
ジョゼフ	アントワーヌ＝ジョゼフ・サンテールですね	Editional	
王	アントワーヌ＝ジョゼフ・サンテールですね	Editional	
サン	アントワーヌ＝ジョゼフ・サンテールですね	Editional	
大分	岸田翔平ですね	Editional	
岸田	岸田翔平ですね	Editional	
月	岸田翔平ですね	Editional	
リーグ	岸田翔平ですね	Editional	
プロ	岸田翔平ですね	Editional	
小松	小松市立中海中学校ですね	Editional	
中学校	小松市立中海中学校ですね	Editional	
市立	小松市立中海中学校ですね	Editional	
中海	小松市立中海中学校ですね	Editional	
みち	小松市立中海中学校ですね	Editional	
教授	里深文彦ですね	Editional	
里深	里深文彦ですね	Editional	
文彦	里深文彦ですね	Editional	
教養	里深文彦ですね	Editional	
学部	里深文彦ですね	Editional	
仁	源懿子 (後白河天皇妃)ですね	Editional	
親王	源懿子 (後白河天皇妃)ですね	Editional	
源	源懿子 (後白河天皇妃)ですね	Editional	
後白河天皇	源懿子 (後白河天皇妃)ですね	Editional	
月	源懿子 (後白河天皇妃)ですね	Editional	
小松	小松市立板津中学校ですね	Editional	
中学校	小松市立板津中学校ですね	Editional	
市立	小松市立板津中学校ですね	Editional	
板津	小松市立板津中学校ですね	Editional	
りつ	小松市立板津中学校ですね	Editional	
女優	女優フランシスですね	Editional	
フランシス	女優フランシスですね	Editional	
映画	女優フランシスですね	Editional	
原題	女優フランシスですね	Editional	
アメリカ合衆国	女優フランシスですね	Editional	
小松	小松市立丸内中学校ですね	Editional	
中学校	小松市立丸内中学校ですね	Editional	
市立	小松市立丸内中学校ですね	Editional	
丸内	小松市立丸内中学校ですね	Editional	
りつ	小松市立丸内中学校ですね	Editional	
モバイル	汐留モバイルですね	Editional	
汐留	汐留モバイルですね	Editional	
株式会社	汐留モバイルですね	Editional	
ソフトバンク	汐留モバイルですね	Editional	
事業	汐留モバイルですね	Editional	
小松	小松市立松東中学校ですね	Editional	
中学校	小松市立松東中学校ですね	Editional	
市立	小松市立松東中学校ですね	Editional	
松	小松市立松東中学校ですね	Editional	
東中	小松市立松東中学校ですね	Editional	
小松	小松市立南部中学校ですね	Editional	
南部	小松市立南部中学校ですね	Editional	
市立	小松市立南部中学校ですね	Editional	
中学校	小松市立南部中学校ですね	Editional	
りつ	小松市立南部中学校ですね	Editional	
月	佐藤晴美ですね	Editional	
佐藤	佐藤晴美ですね	Editional	
晴美	佐藤晴美ですね	Editional	
モデル	佐藤晴美ですね	Editional	
初	佐藤晴美ですね	Editional	
音楽	モナ＝飛鳥・オットですね	Editional	
ピアノ	モナ＝飛鳥・オットですね	Editional	
国際	モナ＝飛鳥・オットですね	Editional	
ドイツ	モナ＝飛鳥・オットですね	Editional	
コンクール	モナ＝飛鳥・オットですね	Editional	
環境	綿貫礼子ですね	Editional	
綿貫	綿貫礼子ですね	Editional	
礼子	綿貫礼子ですね	Editional	
わ	綿貫礼子ですね	Editional	
たぬき	綿貫礼子ですね	Editional	
姫	姫狐の召使いですね	Editional	
狐	姫狐の召使いですね	Editional	
召使い	姫狐の召使いですね	Editional	
サー	姫狐の召使いですね	Editional	
バント	姫狐の召使いですね	Editional	
教授	鈴木善次ですね	Editional	
科学	鈴木善次ですね	Editional	
鈴木	鈴木善次ですね	Editional	
善次	鈴木善次ですね	Editional	
大阪教育大学	鈴木善次ですね	Editional	
浜崎	浜崎健ですね	Editional	
健	浜崎健ですね	Editional	
赤	浜崎健ですね	Editional	
現代	浜崎健ですね	Editional	
ギャラリー	浜崎健ですね	Editional	
トーマス	トーマス・イェンセンですね	Editional	
月	トーマス・イェンセンですね	Editional	
デンマーク	トーマス・イェンセンですね	Editional	
コペンハーゲン	トーマス・イェンセンですね	Editional	
音楽	トーマス・イェンセンですね	Editional	
ヒーロー	海老名保ですね	Editional	
秋田	海老名保ですね	Editional	
月	海老名保ですね	Editional	
神	海老名保ですね	Editional	
海老名	海老名保ですね	Editional	
国際	小久保康之ですね	Editional	
政治	小久保康之ですね	Editional	
日本	小久保康之ですね	Editional	
学会	小久保康之ですね	Editional	
大学	小久保康之ですね	Editional	
浅間	宍野半ですね	Editional	
月	宍野半ですね	Editional	
富士	宍野半ですね	Editional	
扶桑	宍野半ですね	Editional	
教	宍野半ですね	Editional	
マルク	マルク＝アンドレ・セルヴァンですね	Editional	
アンドレ	マルク＝アンドレ・セルヴァンですね	Editional	
月	マルク＝アンドレ・セルヴァンですね	Editional	
カナダ	マルク＝アンドレ・セルヴァンですね	Editional	
出身	マルク＝アンドレ・セルヴァンですね	Editional	
王	金山 (俳優)ですね	Editional	
中国	金山 (俳優)ですね	Editional	
劇	金山 (俳優)ですね	Editional	
金山	金山 (俳優)ですね	Editional	
俳優	金山 (俳優)ですね	Editional	
教授	中村方子ですね	Editional	
中村	中村方子ですね	Editional	
方子	中村方子ですね	Editional	
動物	中村方子ですね	Editional	
中央大学	中村方子ですね	Editional	
鈴	青井鈴音ですね	Editional	
青井	青井鈴音ですね	Editional	
すず	青井鈴音ですね	Editional	
音	青井鈴音ですね	Editional	
あおい	青井鈴音ですね	Editional	
夏	夏寿司ですね	Editional	
寿司	夏寿司ですね	Editional	
日本	夏寿司ですね	Editional	
ライト	夏寿司ですね	Editional	
ノベル	夏寿司ですね	Editional	
セルビア	ニーナ・ロシッチですね	Editional	
リーグ	ニーナ・ロシッチですね	Editional	
バレーボール	ニーナ・ロシッチですね	Editional	
ニーナ	ニーナ・ロシッチですね	Editional	
月	ニーナ・ロシッチですね	Editional	
金剛	金剛右京ですね	Editional	
明治	金剛右京ですね	Editional	
月	金剛右京ですね	Editional	
宗家	金剛右京ですね	Editional	
右京	金剛右京ですね	Editional	
阿部	阿部好臣ですね	Editional	
臣	阿部好臣ですね	Editional	
日本	阿部好臣ですね	Editional	
月	阿部好臣ですね	Editional	
古典	阿部好臣ですね	Editional	
野田	野田内閣 (第3次改造)ですね	Editional	
月	野田内閣 (第3次改造)ですね	Editional	
内閣	野田内閣 (第3次改造)ですね	Editional	
衆議院	野田内閣 (第3次改造)ですね	Editional	
民主党	野田内閣 (第3次改造)ですね	Editional	
漢文	遠藤哲夫 (漢文学者)ですね	Editional	
教授	遠藤哲夫 (漢文学者)ですね	Editional	
遠藤	遠藤哲夫 (漢文学者)ですね	Editional	
哲夫	遠藤哲夫 (漢文学者)ですね	Editional	
学者	遠藤哲夫 (漢文学者)ですね	Editional	
小学校	岡崎市立宮崎小学校ですね	Editional	
岡崎	岡崎市立宮崎小学校ですね	Editional	
市立	岡崎市立宮崎小学校ですね	Editional	
宮崎	岡崎市立宮崎小学校ですね	Editional	
学校	岡崎市立宮崎小学校ですね	Editional	
月	中村要ですね	Editional	
天文台	中村要ですね	Editional	
彗星	中村要ですね	Editional	
小惑星	中村要ですね	Editional	
昭和	中村要ですね	Editional	
クラブ	コリン・マーシャルですね	Editional	
コリン	コリン・マーシャルですね	Editional	
マーシャル	コリン・マーシャルですね	Editional	
月	コリン・マーシャルですね	Editional	
スコットランド	コリン・マーシャルですね	Editional	
歴史	清水昇 (作家)ですね	Editional	
清水	清水昇 (作家)ですね	Editional	
昇	清水昇 (作家)ですね	Editional	
作家	清水昇 (作家)ですね	Editional	
群馬	清水昇 (作家)ですね	Editional	
能美	能美市立根上中学校ですね	Editional	
中学校	能美市立根上中学校ですね	Editional	
市立	能美市立根上中学校ですね	Editional	
根上	能美市立根上中学校ですね	Editional	
りつ	能美市立根上中学校ですね	Editional	
能美	能美市立寺井中学校ですね	Editional	
寺井	能美市立寺井中学校ですね	Editional	
中学校	能美市立寺井中学校ですね	Editional	
市立	能美市立寺井中学校ですね	Editional	
りつ	能美市立寺井中学校ですね	Editional	
能美	能美市立辰口中学校ですね	Editional	
辰口	能美市立辰口中学校ですね	Editional	
中学校	能美市立辰口中学校ですね	Editional	
市立	能美市立辰口中学校ですね	Editional	
りつ	能美市立辰口中学校ですね	Editional	
月	熊谷アンドリューですね	Editional	
期限	熊谷アンドリューですね	Editional	
千葉	熊谷アンドリューですね	Editional	
熊谷	熊谷アンドリューですね	Editional	
アンドリュー	熊谷アンドリューですね	Editional	
天野	天野裕充ですね	Editional	
裕	天野裕充ですね	Editional	
充	天野裕充ですね	Editional	
映画	天野裕充ですね	Editional	
シナリオライター	天野裕充ですね	Editional	
川北	川北町立川北中学校ですね	Editional	
中学校	川北町立川北中学校ですね	Editional	
町立	川北町立川北中学校ですね	Editional	
かわき	川北町立川北中学校ですね	Editional	
石川	川北町立川北中学校ですね	Editional	
加賀	加賀市立菅谷小学校ですね	Editional	
小学校	加賀市立菅谷小学校ですね	Editional	
市立	加賀市立菅谷小学校ですね	Editional	
菅谷	加賀市立菅谷小学校ですね	Editional	
りつ	加賀市立菅谷小学校ですね	Editional	
山中	加賀市立山中小学校ですね	Editional	
加賀	加賀市立山中小学校ですね	Editional	
小学校	加賀市立山中小学校ですね	Editional	
温泉	加賀市立山中小学校ですね	Editional	
市立	加賀市立山中小学校ですね	Editional	
連隊	久留米連隊区ですね	Editional	
佐賀	久留米連隊区ですね	Editional	
月	久留米連隊区ですね	Editional	
福岡	久留米連隊区ですね	Editional	
区域	久留米連隊区ですね	Editional	
山口	山口登ですね	Editional	
登	山口登ですね	Editional	
ぐち	山口登ですね	Editional	
丸	都丸尚史ですね	Editional	
尚史	都丸尚史ですね	Editional	
広島	都丸尚史ですね	Editional	
週刊	都丸尚史ですね	Editional	
少年	都丸尚史ですね	Editional	
山口	山口昇ですね	Editional	
昇	山口昇ですね	Editional	
ぐち	山口昇ですね	Editional	
小学校	加賀市立河南小学校ですね	Editional	
加賀	加賀市立河南小学校ですね	Editional	
河南	加賀市立河南小学校ですね	Editional	
市立	加賀市立河南小学校ですね	Editional	
りつ	加賀市立河南小学校ですね	Editional	
心理	山口豊一ですね	Editional	
月	山口豊一ですね	Editional	
教授	山口豊一ですね	Editional	
科学	山口豊一ですね	Editional	
山口	山口豊一ですね	Editional	
サックス	小林洋平 (作編曲家、サックス奏者)ですね	Editional	
奏者	小林洋平 (作編曲家、サックス奏者)ですね	Editional	
音楽	小林洋平 (作編曲家、サックス奏者)ですね	Editional	
小林	小林洋平 (作編曲家、サックス奏者)ですね	Editional	
洋平	小林洋平 (作編曲家、サックス奏者)ですね	Editional	
脚本	ダン・ギルロイですね	Editional	
ギルロイ	ダン・ギルロイですね	Editional	
映画	ダン・ギルロイですね	Editional	
ダン	ダン・ギルロイですね	Editional	
月	ダン・ギルロイですね	Editional	
ライト	ミラード邸ですね	Editional	
ミラー	ミラード邸ですね	Editional	
ド	ミラード邸ですね	Editional	
家	ミラード邸ですね	Editional	
ブロック	ミラード邸ですね	Editional	
鐵	新日鐵住金ですね	Editional	
日本	新日鐵住金ですね	Editional	
鉄鋼	新日鐵住金ですね	Editional	
日	新日鐵住金ですね	Editional	
住金	新日鐵住金ですね	Editional	
山口	山口智ですね	Editional	
智	山口智ですね	Editional	
ぐち	山口智ですね	Editional	
山口	山口俊雄ですね	Editional	
俊雄	山口俊雄ですね	Editional	
ぐち	山口俊雄ですね	Editional	
アリス	立花あんなですね	Editional	
メンバー	立花あんなですね	Editional	
プロジェクト	立花あんなですね	Editional	
立花	立花あんなですね	Editional	
オーディション	立花あんなですね	Editional	
山口	山口祐司ですね	Editional	
祐司	山口祐司ですね	Editional	
ぐち	山口祐司ですね	Editional	
ゆうじ	山口祐司ですね	Editional	
山口	山口喜久一郎ですね	Editional	
喜久一郎	山口喜久一郎ですね	Editional	
ぐち	山口喜久一郎ですね	Editional	
いちろう	山口喜久一郎ですね	Editional	
月	風間丈吉ですね	Editional	
共産党	風間丈吉ですね	Editional	
日本	風間丈吉ですね	Editional	
風間	風間丈吉ですね	Editional	
丈	風間丈吉ですね	Editional	
石狩	金大亭ですね	Editional	
鍋	金大亭ですね	Editional	
鮭	金大亭ですね	Editional	
亭	金大亭ですね	Editional	
金	金大亭ですね	Editional	
下坂	下坂藤太郎ですね	Editional	
銀行	下坂藤太郎ですね	Editional	
東洋	下坂藤太郎ですね	Editional	
海上	下坂藤太郎ですね	Editional	
社長	下坂藤太郎ですね	Editional	
松井	松井神社ですね	Editional	
神社	松井神社ですね	Editional	
細川	松井神社ですね	Editional	
興	松井神社ですね	Editional	
境内	松井神社ですね	Editional	
郡	ウッド郡 (ウィスコンシン州)ですね	Editional	
人口	ウッド郡 (ウィスコンシン州)ですね	Editional	
ウッド	ウッド郡 (ウィスコンシン州)ですね	Editional	
国勢調査	ウッド郡 (ウィスコンシン州)ですね	Editional	
マイル	ウッド郡 (ウィスコンシン州)ですね	Editional	
郡	ブラウン郡 (ウィスコンシン州)ですね	Editional	
委員	ブラウン郡 (ウィスコンシン州)ですね	Editional	
ブラウン	ブラウン郡 (ウィスコンシン州)ですね	Editional	
政	ブラウン郡 (ウィスコンシン州)ですね	Editional	
人口	ブラウン郡 (ウィスコンシン州)ですね	Editional	
番組	十日市秀悦のサタデー横丁ですね	Editional	
サタ	十日市秀悦のサタデー横丁ですね	Editional	
デー	十日市秀悦のサタデー横丁ですね	Editional	
ラジオ	十日市秀悦のサタデー横丁ですね	Editional	
ニュース	十日市秀悦のサタデー横丁ですね	Editional	
日本	有坂隆道ですね	Editional	
教授	有坂隆道ですね	Editional	
有坂	有坂隆道ですね	Editional	
関西大学	有坂隆道ですね	Editional	
隆道	有坂隆道ですね	Editional	
内親王	昭子内親王ですね	Editional	
月	昭子内親王ですね	Editional	
昭子	昭子内親王ですね	Editional	
寛永	昭子内親王ですね	Editional	
延	昭子内親王ですね	Editional	
鉄道	石狩鉄道ですね	Editional	
石狩	石狩鉄道ですね	Editional	
札幌	石狩鉄道ですね	Editional	
株式会社	石狩鉄道ですね	Editional	
月	石狩鉄道ですね	Editional	
今川	今川徳三ですね	Editional	
徳三	今川徳三ですね	Editional	
山梨	今川徳三ですね	Editional	
ぞう	今川徳三ですね	Editional	
月	今川徳三ですね	Editional	
月	桃田賢斗ですね	Editional	
決勝	桃田賢斗ですね	Editional	
世界	桃田賢斗ですね	Editional	
大会	桃田賢斗ですね	Editional	
日本	桃田賢斗ですね	Editional	
音楽	藤澤健至ですね	Editional	
藤澤	藤澤健至ですね	Editional	
健至	藤澤健至ですね	Editional	
ギター	藤澤健至ですね	Editional	
高梨	藤澤健至ですね	Editional	
教授	野口隆ですね	Editional	
野口	野口隆ですね	Editional	
隆	野口隆ですね	Editional	
社会	野口隆ですね	Editional	
広島大学	野口隆ですね	Editional	
取締役	中川謙三ですね	Editional	
謙三	中川謙三ですね	Editional	
福井	中川謙三ですね	Editional	
平泉	中川謙三ですね	Editional	
中川	中川謙三ですね	Editional	
アル	アルビールSCですね	Editional	
ビール	アルビールSCですね	Editional	
クラブ	アルビールSCですね	Editional	
イラク	アルビールSCですね	Editional	
サッカー	アルビールSCですね	Editional	
社長	後藤亘ですね	Editional	
後藤	後藤亘ですね	Editional	
亘	後藤亘ですね	Editional	
月	後藤亘ですね	Editional	
日本	後藤亘ですね	Editional	
月	宮川房之ですね	Editional	
明治	宮川房之ですね	Editional	
長崎	宮川房之ですね	Editional	
初代	宮川房之ですね	Editional	
知事	宮川房之ですね	Editional	
鎌ケ谷	鎌ケ谷市立鎌ケ谷小学校ですね	Editional	
小学校	鎌ケ谷市立鎌ケ谷小学校ですね	Editional	
市立	鎌ケ谷市立鎌ケ谷小学校ですね	Editional	
かま	鎌ケ谷市立鎌ケ谷小学校ですね	Editional	
りつ	鎌ケ谷市立鎌ケ谷小学校ですね	Editional	
ジェイ	ジェイ・リストですね	Editional	
リスト	ジェイ・リストですね	Editional	
日本	ジェイ・リストですね	Editional	
有限	ジェイ・リストですね	Editional	
会社	ジェイ・リストですね	Editional	
鎌ケ谷	鎌ケ谷市立五本松小学校ですね	Editional	
小学校	鎌ケ谷市立五本松小学校ですね	Editional	
市立	鎌ケ谷市立五本松小学校ですね	Editional	
五本松	鎌ケ谷市立五本松小学校ですね	Editional	
かま	鎌ケ谷市立五本松小学校ですね	Editional	
月	大友康匠ですね	Editional	
昭和	大友康匠ですね	Editional	
漫画	大友康匠ですね	Editional	
大友	大友康匠ですね	Editional	
清野	大友康匠ですね	Editional	
日本	永田隆憲ですね	Editional	
早大	永田隆憲ですね	Editional	
大会	永田隆憲ですね	Editional	
九州電力	永田隆憲ですね	Editional	
選手	永田隆憲ですね	Editional	
ボリス	ボリス・フォン・スメルチェックですね	Editional	
作家	ボリス・フォン・スメルチェックですね	Editional	
地域	ボリス・フォン・スメルチェックですね	Editional	
ドイツ	ボリス・フォン・スメルチェックですね	Editional	
出身	ボリス・フォン・スメルチェックですね	Editional	
溝口	溝口ケージですね	Editional	
ケージ	溝口ケージですね	Editional	
動画	溝口ケージですね	Editional	
みぞ	溝口ケージですね	Editional	
ぐち	溝口ケージですね	Editional	
大阪	藤本篤ですね	Editional	
藤本	藤本篤ですね	Editional	
篤	藤本篤ですね	Editional	
所長	藤本篤ですね	Editional	
人権	藤本篤ですね	Editional	
教授	福尾猛市郎ですね	Editional	
福尾	福尾猛市郎ですね	Editional	
猛	福尾猛市郎ですね	Editional	
市郎	福尾猛市郎ですね	Editional	
広島大学	福尾猛市郎ですね	Editional	
脚本	古庄淳ですね	Editional	
映画	古庄淳ですね	Editional	
番組	古庄淳ですね	Editional	
古庄	古庄淳ですね	Editional	
淳	古庄淳ですね	Editional	
日本	梶本恵美ですね	Editional	
ドラマ	梶本恵美ですね	Editional	
時代	梶本恵美ですね	Editional	
梶本	梶本恵美ですね	Editional	
脚本	梶本恵美ですね	Editional	
教授	井上薫 (歴史学者)ですね	Editional	
井上	井上薫 (歴史学者)ですね	Editional	
薫	井上薫 (歴史学者)ですね	Editional	
歴史	井上薫 (歴史学者)ですね	Editional	
学者	井上薫 (歴史学者)ですね	Editional	
望月	望月信成ですね	Editional	
美術	望月信成ですね	Editional	
京都	望月信成ですね	Editional	
信成	望月信成ですね	Editional	
仏教	望月信成ですね	Editional	
小説	マリオ・ソルダーティですね	Editional	
月	マリオ・ソルダーティですね	Editional	
イタリア	マリオ・ソルダーティですね	Editional	
マリオ	マリオ・ソルダーティですね	Editional	
映画	マリオ・ソルダーティですね	Editional	
伊東	伊東電機ですね	Editional	
電機	伊東電機ですね	Editional	
製品	伊東電機ですね	Editional	
株式会社	伊東電機ですね	Editional	
兵庫	伊東電機ですね	Editional	
広島	小倉豊文ですね	Editional	
教授	小倉豊文ですね	Editional	
賢治	小倉豊文ですね	Editional	
小倉	小倉豊文ですね	Editional	
日本	小倉豊文ですね	Editional	
外務	ワリード・アル＝ムアッリムですね	Editional	
大臣	ワリード・アル＝ムアッリムですね	Editional	
アル	ワリード・アル＝ムアッリムですね	Editional	
シリア	ワリード・アル＝ムアッリムですね	Editional	
首相	ワリード・アル＝ムアッリムですね	Editional	
月	入沢達吉ですね	Editional	
明治	入沢達吉ですね	Editional	
大学	入沢達吉ですね	Editional	
東京	入沢達吉ですね	Editional	
昭和	入沢達吉ですね	Editional	
松崎	松崎聖子ですね	Editional	
聖子	松崎聖子ですね	Editional	
バレーボール	松崎聖子ですね	Editional	
高校	松崎聖子ですね	Editional	
日立	松崎聖子ですね	Editional	
教授	今井林太郎ですね	Editional	
月	今井林太郎ですね	Editional	
日本	今井林太郎ですね	Editional	
大学	今井林太郎ですね	Editional	
中世	今井林太郎ですね	Editional	
月	愛沢えみりですね	Editional	
嬢	愛沢えみりですね	Editional	
モデル	愛沢えみりですね	Editional	
同誌	愛沢えみりですね	Editional	
歌舞伎町	愛沢えみりですね	Editional	
ランズ	ジョージ・ランズベリーですね	Editional	
ベリー	ジョージ・ランズベリーですね	Editional	
労働党	ジョージ・ランズベリーですね	Editional	
ロンドン	ジョージ・ランズベリーですね	Editional	
党	ジョージ・ランズベリーですね	Editional	
グループ	新日鐵住金グループですね	Editional	
日	新日鐵住金グループですね	Editional	
鐵	新日鐵住金グループですね	Editional	
住金	新日鐵住金グループですね	Editional	
しん	新日鐵住金グループですね	Editional	
音楽	ハリー・ニューストーンですね	Editional	
ハリー	ハリー・ニューストーンですね	Editional	
ニュー	ハリー・ニューストーンですね	Editional	
ストーン	ハリー・ニューストーンですね	Editional	
月	ハリー・ニューストーンですね	Editional	
香港	香港ラマ島船衝突事故ですね	Editional	
ラマ	香港ラマ島船衝突事故ですね	Editional	
事故	香港ラマ島船衝突事故ですね	Editional	
船	香港ラマ島船衝突事故ですね	Editional	
海上	香港ラマ島船衝突事故ですね	Editional	
佐藤	佐藤孝司ですね	Editional	
月	佐藤孝司ですね	Editional	
佐藤栄学園	佐藤孝司ですね	Editional	
理事	佐藤孝司ですね	Editional	
孝司	佐藤孝司ですね	Editional	
映画	ライアン・ジョンソンですね	Editional	
ライアン	ライアン・ジョンソンですね	Editional	
ジョンソン	ライアン・ジョンソンですね	Editional	
カリフォルニア	ライアン・ジョンソンですね	Editional	
クレイグ	ライアン・ジョンソンですね	Editional	
熊野	熊野石蔵美術館ですね	Editional	
美術館	熊野石蔵美術館ですね	Editional	
田垣内	熊野石蔵美術館ですね	Editional	
友吉	熊野石蔵美術館ですね	Editional	
作品	熊野石蔵美術館ですね	Editional	
山崎	山崎甚五郎ですね	Editional	
工業	山崎甚五郎ですね	Editional	
丸山	山崎甚五郎ですね	Editional	
苛性ソーダ	山崎甚五郎ですね	Editional	
方法	山崎甚五郎ですね	Editional	
高浜	高浜市立南中学校ですね	Editional	
市立	高浜市立南中学校ですね	Editional	
学校	高浜市立南中学校ですね	Editional	
部	高浜市立南中学校ですね	Editional	
愛称	高浜市立南中学校ですね	Editional	
ジョナサン	ジョナサン・チューニックですね	Editional	
ニューヨーク	ジョナサン・チューニックですね	Editional	
月	ジョナサン・チューニックですね	Editional	
アメリカ合衆国	ジョナサン・チューニックですね	Editional	
音楽	ジョナサン・チューニックですね	Editional	
佛	井川定慶ですね	Editional	
教	井川定慶ですね	Editional	
大学	井川定慶ですね	Editional	
教授	井川定慶ですね	Editional	
井川	井川定慶ですね	Editional	
地理	ロベルト・ヘルマン・ショムブルクですね	Editional	
イギリス	ロベルト・ヘルマン・ショムブルクですね	Editional	
ザクセン	ロベルト・ヘルマン・ショムブルクですね	Editional	
ガイアナ	ロベルト・ヘルマン・ショムブルクですね	Editional	
月	ロベルト・ヘルマン・ショムブルクですね	Editional	
狭山ヶ丘	若狭 (所沢市)ですね	Editional	
若狭	若狭 (所沢市)ですね	Editional	
所沢	若狭 (所沢市)ですね	Editional	
三ヶ島	若狭 (所沢市)ですね	Editional	
西武	若狭 (所沢市)ですね	Editional	
板宮	板宮清治ですね	Editional	
歌人	板宮清治ですね	Editional	
歌集	板宮清治ですね	Editional	
清治	板宮清治ですね	Editional	
昭和	板宮清治ですね	Editional	
モニカ	佐原モニカですね	Editional	
佐原	佐原モニカですね	Editional	
モデル	佐原モニカですね	Editional	
月	佐原モニカですね	Editional	
日本	佐原モニカですね	Editional	
チェロ	松下修也ですね	Editional	
月	松下修也ですね	Editional	
日本	松下修也ですね	Editional	
東京	松下修也ですね	Editional	
大学	松下修也ですね	Editional	
九戸	九戸信仲ですね	Editional	
政実	九戸信仲ですね	Editional	
信	九戸信仲ですね	Editional	
仲	九戸信仲ですね	Editional	
長興寺	九戸信仲ですね	Editional	
距離	小林距離ですね	Editional	
小林	小林距離ですね	Editional	
複素	小林距離ですね	Editional	
単位	小林距離ですね	Editional	
構造	小林距離ですね	Editional	
女優	中西美帆ですね	Editional	
映画	中西美帆ですね	Editional	
中西	中西美帆ですね	Editional	
東京	中西美帆ですね	Editional	
学校	中西美帆ですね	Editional	
道	道の駅湧水の郷しおやですね	Editional	
駅	道の駅湧水の郷しおやですね	Editional	
湧	道の駅湧水の郷しおやですね	Editional	
塩谷	道の駅湧水の郷しおやですね	Editional	
郷	道の駅湧水の郷しおやですね	Editional	
大里	大里氏ですね	Editional	
鹿角	大里氏ですね	Editional	
安保	大里氏ですね	Editional	
秋田	大里氏ですね	Editional	
成田	大里氏ですね	Editional	
月	女二宮 (後水尾天皇皇女)ですね	Editional	
寛永	女二宮 (後水尾天皇皇女)ですね	Editional	
女	女二宮 (後水尾天皇皇女)ですね	Editional	
二宮	女二宮 (後水尾天皇皇女)ですね	Editional	
後水尾天皇	女二宮 (後水尾天皇皇女)ですね	Editional	
王	遊☆戯☆王デュエルモンスターズ エキスパート3ですね	Editional	
カード	遊☆戯☆王デュエルモンスターズ エキスパート3ですね	Editional	
エキスパート	遊☆戯☆王デュエルモンスターズ エキスパート3ですね	Editional	
デッキ	遊☆戯☆王デュエルモンスターズ エキスパート3ですね	Editional	
コナミ	遊☆戯☆王デュエルモンスターズ エキスパート3ですね	Editional	
月	長内敬ですね	Editional	
日本	長内敬ですね	Editional	
ロシア	長内敬ですね	Editional	
ラトビア	長内敬ですね	Editional	
大使館	長内敬ですね	Editional	
リクルート	大久保幸夫ですね	Editional	
内閣	大久保幸夫ですね	Editional	
委員	大久保幸夫ですね	Editional	
人材	大久保幸夫ですね	Editional	
日本	大久保幸夫ですね	Editional	
モンゴル	汎モンゴル主義ですね	Editional	
共和	汎モンゴル主義ですね	Editional	
汎	汎モンゴル主義ですね	Editional	
主義	汎モンゴル主義ですね	Editional	
英語	汎モンゴル主義ですね	Editional	
南部	ボニー・ブルー・フラッグですね	Editional	
歌詞	ボニー・ブルー・フラッグですね	Editional	
ボニー	ボニー・ブルー・フラッグですね	Editional	
ブルー	ボニー・ブルー・フラッグですね	Editional	
フラッグ	ボニー・ブルー・フラッグですね	Editional	
インデックス	小川善美ですね	Editional	
取締役	小川善美ですね	Editional	
社長	小川善美ですね	Editional	
月	小川善美ですね	Editional	
東京	小川善美ですね	Editional	
早大	本領信治郎ですね	Editional	
月	本領信治郎ですね	Editional	
本領	本領信治郎ですね	Editional	
信治	本領信治郎ですね	Editional	
郎	本領信治郎ですね	Editional	
白石	白石岬ですね	Editional	
岬	白石岬ですね	Editional	
しら	白石岬ですね	Editional	
みさき	白石岬ですね	Editional	
月	白石岬ですね	Editional	
月	高原幹ですね	Editional	
サッカー	高原幹ですね	Editional	
高原	高原幹ですね	Editional	
幹	高原幹ですね	Editional	
流通経済大学	高原幹ですね	Editional	
那須	那須平成の森ですね	Editional	
平成	那須平成の森ですね	Editional	
森	那須平成の森ですね	Editional	
御用邸	那須平成の森ですね	Editional	
栃木	那須平成の森ですね	Editional	
教授	西山昭彦ですね	Editional	
研究所	西山昭彦ですね	Editional	
委員	西山昭彦ですね	Editional	
大学	西山昭彦ですね	Editional	
大学院	西山昭彦ですね	Editional	
中島	中島三千恒ですね	Editional	
恒	中島三千恒ですね	Editional	
みち	中島三千恒ですね	Editional	
つね	中島三千恒ですね	Editional	
日本	中島三千恒ですね	Editional	
本塁打	ジョン・ジャーハですね	Editional	
打率	ジョン・ジャーハですね	Editional	
月	ジョン・ジャーハですね	Editional	
打点	ジョン・ジャーハですね	Editional	
成績	ジョン・ジャーハですね	Editional	
日本	山本敬ですね	Editional	
世界	山本敬ですね	Editional	
北京	山本敬ですね	Editional	
山本	山本敬ですね	Editional	
上海	山本敬ですね	Editional	
池田	池田利夫ですね	Editional	
利夫	池田利夫ですね	Editional	
月	池田利夫ですね	Editional	
博士	池田利夫ですね	Editional	
文学	池田利夫ですね	Editional	
京都大	渡辺実 (国語学者)ですね	Editional	
教授	渡辺実 (国語学者)ですね	Editional	
国語	渡辺実 (国語学者)ですね	Editional	
渡辺	渡辺実 (国語学者)ですね	Editional	
実	渡辺実 (国語学者)ですね	Editional	
大湯	大湯氏ですね	Editional	
鹿角	大湯氏ですね	Editional	
南部	大湯氏ですね	Editional	
左衛門	大湯氏ですね	Editional	
津軽	大湯氏ですね	Editional	
議員	小林正巳ですね	Editional	
衆議院	小林正巳ですね	Editional	
小林	小林正巳ですね	Editional	
自由民主党	小林正巳ですね	Editional	
新自由クラブ	小林正巳ですね	Editional	
日本	渡辺実 (歴史学者)ですね	Editional	
大学	渡辺実 (歴史学者)ですね	Editional	
渡辺	渡辺実 (歴史学者)ですね	Editional	
実	渡辺実 (歴史学者)ですね	Editional	
学者	渡辺実 (歴史学者)ですね	Editional	
ラジオ	藤原恵子ですね	Editional	
国際	藤原恵子ですね	Editional	
パーソナリティ	藤原恵子ですね	Editional	
オーストラリア	藤原恵子ですね	Editional	
藤原	藤原恵子ですね	Editional	
樫	樫田正剛ですね	Editional	
田	樫田正剛ですね	Editional	
脚本	樫田正剛ですね	Editional	
剛	樫田正剛ですね	Editional	
月	樫田正剛ですね	Editional	
コーエン	ブルース・コーエンですね	Editional	
アカデミー	ブルース・コーエンですね	Editional	
ブルース	ブルース・コーエンですね	Editional	
月	ブルース・コーエンですね	Editional	
作品	ブルース・コーエンですね	Editional	
大道芸	山本光洋ですね	Editional	
山本	山本光洋ですね	Editional	
パントマイム	山本光洋ですね	Editional	
演劇	山本光洋ですね	Editional	
光洋	山本光洋ですね	Editional	
ロバート	ロバート・マーク・ケイメンですね	Editional	
シリーズ	ロバート・マーク・ケイメンですね	Editional	
アメリカ合衆国	ロバート・マーク・ケイメンですね	Editional	
脚本	ロバート・マーク・ケイメンですね	Editional	
映画	ロバート・マーク・ケイメンですね	Editional	
経済	游仲勲ですね	Editional	
日本	游仲勲ですね	Editional	
華僑	游仲勲ですね	Editional	
華人	游仲勲ですね	Editional	
中国	游仲勲ですね	Editional	
連隊	高岡連隊区ですね	Editional	
区域	高岡連隊区ですね	Editional	
陸軍	高岡連隊区ですね	Editional	
富山	高岡連隊区ですね	Editional	
高岡	高岡連隊区ですね	Editional	
少女	江川みさおですね	Editional	
江川	江川みさおですね	Editional	
挿絵	江川みさおですね	Editional	
月	江川みさおですね	Editional	
雑誌	江川みさおですね	Editional	
遠藤	遠藤哲哉ですね	Editional	
哲哉	遠藤哲哉ですね	Editional	
てつ	遠藤哲哉ですね	Editional	
月	遠藤哲哉ですね	Editional	
プロ	遠藤哲哉ですね	Editional	
アイテム	魔法少女まどか☆マギカ オンラインですね	Editional	
まどか	魔法少女まどか☆マギカ オンラインですね	Editional	
オンライン	魔法少女まどか☆マギカ オンラインですね	Editional	
マップ	魔法少女まどか☆マギカ オンラインですね	Editional	
カード	魔法少女まどか☆マギカ オンラインですね	Editional	
梶	微笑 (横光利一の小説)ですね	Editional	
横光	微笑 (横光利一の小説)ですね	Editional	
青年	微笑 (横光利一の小説)ですね	Editional	
数学	微笑 (横光利一の小説)ですね	Editional	
高田	微笑 (横光利一の小説)ですね	Editional	
小川	小川涼ですね	Editional	
涼	小川涼ですね	Editional	
りょう	小川涼ですね	Editional	
月	小川涼ですね	Editional	
日本	小川涼ですね	Editional	
中井	中井知鶴ですね	Editional	
知	中井知鶴ですね	Editional	
鶴	中井知鶴ですね	Editional	
なか	中井知鶴ですね	Editional	
月	中井知鶴ですね	Editional	
機器	大友文夫ですね	Editional	
光	大友文夫ですね	Editional	
方式	大友文夫ですね	Editional	
大友	大友文夫ですね	Editional	
トプコン	大友文夫ですね	Editional	
地震	芦谷公稔ですね	Editional	
早期	芦谷公稔ですね	Editional	
方法	芦谷公稔ですね	Editional	
システム	芦谷公稔ですね	Editional	
芦谷	芦谷公稔ですね	Editional	
パートナー	アンナ・ナゴルニュクですね	Editional	
アンナ	アンナ・ナゴルニュクですね	Editional	
月	アンナ・ナゴルニュクですね	Editional	
ロシア	アンナ・ナゴルニュクですね	Editional	
出身	アンナ・ナゴルニュクですね	Editional	
北	北影雄幸ですね	Editional	
影	北影雄幸ですね	Editional	
雄幸	北影雄幸ですね	Editional	
日本	北影雄幸ですね	Editional	
文芸	北影雄幸ですね	Editional	
明治	伊東重ですね	Editional	
伊東	伊東重ですね	Editional	
月	伊東重ですね	Editional	
大学	伊東重ですね	Editional	
弘前	伊東重ですね	Editional	
ローマ	アントニオ・ロッツィですね	Editional	
月	アントニオ・ロッツィですね	Editional	
サッカー	アントニオ・ロッツィですね	Editional	
シーズン	アントニオ・ロッツィですね	Editional	
期限	アントニオ・ロッツィですね	Editional	
岩崎	岩崎孝子ですね	Editional	
ゴルフ	岩崎孝子ですね	Editional	
孝子	岩崎孝子ですね	Editional	
小弥太	岩崎孝子ですね	Editional	
明治	岩崎孝子ですね	Editional	
月	いとうせいこう GREEN FESTAですね	Editional	
いとう	いとうせいこう GREEN FESTAですね	Editional	
せいこう	いとうせいこう GREEN FESTAですね	Editional	
番組	いとうせいこう GREEN FESTAですね	Editional	
環境	いとうせいこう GREEN FESTAですね	Editional	
鉄平	林家鉄平ですね	Editional	
三平	林家鉄平ですね	Editional	
林家	林家鉄平ですね	Editional	
出身	林家鉄平ですね	Editional	
落語	林家鉄平ですね	Editional	
岩倉	岩倉久子ですね	Editional	
久子	岩倉久子ですね	Editional	
月	岩倉久子ですね	Editional	
具定	岩倉久子ですね	Editional	
愛国	岩倉久子ですね	Editional	
成瀬	成瀬心美のもうすぐオトナ時間ですね	Editional	
せこ	成瀬心美のもうすぐオトナ時間ですね	Editional	
ラジオ	成瀬心美のもうすぐオトナ時間ですね	Editional	
かすみ	成瀬心美のもうすぐオトナ時間ですね	Editional	
りさ	成瀬心美のもうすぐオトナ時間ですね	Editional	
五十嵐	五十嵐播水ですね	Editional	
神戸	五十嵐播水ですね	Editional	
兵庫	五十嵐播水ですね	Editional	
内科	五十嵐播水ですね	Editional	
同人	五十嵐播水ですね	Editional	
伊達	伊達中継局ですね	Editional	
だて	伊達中継局ですね	Editional	
北海道	伊達中継局ですね	Editional	
室蘭	伊達中継局ですね	Editional	
まち	伊達中継局ですね	Editional	
酒井	酒井直隆ですね	Editional	
藩主	酒井直隆ですね	Editional	
直隆	酒井直隆ですね	Editional	
忠	酒井直隆ですね	Editional	
家督	酒井直隆ですね	Editional	
高橋	高橋久二ですね	Editional	
久二	高橋久二ですね	Editional	
月	高橋久二ですね	Editional	
品川	高橋久二ですね	Editional	
公立	高橋久二ですね	Editional	
大学	寧波大学ですね	Editional	
寧	寧波大学ですね	Editional	
波	寧波大学ですね	Editional	
学位	寧波大学ですね	Editional	
浙江	寧波大学ですね	Editional	
山口	山口市立湯田小学校ですね	Editional	
小学校	山口市立湯田小学校ですね	Editional	
市立	山口市立湯田小学校ですね	Editional	
湯田	山口市立湯田小学校ですね	Editional	
りつ	山口市立湯田小学校ですね	Editional	
ハロ	ハロカバ 新垣里沙ですね	Editional	
カバ	ハロカバ 新垣里沙ですね	Editional	
新垣	ハロカバ 新垣里沙ですね	Editional	
里沙	ハロカバ 新垣里沙ですね	Editional	
月	ハロカバ 新垣里沙ですね	Editional	
月	矢作・佐倉のちょっとお時間よろしいですかですね	Editional	
矢作	矢作・佐倉のちょっとお時間よろしいですかですね	Editional	
佐倉	矢作・佐倉のちょっとお時間よろしいですかですね	Editional	
さくら	矢作・佐倉のちょっとお時間よろしいですかですね	Editional	
文化放送	矢作・佐倉のちょっとお時間よろしいですかですね	Editional	
深谷	深谷市立南中学校ですね	Editional	
市立	深谷市立南中学校ですね	Editional	
学校	深谷市立南中学校ですね	Editional	
中学校	深谷市立南中学校ですね	Editional	
生徒	深谷市立南中学校ですね	Editional	
廣田	廣田理太郎ですね	Editional	
日本	廣田理太郎ですね	Editional	
計算尺	廣田理太郎ですね	Editional	
機械	廣田理太郎ですね	Editional	
技術	廣田理太郎ですね	Editional	
ベルギー	ブルーノ・アルバートですね	Editional	
ガン	ブルーノ・アルバートですね	Editional	
ブルー	ブルーノ・アルバートですね	Editional	
課程	ブルーノ・アルバートですね	Editional	
生まれ	ブルーノ・アルバートですね	Editional	
史	史絵 (曖昧さ回避)ですね	Editional	
絵	史絵 (曖昧さ回避)ですね	Editional	
ふみえ	史絵 (曖昧さ回避)ですね	Editional	
月	菅野力夫ですね	Editional	
菅野	菅野力夫ですね	Editional	
写真	菅野力夫ですね	Editional	
絵葉書	菅野力夫ですね	Editional	
上海	菅野力夫ですね	Editional	
名越	名越三昌ですね	Editional	
昌	名越三昌ですね	Editional	
浄	名越三昌ですね	Editional	
時代	名越三昌ですね	Editional	
江戸	名越三昌ですね	Editional	
国久	国久ですね	Editional	
くに	国久ですね	Editional	
ひさ	国久ですね	Editional	
馬車	辻馬車ですね	Editional	
辻	辻馬車ですね	Editional	
客	辻馬車ですね	Editional	
タクシー	辻馬車ですね	Editional	
前身	辻馬車ですね	Editional	
岐阜	黒田淑子ですね	Editional	
女子	黒田淑子ですね	Editional	
黒田	黒田淑子ですね	Editional	
淑子	黒田淑子ですね	Editional	
短歌	黒田淑子ですね	Editional	
レコード	メランコリー (梓みちよの曲)ですね	Editional	
紅白	メランコリー (梓みちよの曲)ですね	Editional	
梓	メランコリー (梓みちよの曲)ですね	Editional	
みちよ	メランコリー (梓みちよの曲)ですね	Editional	
メランコリー	メランコリー (梓みちよの曲)ですね	Editional	
月	トニー・シングラーニですね	Editional	
投手	トニー・シングラーニですね	Editional	
メジャー	トニー・シングラーニですね	Editional	
能力	トニー・シングラーニですね	Editional	
プロ	トニー・シングラーニですね	Editional	
音響	出雲範子ですね	Editional	
出雲	出雲範子ですね	Editional	
範子	出雲範子ですね	Editional	
効果	出雲範子ですね	Editional	
作品	出雲範子ですね	Editional	
拓郎	落陽 (吉田拓郎の曲)ですね	Editional	
落陽	落陽 (吉田拓郎の曲)ですね	Editional	
曲	落陽 (吉田拓郎の曲)ですね	Editional	
コンサート	落陽 (吉田拓郎の曲)ですね	Editional	
吉田	落陽 (吉田拓郎の曲)ですね	Editional	
月	マーサ、あるいはマーシー・メイですね	Editional	
マーサ	マーサ、あるいはマーシー・メイですね	Editional	
映画	マーサ、あるいはマーシー・メイですね	Editional	
エリザベス	マーサ、あるいはマーシー・メイですね	Editional	
アメリカ合衆国	マーサ、あるいはマーシー・メイですね	Editional	
月	ダニー・ダフィーですね	Editional	
左	ダニー・ダフィーですね	Editional	
シーズン	ダニー・ダフィーですね	Editional	
ローテーション	ダニー・ダフィーですね	Editional	
チーム	ダニー・ダフィーですね	Editional	
平田	平田剛士ですね	Editional	
剛士	平田剛士ですね	Editional	
ルポ	平田剛士ですね	Editional	
ライター	平田剛士ですね	Editional	
広島	平田剛士ですね	Editional	
ジョニー	ジョニー・デスティニーですね	Editional	
銀行	ジョニー・デスティニーですね	Editional	
ジュリアン	ジョニー・デスティニーですね	Editional	
町	ジョニー・デスティニーですね	Editional	
原題	ジョニー・デスティニーですね	Editional	
アーティスト	ミゲル・サ・ペソアですね	Editional	
ボストン	ミゲル・サ・ペソアですね	Editional	
金山	金山鉄路ですね	Editional	
鉄路	金山鉄路ですね	Editional	
中国	金山鉄路ですね	Editional	
国鉄	金山鉄路ですね	Editional	
きん	金山鉄路ですね	Editional	
祐之	原口祐之ですね	Editional	
三島	原口祐之ですね	Editional	
明治	原口祐之ですね	Editional	
通庸	原口祐之ですね	Editional	
月	原口祐之ですね	Editional	
井	師井優衣ですね	Editional	
優衣	師井優衣ですね	Editional	
アイドル	師井優衣ですね	Editional	
師	師井優衣ですね	Editional	
月	師井優衣ですね	Editional	
寺	明福寺ですね	Editional	
明	明福寺ですね	Editional	
福	明福寺ですね	Editional	
菰野	明福寺ですね	Editional	
伊勢	明福寺ですね	Editional	
西本	西本明日香ですね	Editional	
明日香	西本明日香ですね	Editional	
芸能	西本明日香ですね	Editional	
事務所	西本明日香ですね	Editional	
にし	西本明日香ですね	Editional	
番組	さだまさしの引き出しのすみっこですね	Editional	
さだ	さだまさしの引き出しのすみっこですね	Editional	
まさし	さだまさしの引き出しのすみっこですね	Editional	
月	さだまさしの引き出しのすみっこですね	Editional	
昭和	さだまさしの引き出しのすみっこですね	Editional	
ゲーム	一之瀬剛ですね	Editional	
フリーク	一之瀬剛ですね	Editional	
サウンド	一之瀬剛ですね	Editional	
音楽	一之瀬剛ですね	Editional	
競馬	一之瀬剛ですね	Editional	
真辺	真辺正心ですね	Editional	
土佐	真辺正心ですね	Editional	
京都	真辺正心ですね	Editional	
福岡	真辺正心ですね	Editional	
高知	真辺正心ですね	Editional	
酒井	酒井重喬ですね	Editional	
喬	酒井重喬ですね	Editional	
家老	酒井重喬ですね	Editional	
藩主	酒井重喬ですね	Editional	
盈	酒井重喬ですね	Editional	
大久保	大久保偵次ですね	Editional	
昭和	大久保偵次ですね	Editional	
関場	大久保偵次ですね	Editional	
北海道	大久保偵次ですね	Editional	
明治	大久保偵次ですね	Editional	
栗原	栗原弘行ですね	Editional	
弘行	栗原弘行ですね	Editional	
尖閣諸島	栗原弘行ですね	Editional	
大宮	栗原弘行ですね	Editional	
月	栗原弘行ですね	Editional	
月	中島翔哉ですね	Editional	
チーム	中島翔哉ですね	Editional	
中島	中島翔哉ですね	Editional	
東京	中島翔哉ですね	Editional	
リーグ	中島翔哉ですね	Editional	
柏木	柏木由紀のYUKIRIN TIMEですね	Editional	
番組	柏木由紀のYUKIRIN TIMEですね	Editional	
由紀	柏木由紀のYUKIRIN TIMEですね	Editional	
グループ	柏木由紀のYUKIRIN TIMEですね	Editional	
楽曲	柏木由紀のYUKIRIN TIMEですね	Editional	
スト	フレデリック・ウィリアム・ストレンジですね	Editional	
レンジ	フレデリック・ウィリアム・ストレンジですね	Editional	
日本	フレデリック・ウィリアム・ストレンジですね	Editional	
スポーツ	フレデリック・ウィリアム・ストレンジですね	Editional	
学校	フレデリック・ウィリアム・ストレンジですね	Editional	
連隊	豊原連隊区ですね	Editional	
管区	豊原連隊区ですね	Editional	
月	豊原連隊区ですね	Editional	
豊原	豊原連隊区ですね	Editional	
旭川	豊原連隊区ですね	Editional	
水野	水野泰輔ですね	Editional	
泰	水野泰輔ですね	Editional	
月	水野泰輔ですね	Editional	
サッカー	水野泰輔ですね	Editional	
選手	水野泰輔ですね	Editional	
北村	北村大造ですね	Editional	
大造	北村大造ですね	Editional	
むら	北村大造ですね	Editional	
だい	北村大造ですね	Editional	
ぞう	北村大造ですね	Editional	
萩原	萩原守道ですね	Editional	
月	萩原守道ですね	Editional	
小笠原	萩原守道ですね	Editional	
守道	萩原守道ですね	Editional	
江戸	萩原守道ですね	Editional	
月	石川垣守ですね	Editional	
宝亀	石川垣守ですね	Editional	
石川	石川垣守ですね	Editional	
宮内卿	石川垣守ですね	Editional	
天平	石川垣守ですね	Editional	
トムソン	G.トムソンですね	Editional	
論文	G.トムソンですね	Editional	
構造	G.トムソンですね	Editional	
ウィリアム	G.トムソンですね	Editional	
硝酸	G.トムソンですね	Editional	
鉄道	生方良雄ですね	Editional	
運輸	生方良雄ですね	Editional	
車両	生方良雄ですね	Editional	
部長	生方良雄ですね	Editional	
山本	生方良雄ですね	Editional	
ドイツ	カール＝オットー・アルベルティですね	Editional	
映画	カール＝オットー・アルベルティですね	Editional	
カール	カール＝オットー・アルベルティですね	Editional	
月	カール＝オットー・アルベルティですね	Editional	
俳優	カール＝オットー・アルベルティですね	Editional	
脚本	安達奈緒子ですね	Editional	
月	安達奈緒子ですね	Editional	
日本	安達奈緒子ですね	Editional	
ドラマ	安達奈緒子ですね	Editional	
安達	安達奈緒子ですね	Editional	
植物	カール・フェルスターですね	Editional	
庭	カール・フェルスターですね	Editional	
ドイツ	カール・フェルスターですね	Editional	
庭園	カール・フェルスターですね	Editional	
カール	カール・フェルスターですね	Editional	
柴内	柴内氏ですね	Editional	
郡	柴内氏ですね	Editional	
左衛門	柴内氏ですね	Editional	
佐	柴内氏ですね	Editional	
親	柴内氏ですね	Editional	
花輪	円子氏ですね	Editional	
円子	円子氏ですね	Editional	
親	円子氏ですね	Editional	
晴	円子氏ですね	Editional	
政	円子氏ですね	Editional	
花輪	花輪氏ですね	Editional	
はな	花輪氏ですね	Editional	
わし	花輪氏ですね	Editional	
日本	花輪氏ですね	Editional	
氏族	花輪氏ですね	Editional	
オペル	オペル・アダムですね	Editional	
アダム	オペル・アダムですね	Editional	
ブランド	オペル・アダムですね	Editional	
ガソリン	オペル・アダムですね	Editional	
欧州	オペル・アダムですね	Editional	
教授	高橋文博ですね	Editional	
倫理	高橋文博ですね	Editional	
大学	高橋文博ですね	Editional	
岡山大学	高橋文博ですね	Editional	
課程	高橋文博ですね	Editional	
小沢	小沢城 (播磨国)ですね	Editional	
城	小沢城 (播磨国)ですね	Editional	
播磨	小沢城 (播磨国)ですね	Editional	
兵庫	小沢城 (播磨国)ですね	Editional	
加東	小沢城 (播磨国)ですね	Editional	
ハイファ	藤田左弌郎ですね	Editional	
庭園	藤田左弌郎ですね	Editional	
藤田	藤田左弌郎ですね	Editional	
左	藤田左弌郎ですね	Editional	
教徒	藤田左弌郎ですね	Editional	
アニメ	アニ充ですね	Editional	
充	アニ充ですね	Editional	
月	アニ充ですね	Editional	
番組	アニ充ですね	Editional	
情報	アニ充ですね	Editional	
詩	井川博年ですね	Editional	
丸山	井川博年ですね	Editional	
現代	井川博年ですね	Editional	
井川	井川博年ですね	Editional	
博	井川博年ですね	Editional	
月	アラン＝フルニエですね	Editional	
小説	アラン＝フルニエですね	Editional	
学校	アラン＝フルニエですね	Editional	
英語	アラン＝フルニエですね	Editional	
フランス	アラン＝フルニエですね	Editional	
東京	木原孝一ですね	Editional	
木原	木原孝一ですね	Editional	
孝一	木原孝一ですね	Editional	
月	木原孝一ですね	Editional	
工業	木原孝一ですね	Editional	
野	野國總管ですね	Editional	
管	野國總管ですね	Editional	
總	野國總管ですね	Editional	
國	野國總管ですね	Editional	
蕃	野國總管ですね	Editional	
勝	荻田勝定ですね	Editional	
繁	荻田勝定ですね	Editional	
荻田	荻田勝定ですね	Editional	
定	荻田勝定ですね	Editional	
長	荻田勝定ですね	Editional	
岡泉	岡泉ですね	Editional	
かい	岡泉ですね	Editional	
白岡	岡泉ですね	Editional	
大字	岡泉ですね	Editional	
郵便	岡泉ですね	Editional	
彦兵衛	彦兵衛ですね	Editional	
白岡	彦兵衛ですね	Editional	
郵便	彦兵衛ですね	Editional	
通り	彦兵衛ですね	Editional	
埼玉	彦兵衛ですね	Editional	
酒井	酒井了知ですね	Editional	
安永	酒井了知ですね	Editional	
寛政	酒井了知ですね	Editional	
出羽	酒井了知ですね	Editional	
庄内	酒井了知ですね	Editional	
繁	荻田本繁ですね	Editional	
本	荻田本繁ですね	Editional	
矩	荻田本繁ですね	Editional	
光長	荻田本繁ですね	Editional	
長良	荻田本繁ですね	Editional	
南波	MUSIC (南波志帆の曲)ですね	Editional	
志帆	MUSIC (南波志帆の曲)ですね	Editional	
曲	MUSIC (南波志帆の曲)ですね	Editional	
ミュージック	MUSIC (南波志帆の曲)ですね	Editional	
月	MUSIC (南波志帆の曲)ですね	Editional	
越来	越来賢雄ですね	Editional	
賢雄	越来賢雄ですね	Editional	
大城	越来賢雄ですね	Editional	
沖縄	越来賢雄ですね	Editional	
弟	越来賢雄ですね	Editional	
レース	清水勇希ですね	Editional	
現地	清水勇希ですね	Editional	
チーム	清水勇希ですね	Editional	
清水	清水勇希ですね	Editional	
静岡	清水勇希ですね	Editional	
ウルトラマン	岩田栄慶ですね	Editional	
アクション	岩田栄慶ですね	Editional	
映画	岩田栄慶ですね	Editional	
ヒーロー	岩田栄慶ですね	Editional	
ショー	岩田栄慶ですね	Editional	
番組	ザキロバ!アシュラのススメですね	Editional	
月	ザキロバ!アシュラのススメですね	Editional	
ザキ	ザキロバ!アシュラのススメですね	Editional	
ロバ	ザキロバ!アシュラのススメですね	Editional	
ロケ	ザキロバ!アシュラのススメですね	Editional	
鹿角	毛馬内町ですね	Editional	
町	毛馬内町ですね	Editional	
毛	毛馬内町ですね	Editional	
馬内	毛馬内町ですね	Editional	
毛馬	毛馬内町ですね	Editional	
弓枝	秋元弓枝ですね	Editional	
秋元	秋元弓枝ですね	Editional	
ゆみ	秋元弓枝ですね	Editional	
あきもと	秋元弓枝ですね	Editional	
月	秋元弓枝ですね	Editional	
酒井	酒井重頼ですね	Editional	
重頼	酒井重頼ですね	Editional	
藩主	酒井重頼ですね	Editional	
庄内	酒井重頼ですね	Editional	
組頭	酒井重頼ですね	Editional	
ワルシャワ	ワルシャワ・ショパン空港駅ですね	Editional	
空港	ワルシャワ・ショパン空港駅ですね	Editional	
ショパン	ワルシャワ・ショパン空港駅ですね	Editional	
駅	ワルシャワ・ショパン空港駅ですね	Editional	
ポーランド	ワルシャワ・ショパン空港駅ですね	Editional	
郡	ジェファーソン郡 (ウィスコンシン州)ですね	Editional	
ジェファーソン	ジェファーソン郡 (ウィスコンシン州)ですね	Editional	
人口	ジェファーソン郡 (ウィスコンシン州)ですね	Editional	
委員	ジェファーソン郡 (ウィスコンシン州)ですね	Editional	
国勢調査	ジェファーソン郡 (ウィスコンシン州)ですね	Editional	
音楽	ミケランジェロ・ロッシですね	Editional	
鍵盤	ミケランジェロ・ロッシですね	Editional	
楽曲	ミケランジェロ・ロッシですね	Editional	
オペラ	ミケランジェロ・ロッシですね	Editional	
イタリア	ミケランジェロ・ロッシですね	Editional	
文化	富沢寿勇ですね	Editional	
学部	富沢寿勇ですね	Editional	
人類	富沢寿勇ですね	Editional	
静岡県立大学	富沢寿勇ですね	Editional	
国際	富沢寿勇ですね	Editional	
哲学	ピエール・ベールですね	Editional	
ベール	ピエール・ベールですね	Editional	
神学	ピエール・ベールですね	Editional	
歴史	ピエール・ベールですね	Editional	
宗教	ピエール・ベールですね	Editional	
漫画	坂本次郎ですね	Editional	
坂本	坂本次郎ですね	Editional	
次郎	坂本次郎ですね	Editional	
ろう	坂本次郎ですね	Editional	
日本	坂本次郎ですね	Editional	
月	島村雅事ですね	Editional	
土佐	島村雅事ですね	Editional	
雅	島村雅事ですね	Editional	
瑞	島村雅事ですね	Editional	
高知	島村雅事ですね	Editional	
花輪	閉伊花輪氏ですね	Editional	
閉伊	閉伊花輪氏ですね	Editional	
一朝	閉伊花輪氏ですね	Editional	
わし	閉伊花輪氏ですね	Editional	
日本	閉伊花輪氏ですね	Editional	
プロレス	伊集院浩ですね	Editional	
ラグビー	伊集院浩ですね	Editional	
日本	伊集院浩ですね	Editional	
会長	伊集院浩ですね	Editional	
月	伊集院浩ですね	Editional	
上杉	上杉謙信女性説ですね	Editional	
謙信	上杉謙信女性説ですね	Editional	
女性	上杉謙信女性説ですね	Editional	
叔母	上杉謙信女性説ですね	Editional	
小説	上杉謙信女性説ですね	Editional	
センター	ジョン・サリバン (オフェンシブラインマン)ですね	Editional	
月	ジョン・サリバン (オフェンシブラインマン)ですね	Editional	
ニューヨーク	ジョン・サリバン (オフェンシブラインマン)ですね	Editional	
選手	ジョン・サリバン (オフェンシブラインマン)ですね	Editional	
大学	ジョン・サリバン (オフェンシブラインマン)ですね	Editional	
ルミ	ルミナス (曲)ですね	Editional	
ナス	ルミナス (曲)ですね	Editional	
まどか	ルミナス (曲)ですね	Editional	
物語	ルミナス (曲)ですね	Editional	
初回	ルミナス (曲)ですね	Editional	
クロ	クロニック・ラヴですね	Editional	
ニック	クロニック・ラヴですね	Editional	
ラヴ	クロニック・ラヴですね	Editional	
中谷	クロニック・ラヴですね	Editional	
美紀	クロニック・ラヴですね	Editional	
女子	村上恭和ですね	Editional	
オリンピック	村上恭和ですね	Editional	
団体	村上恭和ですね	Editional	
日本	村上恭和ですね	Editional	
銀メダル	村上恭和ですね	Editional	
選手権	河原月夫ですね	Editional	
柔道	河原月夫ですね	Editional	
全日本	河原月夫ですね	Editional	
月	河原月夫ですね	Editional	
日本	河原月夫ですね	Editional	
鈴木	鈴木正雄 (角海老)ですね	Editional	
東京	鈴木正雄 (角海老)ですね	Editional	
海老	鈴木正雄 (角海老)ですね	Editional	
ジム	鈴木正雄 (角海老)ですね	Editional	
学校	鈴木正雄 (角海老)ですね	Editional	
鹿角	鹿角四頭ですね	Editional	
成田	鹿角四頭ですね	Editional	
南部	鹿角四頭ですね	Editional	
郷	鹿角四頭ですね	Editional	
鎌倉	鹿角四頭ですね	Editional	
韓国	花凛ですね	Editional	
花	花凛ですね	Editional	
凛	花凛ですね	Editional	
アルバム	花凛ですね	Editional	
オリジナル	花凛ですね	Editional	
公	アドルフ・ファン・エフモントですね	Editional	
間	アドルフ・ファン・エフモントですね	Editional	
父	アドルフ・ファン・エフモントですね	Editional	
アドルフ	アドルフ・ファン・エフモントですね	Editional	
月	アドルフ・ファン・エフモントですね	Editional	
王	王慈ですね	Editional	
将軍	王慈ですね	Editional	
斉	王慈ですね	Editional	
司	王慈ですね	Editional	
冠	王慈ですね	Editional	
藤原	藤原貞則ですね	Editional	
貞	藤原貞則ですね	Editional	
民	藤原貞則ですね	Editional	
丹波	藤原貞則ですね	Editional	
則	藤原貞則ですね	Editional	
流星	流星 (吉田拓郎の曲)ですね	Editional	
吉田	流星 (吉田拓郎の曲)ですね	Editional	
拓郎	流星 (吉田拓郎の曲)ですね	Editional	
バージョン	流星 (吉田拓郎の曲)ですね	Editional	
曲	流星 (吉田拓郎の曲)ですね	Editional	
関	関えり香ですね	Editional	
えり	関えり香ですね	Editional	
香	関えり香ですね	Editional	
福井	関えり香ですね	Editional	
武生	関えり香ですね	Editional	
花輪	鹿角花輪氏ですね	Editional	
鹿角	鹿角花輪氏ですね	Editional	
信	鹿角花輪氏ですね	Editional	
郡	鹿角花輪氏ですね	Editional	
安東	鹿角花輪氏ですね	Editional	
月	アフマド・ヴァヒーディーですね	Editional	
イラン	アフマド・ヴァヒーディーですね	Editional	
国防	アフマド・ヴァヒーディーですね	Editional	
軍需	アフマド・ヴァヒーディーですね	Editional	
政府	アフマド・ヴァヒーディーですね	Editional	
阿部	阿部規秀ですね	Editional	
月	阿部規秀ですね	Editional	
中将	阿部規秀ですね	Editional	
陸軍	阿部規秀ですね	Editional	
旅団	阿部規秀ですね	Editional	
月	小野塚勇人ですね	Editional	
劇団	小野塚勇人ですね	Editional	
小野塚	小野塚勇人ですね	Editional	
勇人	小野塚勇人ですね	Editional	
船橋	小野塚勇人ですね	Editional	
公	カトリーヌ・ド・ブルボン (1440-1469)ですね	Editional	
アドルフ	カトリーヌ・ド・ブルボン (1440-1469)ですね	Editional	
ブルボン	カトリーヌ・ド・ブルボン (1440-1469)ですね	Editional	
妻	カトリーヌ・ド・ブルボン (1440-1469)ですね	Editional	
カトリーヌ	カトリーヌ・ド・ブルボン (1440-1469)ですね	Editional	
桜美林大学	勝呂奏ですね	Editional	
教授	勝呂奏ですね	Editional	
日本	勝呂奏ですね	Editional	
文学	勝呂奏ですね	Editional	
勝呂	勝呂奏ですね	Editional	
藤井	Order Made (藤井フミヤのアルバム)ですね	Editional	
フミヤ	Order Made (藤井フミヤのアルバム)ですね	Editional	
アルバム	Order Made (藤井フミヤのアルバム)ですね	Editional	
メイド	Order Made (藤井フミヤのアルバム)ですね	Editional	
日本	Order Made (藤井フミヤのアルバム)ですね	Editional	
月	前田金五郎ですね	Editional	
教授	前田金五郎ですね	Editional	
前田	前田金五郎ですね	Editional	
金五郎	前田金五郎ですね	Editional	
専修大学	前田金五郎ですね	Editional	
かれん	宮内かれんですね	Editional	
宮内	宮内かれんですね	Editional	
静岡	宮内かれんですね	Editional	
みや	宮内かれんですね	Editional	
月	宮内かれんですね	Editional	
教授	森田武ですね	Editional	
広島	森田武ですね	Editional	
森田	森田武ですね	Editional	
武	森田武ですね	Editional	
広島大学	森田武ですね	Editional	
月	宗澄女王ですね	Editional	
女王	宗澄女王ですね	Editional	
宗	宗澄女王ですね	Editional	
澄	宗澄女王ですね	Editional	
霊鑑寺	宗澄女王ですね	Editional	
カトリーヌ	カトリーヌ・ド・ブルボンですね	Editional	
ド	カトリーヌ・ド・ブルボンですね	Editional	
ブルボン	カトリーヌ・ド・ブルボンですね	Editional	
矢澤	矢澤高太郎ですね	Editional	
高太郎	矢澤高太郎ですね	Editional	
歴史	矢澤高太郎ですね	Editional	
読売新聞	矢澤高太郎ですね	Editional	
記者	矢澤高太郎ですね	Editional	
場所	天風浩一ですね	Editional	
月	天風浩一ですね	Editional	
幕下	天風浩一ですね	Editional	
相撲	天風浩一ですね	Editional	
尾車	天風浩一ですね	Editional	
月	持明院基子ですね	Editional	
慶長	持明院基子ですね	Editional	
典侍	持明院基子ですね	Editional	
寛永	持明院基子ですね	Editional	
同地	持明院基子ですね	Editional	
場所	貴麻衣實治ですね	Editional	
月	貴麻衣實治ですね	Editional	
相撲	貴麻衣實治ですね	Editional	
貴乃花	貴麻衣實治ですね	Editional	
幕下	貴麻衣實治ですね	Editional	
根本	根本莞爾ですね	Editional	
植物	根本莞爾ですね	Editional	
月	根本莞爾ですね	Editional	
日本	根本莞爾ですね	Editional	
師範	根本莞爾ですね	Editional	
九州工業大学	嘉村平八ですね	Editional	
月	嘉村平八ですね	Editional	
明治	嘉村平八ですね	Editional	
嘉村	嘉村平八ですね	Editional	
学長	嘉村平八ですね	Editional	
音楽	やまだ豊ですね	Editional	
やまだ	やまだ豊ですね	Editional	
豊	やまだ豊ですね	Editional	
東京	やまだ豊ですね	Editional	
映画	やまだ豊ですね	Editional	
公共	西田亮介ですね	Editional	
政策	西田亮介ですね	Editional	
西田	西田亮介ですね	Editional	
亮介	西田亮介ですね	Editional	
社会	西田亮介ですね	Editional	
難波	難波宗勝ですね	Editional	
慶長	難波宗勝ですね	Editional	
飛鳥井	難波宗勝ですね	Editional	
宗勝	難波宗勝ですね	Editional	
雅	難波宗勝ですね	Editional	
神社	若宮神社 (美里町)ですね	Editional	
若宮	若宮神社 (美里町)ですね	Editional	
美里	若宮神社 (美里町)ですね	Editional	
下益城	若宮神社 (美里町)ですね	Editional	
郷社	若宮神社 (美里町)ですね	Editional	
島津	島津隼彦ですね	Editional	
月	島津隼彦ですね	Editional	
隼	島津隼彦ですね	Editional	
明治	島津隼彦ですね	Editional	
忠	島津隼彦ですね	Editional	
島津	島津登ですね	Editional	
登	島津登ですね	Editional	
家老	島津登ですね	Editional	
しま	島津登ですね	Editional	
のぼる	島津登ですね	Editional	
島津	島津忠弘ですね	Editional	
忠弘	島津忠弘ですね	Editional	
月	島津忠弘ですね	Editional	
男爵	島津忠弘ですね	Editional	
明治	島津忠弘ですね	Editional	
島津	島津長丸ですね	Editional	
月	島津長丸ですね	Editional	
明治	島津長丸ですね	Editional	
鹿児島	島津長丸ですね	Editional	
生まれ	島津長丸ですね	Editional	
力丸	力丸佳大ですね	Editional	
佳	力丸佳大ですね	Editional	
りき	力丸佳大ですね	Editional	
けい	力丸佳大ですね	Editional	
日本	力丸佳大ですね	Editional	
月	田部芳ですね	Editional	
明治	田部芳ですね	Editional	
大学	田部芳ですね	Editional	
判事	田部芳ですね	Editional	
東京	田部芳ですね	Editional	
秋田	幹本ヤエですね	Editional	
書店	幹本ヤエですね	Editional	
ヤエ	幹本ヤエですね	Editional	
幹	幹本ヤエですね	Editional	
本	幹本ヤエですね	Editional	
福島	福島龍成ですね	Editional	
龍	福島龍成ですね	Editional	
成	福島龍成ですね	Editional	
ふく	福島龍成ですね	Editional	
しま	福島龍成ですね	Editional	
豊崎	豊崎 (大阪市)ですね	Editional	
大阪	豊崎 (大阪市)ですね	Editional	
さき	豊崎 (大阪市)ですね	Editional	
北	豊崎 (大阪市)ですね	Editional	
町名	豊崎 (大阪市)ですね	Editional	
広瀬	広瀬団地ですね	Editional	
団地	広瀬団地ですね	Editional	
前橋	広瀬団地ですね	Editional	
ひろ	広瀬団地ですね	Editional	
群馬	広瀬団地ですね	Editional	
乾	乾正春ですね	Editional	
正	乾正春ですね	Editional	
春	乾正春ですね	Editional	
月	乾正春ですね	Editional	
生年	乾正春ですね	Editional	
月	村田千弥ですね	Editional	
番組	村田千弥ですね	Editional	
テレビ	村田千弥ですね	Editional	
中京	村田千弥ですね	Editional	
村田	村田千弥ですね	Editional	
三木	本町 (三木市)ですね	Editional	
本町	本町 (三木市)ですね	Editional	
大字	本町 (三木市)ですね	Editional	
上	本町 (三木市)ですね	Editional	
商店	本町 (三木市)ですね	Editional	
日本	丸谷マナブですね	Editional	
楽曲	丸谷マナブですね	Editional	
レコード	丸谷マナブですね	Editional	
大賞	丸谷マナブですね	Editional	
紅白	丸谷マナブですね	Editional	
柏	柏村信雄ですね	Editional	
安保	柏村信雄ですね	Editional	
警察	柏村信雄ですね	Editional	
岸	柏村信雄ですね	Editional	
長官	柏村信雄ですね	Editional	
青山	青山愛ですね	Editional	
愛	青山愛ですね	Editional	
